c mkcnf random cnf with seed 217757, max clause length 3
c FORCED SATISFIABLE
c 
p cnf 40  172
9  -7  4  0
-1  -16  -23  0
-11  -23  33  0
-8  -7  5  0
-6  4  -32  0
-2  -22  34  0
28  -13  -15  0
-5  -34  -15  0
-26  32  -28  0
-18  -7  38  0
9  28  -32  0
39  -4  -32  0
5  22  13  0
-18  35  -36  0
-21  -34  -10  0
-15  33  29  0
32  -28  -12  0
-28  36  -21  0
4  -32  11  0
-23  14  34  0
37  -17  -30  0
3  14  8  0
39  20  27  0
-8  -15  -4  0
16  10  -14  0
14  11  34  0
22  -10  -1  0
4  -10  -40  0
-7  25  -17  0
-34  31  14  0
-19  -6  -21  0
-38  25  -24  0
18  -22  -20  0
-8  35  -34  0
6  9  -5  0
-34  12  -19  0
32  -28  -8  0
10  -5  15  0
28  -10  -13  0
38  2  19  0
38  34  -21  0
-39  -21  26  0
6  -25  -33  0
40  13  -39  0
30  22  -37  0
12  37  31  0
38  4  -5  0
10  -2  -9  0
7  -20  19  0
38  -25  32  0
-35  -18  10  0
-30  33  -5  0
17  8  -12  0
23  -33  -13  0
-30  -8  17  0
-4  21  -9  0
-14  -11  -9  0
-33  -36  6  0
39  -25  -11  0
17  16  12  0
-19  30  -22  0
-37  -18  -21  0
2  31  -7  0
36  2  -32  0
35  -24  -16  0
21  -9  -29  0
24  -21  -5  0
-17  6  7  0
15  -38  27  0
-22  21  -20  0
3  12  19  0
8  -20  5  0
-16  -18  38  0
10  -27  33  0
-28  3  31  0
-39  23  -28  0
-28  -29  -31  0
35  -38  -8  0
8  -27  -14  0
-40  -8  32  0
-20  -34  -37  0
4  36  19  0
-23  -22  40  0
17  11  39  0
-18  -29  16  0
18  11  -1  0
29  26  -17  0
-7  14  11  0
30  -22  5  0
27  -36  3  0
40  20  1  0
-4  40  -11  0
38  28  34  0
-15  8  -14  0
-9  -28  40  0
23  -34  -33  0
26  -32  1  0
35  1  33  0
-11  31  7  0
22  11  -39  0
-10  -4  -33  0
36  -2  3  0
4  38  -2  0
25  38  -29  0
36  -22  28  0
18  10  14  0
5  -1  10  0
-40  -14  9  0
18  24  2  0
-18  -26  28  0
37  -15  29  0
-18  -38  -5  0
-4  -35  -7  0
31  -19  -7  0
-31  -12  36  0
-10  -19  8  0
38  5  -26  0
24  -39  27  0
27  3  35  0
-9  22  36  0
-27  -19  -7  0
19  -40  26  0
19  -10  30  0
-27  12  37  0
-32  -11  19  0
-16  24  -22  0
-23  16  -28  0
-22  -27  33  0
-27  37  1  0
-20  29  21  0
-4  37  -7  0
22  -4  24  0
-12  -11  -1  0
-21  -37  -25  0
-27  -13  -29  0
3  25  -27  0
-1  26  21  0
18  -29  4  0
24  3  32  0
-29  -28  33  0
12  14  33  0
38  -7  39  0
22  -16  1  0
40  -8  7  0
13  31  3  0
7  -4  -15  0
9  -39  5  0
12  30  27  0
3  7  -23  0
25  18  22  0
30  -2  -3  0
-39  16  2  0
-4  -21  -37  0
21  24  5  0
-31  -39  -25  0
11  -29  20  0
12  -32  11  0
-20  5  26  0
-23  -26  34  0
5  -22  -3  0
-37  -27  -3  0
-22  -3  33  0
-21  -11  -32  0
17  18  -3  0
16  -26  14  0
-28  -39  -12  0
-20  -24  -31  0
25  -29  17  0
26  23  -6  0
-35  -4  11  0
35  -17  -3  0
21  33  -8  0
