c mkcnf random cnf with seed 217759, max clause length 3
c FORCED SATISFIABLE
c 
p cnf 40  172
9  33  -29  0
-20  -34  -1  0
-25  35  39  0
7  1  -21  0
-29  15  24  0
-40  -12  7  0
10  -24  9  0
-12  25  -1  0
-2  12  -30  0
28  -14  4  0
-15  29  -32  0
28  24  15  0
33  30  -39  0
-13  -9  -33  0
-29  40  4  0
14  -6  18  0
-12  25  -6  0
13  -36  34  0
-27  11  -33  0
-11  20  -26  0
34  38  29  0
11  29  -31  0
-10  -27  33  0
-15  10  38  0
21  8  -27  0
-33  -19  -1  0
-30  6  3  0
1  2  -21  0
-5  -32  18  0
16  -28  -37  0
-6  -17  -33  0
29  24  10  0
39  -1  5  0
30  16  29  0
-39  17  -9  0
-9  -26  -29  0
40  -38  -18  0
29  -22  -26  0
40  26  1  0
20  -14  28  0
21  24  -39  0
-15  6  32  0
24  14  -39  0
6  28  40  0
-29  35  26  0
-11  -5  -22  0
29  19  28  0
12  -13  -36  0
-39  -2  -31  0
5  -40  -23  0
6  28  -15  0
18  36  13  0
-2  7  21  0
-13  -30  -8  0
-27  -20  -34  0
39  9  -4  0
-11  -12  -34  0
38  -18  21  0
-24  -26  -25  0
16  15  -3  0
-5  -30  -19  0
-16  -38  -4  0
-23  -17  -27  0
10  39  -31  0
-8  -35  40  0
-29  -14  31  0
29  -38  -17  0
-24  -34  -21  0
20  2  18  0
25  -17  7  0
-12  -7  26  0
-4  16  5  0
6  25  8  0
-19  -32  -35  0
36  31  -33  0
-32  -2  -34  0
-34  24  -6  0
20  14  36  0
-30  -34  -5  0
24  -16  21  0
40  -11  -20  0
32  -1  24  0
-28  12  39  0
26  8  12  0
-31  19  -34  0
6  4  -24  0
-27  29  8  0
-6  -22  19  0
-1  -17  -23  0
-40  18  -8  0
-2  -32  -15  0
29  -26  6  0
-8  -34  29  0
33  -1  -18  0
-17  -26  -31  0
14  10  34  0
-5  -3  -12  0
-30  39  31  0
15  11  21  0
24  -2  6  0
23  -17  10  0
-35  -12  30  0
16  37  38  0
-27  16  2  0
-25  -24  -12  0
-2  -1  33  0
13  34  10  0
2  34  29  0
2  -6  17  0
-28  -8  -15  0
-33  27  -11  0
-10  31  -28  0
-39  5  -15  0
-40  30  -11  0
-5  -10  -36  0
-14  1  18  0
13  12  -2  0
12  36  -31  0
-3  40  33  0
24  18  -4  0
35  18  10  0
24  4  -27  0
-14  -21  9  0
17  18  -12  0
-24  -2  -9  0
33  7  -13  0
-14  -18  29  0
-34  -14  8  0
32  -8  -5  0
34  -29  16  0
-8  -21  13  0
10  18  -17  0
23  26  12  0
-31  -23  12  0
38  30  9  0
-3  -7  -12  0
32  8  -13  0
37  -20  -19  0
14  -15  -12  0
-20  36  -21  0
-34  25  11  0
36  34  -37  0
-18  -36  -1  0
32  15  -25  0
-26  9  -20  0
10  -12  -33  0
30  19  -31  0
5  25  10  0
39  -11  -24  0
5  38  30  0
-33  -40  38  0
-21  -27  22  0
19  -27  6  0
-31  -24  36  0
-4  6  -40  0
-35  -4  -15  0
13  33  15  0
15  21  38  0
38  -1  29  0
-9  32  -26  0
39  -15  -25  0
19  -22  -28  0
-11  -1  -13  0
7  -25  15  0
7  -25  -8  0
-13  32  -19  0
30  26  7  0
3  -18  7  0
12  40  -13  0
26  -10  -20  0
-12  -3  13  0
-5  -38  12  0
