c mkcnf random cnf with seed 217822, max clause length 3
c FORCED SATISFIABLE
c 
p cnf 40  172
16  37  27  0
32  -37  -5  0
-15  -14  25  0
-8  -32  -11  0
40  -19  -20  0
32  39  -3  0
-25  -9  17  0
40  -7  33  0
-8  -5  -11  0
-34  10  13  0
-30  -2  1  0
37  -23  -36  0
19  30  35  0
-34  -3  -24  0
13  -19  -6  0
-10  37  15  0
-8  3  1  0
-36  -24  10  0
38  2  -11  0
8  -20  28  0
-11  -31  -21  0
-29  -39  -8  0
4  -18  -32  0
19  11  13  0
-4  -7  35  0
-38  10  -20  0
28  30  4  0
26  17  -15  0
39  -33  20  0
-11  25  -1  0
-22  32  -4  0
-38  32  2  0
29  31  -26  0
-14  36  -28  0
-37  -10  -29  0
14  18  -3  0
-30  10  35  0
-32  27  -39  0
-36  -25  37  0
31  39  -27  0
10  38  19  0
-24  15  32  0
-14  -1  11  0
-6  36  -40  0
16  -13  -15  0
-12  8  40  0
16  26  -25  0
28  -18  -39  0
-12  3  -24  0
30  36  20  0
-20  -36  -18  0
-40  3  -28  0
-15  32  -8  0
-14  -36  22  0
20  -36  -9  0
35  36  -11  0
3  4  23  0
-25  11  6  0
10  -11  -24  0
-11  35  32  0
27  -15  -2  0
-40  -29  -2  0
13  -20  -5  0
6  40  25  0
23  32  22  0
-35  -11  7  0
34  -13  -29  0
-7  39  32  0
9  29  -40  0
-19  39  36  0
-35  25  10  0
-26  -31  2  0
16  21  -19  0
-27  36  23  0
9  -40  -36  0
8  30  -38  0
20  -11  15  0
7  -38  -2  0
16  -39  37  0
-9  21  -4  0
29  23  8  0
7  -40  10  0
-26  -39  -40  0
-36  -8  -13  0
-32  -17  13  0
21  20  -26  0
-27  -25  29  0
38  21  10  0
32  -28  21  0
18  -8  29  0
32  -12  20  0
4  -11  9  0
-9  14  13  0
-2  31  24  0
1  -6  -38  0
-33  9  -18  0
40  -35  -16  0
-3  30  19  0
6  -20  -23  0
-9  -30  -35  0
-28  25  12  0
-18  39  8  0
6  -29  37  0
27  26  -30  0
20  24  21  0
-8  -36  1  0
38  26  28  0
22  -26  1  0
-3  -17  39  0
-40  39  -3  0
12  -8  -32  0
-1  15  30  0
-24  -40  15  0
-28  27  -25  0
-22  40  -19  0
16  39  -20  0
-5  7  -8  0
17  27  23  0
12  20  24  0
7  29  -2  0
3  -38  29  0
21  -28  11  0
36  21  -29  0
-18  39  23  0
-5  -7  27  0
4  -8  -12  0
14  -25  -17  0
-10  16  4  0
3  34  4  0
4  14  18  0
9  -26  32  0
33  9  17  0
8  -3  39  0
-9  29  -4  0
-1  -29  20  0
-7  -33  -28  0
-6  -30  -10  0
25  -37  15  0
-24  35  7  0
28  -32  1  0
-25  20  -2  0
-18  -34  33  0
21  -17  -15  0
25  -29  -34  0
28  -14  -27  0
-38  17  19  0
-38  -35  18  0
-1  30  -2  0
-13  12  -14  0
23  -11  5  0
19  10  -20  0
19  -38  18  0
36  12  -28  0
-12  36  31  0
9  14  -35  0
6  4  29  0
-28  -12  -4  0
-4  24  -26  0
-11  20  12  0
-36  8  33  0
11  5  28  0
21  -20  23  0
24  -37  -1  0
35  -4  -22  0
20  15  -13  0
13  -1  -35  0
-6  2  8  0
20  36  -7  0
-40  -5  -1  0
-30  -25  -27  0
22  11  -21  0
-16  7  -23  0
