c mkcnf random cnf with seed 217756, max clause length 3
c FORCED SATISFIABLE
c 
p cnf 40  172
9  -34  12  0
14  -18  9  0
17  -34  19  0
-36  -3  -11  0
-17  16  29  0
-22  -23  21  0
39  40  -16  0
18  8  7  0
19  13  9  0
-17  10  -25  0
4  40  28  0
15  27  -11  0
26  -20  32  0
-36  -27  3  0
-12  10  -14  0
-35  13  36  0
18  -4  13  0
14  20  6  0
32  -37  -10  0
1  -34  -14  0
40  -23  6  0
-29  2  34  0
39  24  -19  0
36  -35  12  0
27  -40  33  0
19  -17  -15  0
34  37  -15  0
-29  -17  -8  0
27  -11  -38  0
34  -2  14  0
24  11  17  0
-30  18  -15  0
-29  -37  -26  0
-24  -2  -20  0
-35  4  11  0
-19  -10  9  0
-25  22  -37  0
16  2  33  0
24  -33  -15  0
-18  29  12  0
-8  6  -11  0
-23  21  -17  0
38  27  -35  0
-12  -37  28  0
3  -20  7  0
22  -21  25  0
-9  -25  14  0
25  23  -12  0
39  26  -17  0
-33  23  8  0
8  27  -37  0
-1  10  22  0
29  -11  35  0
-38  9  7  0
-26  33  -6  0
-35  -25  12  0
-38  -25  24  0
-18  15  -30  0
-4  33  12  0
26  17  -6  0
30  -34  -15  0
27  -10  5  0
8  32  -37  0
21  29  8  0
-25  -29  -11  0
37  35  28  0
9  -26  -5  0
25  37  13  0
12  19  40  0
11  24  -34  0
-5  -25  -39  0
38  -40  7  0
30  37  -22  0
-40  -22  -38  0
17  -24  -38  0
-15  38  32  0
25  -3  13  0
-18  -10  -31  0
2  7  39  0
-12  27  -10  0
8  29  -32  0
12  -19  -29  0
-26  -33  -30  0
3  11  -16  0
-35  9  16  0
-27  33  39  0
-11  -33  -30  0
4  -27  -7  0
10  -37  -9  0
5  24  -3  0
9  5  21  0
18  25  8  0
-22  -26  34  0
-2  7  -19  0
2  17  35  0
20  -37  24  0
31  38  21  0
29  -32  -39  0
-34  -7  38  0
-18  -4  -10  0
-6  25  3  0
4  12  -26  0
14  -37  -27  0
-12  14  -15  0
-5  21  -6  0
-39  -29  -16  0
-12  5  31  0
-38  14  25  0
-3  19  39  0
28  2  14  0
19  -16  9  0
-1  6  37  0
-30  -37  -13  0
6  -40  -32  0
12  3  -4  0
-32  -5  1  0
3  -23  16  0
-36  -15  -29  0
-39  7  -35  0
-13  34  12  0
-18  21  11  0
-23  -14  21  0
-18  12  39  0
-11  27  29  0
19  -18  32  0
24  -18  36  0
3  9  -31  0
-1  -23  37  0
11  24  -3  0
4  25  -1  0
12  -29  -40  0
-37  34  -1  0
-23  -11  12  0
-27  28  26  0
32  -10  -20  0
-31  -3  -29  0
24  7  5  0
-17  -20  -30  0
-33  -12  3  0
-23  -8  -38  0
14  -28  -10  0
18  -32  -24  0
-37  15  -22  0
14  34  -37  0
11  14  36  0
17  -21  -18  0
2  -33  -26  0
32  31  4  0
-14  31  3  0
1  35  -28  0
17  -9  -15  0
-23  13  28  0
28  25  -3  0
-12  -8  -19  0
5  4  -40  0
34  40  11  0
17  32  31  0
7  -25  -32  0
14  -21  6  0
-20  19  -25  0
3  8  31  0
-29  -9  -18  0
-26  -31  -2  0
15  -28  21  0
9  -4  -19  0
17  -10  -14  0
34  -13  -1  0
28  -29  24  0
30  -7  17  0
9  38  -27  0
1  -40  4  0
-25  -31  -36  0
