c mkcnf random cnf with seed 217844, max clause length 3
c FORCED SATISFIABLE
c 
p cnf 40  172
-18  38  -26  0
30  -1  32  0
-5  -13  -36  0
-30  -14  -36  0
-29  -2  -34  0
5  -8  23  0
23  -24  19  0
-6  -17  -24  0
-9  -3  22  0
-24  -4  -27  0
-11  -13  -28  0
-15  8  -23  0
-1  -32  31  0
-37  -28  20  0
-2  -20  36  0
-8  6  18  0
-25  -38  26  0
-4  2  -3  0
-28  27  3  0
21  -12  -37  0
-5  -1  -11  0
-26  -1  -39  0
12  -19  22  0
-1  38  -11  0
-33  -37  -20  0
-31  -2  -10  0
-2  3  -10  0
32  14  -23  0
38  -18  -7  0
1  14  25  0
5  39  -9  0
11  -9  -19  0
25  -30  -7  0
22  -8  28  0
-37  -32  16  0
40  -10  21  0
-11  12  38  0
37  -35  14  0
31  -3  -39  0
-28  -19  -21  0
14  6  -38  0
20  26  -25  0
-39  26  38  0
39  10  20  0
10  -21  -23  0
-1  -6  -10  0
-34  17  29  0
-26  -14  -40  0
-38  -21  -32  0
18  5  -2  0
18  -9  -19  0
3  14  -12  0
2  -32  23  0
29  23  36  0
6  15  22  0
-34  -11  -27  0
11  -28  20  0
-31  11  8  0
22  1  19  0
11  31  -30  0
-12  22  36  0
-1  -39  -18  0
-25  -24  28  0
-26  11  -38  0
38  -9  -40  0
3  2  1  0
-38  31  -20  0
-29  -37  24  0
-13  -30  5  0
11  -25  -17  0
32  2  -17  0
14  -25  -38  0
39  -21  18  0
4  26  21  0
31  -7  14  0
2  -15  -3  0
12  -25  34  0
-37  3  30  0
-32  39  -2  0
-10  -18  14  0
-35  -10  -33  0
-10  -33  -26  0
15  -2  -10  0
-35  37  30  0
26  -38  -18  0
-15  3  -2  0
14  38  26  0
18  -33  17  0
40  19  17  0
25  -23  -8  0
-27  -3  33  0
35  4  -32  0
-26  36  18  0
-3  7  -38  0
-5  34  38  0
31  -12  -8  0
-17  24  -21  0
9  19  -29  0
-2  -8  -29  0
21  -13  1  0
-14  36  28  0
23  11  10  0
7  -11  -21  0
-10  -35  30  0
-24  -4  -13  0
39  5  -36  0
-27  -30  40  0
22  -24  18  0
-34  1  20  0
39  -37  -1  0
22  31  2  0
-22  16  17  0
32  -10  1  0
-36  14  8  0
-31  -25  39  0
36  -25  -5  0
30  10  -22  0
-15  2  -23  0
9  -32  -30  0
27  39  17  0
29  5  24  0
23  -29  -27  0
8  25  26  0
-17  22  16  0
22  -16  -31  0
-38  7  -16  0
39  -18  14  0
27  20  35  0
-38  -14  -37  0
-35  -23  -32  0
-24  -4  25  0
33  -38  -6  0
-4  6  -22  0
-2  -18  28  0
-30  22  -37  0
39  -18  30  0
-30  23  -8  0
18  -7  6  0
-1  -13  12  0
34  -5  -37  0
20  -4  7  0
2  3  4  0
-24  -27  -18  0
-26  -27  12  0
-27  -26  -25  0
-1  -28  -31  0
33  26  31  0
-21  38  -1  0
21  -25  -35  0
-22  26  -36  0
-26  34  -1  0
-14  -10  35  0
-29  39  33  0
28  -9  30  0
22  -6  32  0
27  18  -38  0
-23  34  -10  0
25  24  -27  0
-27  24  25  0
34  -26  -15  0
38  33  -10  0
-28  1  -23  0
40  28  -18  0
-32  24  -40  0
34  9  -10  0
-26  -38  34  0
-6  -22  -31  0
4  -29  -40  0
-10  13  24  0
-3  -20  36  0
-6  -23  20  0
-1  -26  -9  0
