c mkcnf random cnf with seed 217765, max clause length 3
c FORCED SATISFIABLE
c 
p cnf 40  172
-10  29  23  0
8  12  -26  0
-5  16  -18  0
-3  15  39  0
31  34  33  0
-39  9  -22  0
-3  33  -30  0
1  16  -11  0
-20  19  -14  0
6  2  -34  0
33  39  -28  0
31  -1  6  0
-27  36  31  0
10  -32  -34  0
30  -28  -37  0
7  -22  -37  0
28  10  20  0
15  -30  6  0
15  -31  19  0
9  38  5  0
17  2  26  0
-22  26  8  0
27  33  -5  0
-22  -11  8  0
3  -28  11  0
-34  12  -4  0
-19  -17  -37  0
-20  1  17  0
-4  11  37  0
-24  13  16  0
16  -17  -40  0
-32  31  6  0
-40  -6  -20  0
-40  -23  12  0
24  4  34  0
5  29  12  0
-40  19  -18  0
-10  34  -9  0
30  1  -38  0
37  3  17  0
-23  33  -24  0
-21  -40  -15  0
-23  20  -33  0
37  -38  -30  0
-27  -9  19  0
14  -1  -28  0
-38  18  29  0
-23  -2  13  0
-18  -4  16  0
-40  -22  -5  0
-7  -19  36  0
-39  -28  30  0
26  34  -30  0
38  -36  34  0
-17  14  32  0
-10  38  30  0
-18  -38  10  0
15  -16  27  0
4  10  39  0
7  27  -12  0
-25  6  35  0
-24  -26  38  0
-38  39  24  0
1  -12  14  0
-35  -1  4  0
-13  -33  3  0
-10  39  -1  0
-24  -13  26  0
-10  -1  -24  0
-39  31  29  0
12  25  20  0
27  -11  2  0
5  36  -8  0
7  -11  38  0
8  -3  -15  0
-32  8  -23  0
1  -24  8  0
-16  30  18  0
-13  -34  -24  0
35  -21  24  0
-27  15  -4  0
-33  27  26  0
40  25  3  0
19  -15  -28  0
-1  -9  13  0
-40  29  -7  0
-28  -21  -32  0
-1  2  -9  0
-18  8  5  0
-16  15  -39  0
-14  13  29  0
12  -32  6  0
-27  -26  -22  0
-10  -27  -5  0
-22  -30  -38  0
27  15  31  0
-30  -38  -5  0
7  -30  -10  0
12  -13  -8  0
-34  6  13  0
16  9  -38  0
-1  -29  -28  0
6  -39  -32  0
29  6  -11  0
-1  38  13  0
-5  12  -25  0
-15  -20  32  0
-37  -23  -10  0
-11  -34  -26  0
-17  8  31  0
1  26  -12  0
27  24  -22  0
-23  24  30  0
-10  -19  -23  0
30  -20  11  0
1  39  -38  0
39  -12  -5  0
19  16  23  0
36  35  3  0
24  -35  -9  0
-20  -36  -31  0
-19  -38  25  0
26  1  29  0
-28  23  17  0
-7  33  5  0
-5  40  -28  0
-11  2  18  0
-24  -27  19  0
18  -17  -37  0
-21  -18  -25  0
21  -20  -8  0
-18  6  33  0
-20  34  -31  0
-40  39  25  0
20  -13  -32  0
19  36  -37  0
30  17  -2  0
6  22  19  0
-27  36  12  0
9  6  -5  0
-37  -36  6  0
7  -8  4  0
12  -27  3  0
-35  21  10  0
-38  22  -32  0
-29  -17  24  0
11  -40  34  0
-7  36  -28  0
-4  15  -8  0
-34  -23  35  0
-17  -18  25  0
8  -33  17  0
-33  -35  4  0
31  -26  20  0
8  -37  -24  0
20  -34  13  0
-28  29  4  0
-11  3  -27  0
-7  -19  14  0
8  -27  -2  0
-26  12  -13  0
3  -27  -21  0
10  -3  22  0
-8  -31  -24  0
32  -17  -21  0
21  -23  8  0
-14  -2  36  0
12  -28  -22  0
-17  -31  -10  0
-30  26  21  0
-17  -16  27  0
17  40  23  0
