c mkcnf random cnf with seed 217846, max clause length 3
c FORCED SATISFIABLE
c 
p cnf 40  172
-18  24  -3  0
-1  32  27  0
-23  -4  26  0
-40  -4  -18  0
-3  -1  -18  0
40  -4  -25  0
-6  -10  -31  0
-10  -20  7  0
-13  12  -27  0
20  -35  -26  0
-34  36  38  0
-12  -24  28  0
40  9  -31  0
-39  11  -35  0
39  -18  -10  0
34  -22  32  0
36  -27  -5  0
-34  -38  -32  0
19  1  -24  0
1  -10  -33  0
-2  -17  -38  0
12  1  -15  0
1  2  33  0
-2  -15  -20  0
21  36  -28  0
-34  13  6  0
3  -9  35  0
-19  -2  -26  0
18  -20  -21  0
-38  -39  -16  0
23  1  17  0
-40  24  5  0
38  -30  32  0
-18  -20  -39  0
-36  6  -3  0
35  -1  18  0
-38  16  11  0
-37  40  -12  0
-21  -2  -12  0
6  -37  13  0
23  32  -24  0
26  -39  20  0
-16  -29  23  0
38  -6  13  0
33  -3  17  0
-36  25  17  0
-16  -27  28  0
39  -23  15  0
-15  -25  -5  0
23  13  10  0
-37  1  7  0
-21  20  2  0
7  13  24  0
-5  31  -29  0
16  -36  -21  0
27  1  -16  0
-24  -7  -35  0
22  -24  -7  0
-40  -23  9  0
-17  -18  27  0
-1  30  37  0
24  -6  28  0
12  -38  -39  0
17  -34  -18  0
-22  35  -31  0
-11  -25  23  0
20  -5  17  0
19  1  -20  0
10  35  38  0
-31  -19  30  0
-25  22  36  0
-21  -29  36  0
-10  -4  9  0
-25  9  31  0
-27  -22  -8  0
39  22  28  0
-28  22  -6  0
-30  -32  -34  0
-24  3  2  0
10  7  -17  0
-5  -32  -24  0
14  -11  15  0
6  -23  -37  0
-32  -11  -7  0
-14  -1  27  0
22  12  -18  0
-23  -29  2  0
-15  -25  40  0
17  25  23  0
-20  -8  40  0
3  21  -31  0
-3  -27  13  0
-14  -16  -12  0
23  -4  39  0
5  23  21  0
-31  -39  4  0
-25  27  -20  0
32  -5  14  0
6  -19  26  0
-33  -39  10  0
-24  -26  -25  0
27  9  14  0
20  14  19  0
-40  -29  -38  0
-39  -36  20  0
-34  -11  -36  0
20  -22  -34  0
39  -4  15  0
-28  -38  -3  0
-18  -37  -5  0
-1  17  -24  0
29  -35  -11  0
-34  -26  36  0
20  28  -29  0
39  4  -33  0
-9  6  40  0
-31  38  6  0
22  15  6  0
-36  40  -35  0
18  -27  15  0
39  -7  17  0
-19  26  -15  0
33  9  30  0
40  8  35  0
-20  -38  8  0
25  -18  23  0
37  3  7  0
-11  35  -22  0
37  -10  -3  0
2  26  -28  0
-17  9  37  0
-18  27  5  0
-29  -27  14  0
12  -19  6  0
-38  -4  9  0
12  9  39  0
-27  -30  -1  0
-1  35  -10  0
31  -23  -2  0
-10  -2  -6  0
25  -28  18  0
-26  34  19  0
-32  -24  -28  0
1  18  36  0
19  -34  -25  0
9  -40  39  0
-27  8  16  0
23  -18  -20  0
-9  -20  -21  0
-21  -11  -28  0
2  -15  -6  0
-2  -16  3  0
32  6  15  0
-7  4  -22  0
18  -33  32  0
-4  23  -33  0
-35  -17  -18  0
21  -9  12  0
-15  -4  -17  0
-8  -39  18  0
37  16  4  0
-3  26  -23  0
-13  -35  -4  0
3  15  -32  0
-14  12  29  0
-20  -18  3  0
-31  32  9  0
-24  10  21  0
7  -25  -4  0
-29  22  -21  0
9  36  5  0
-39  27  -24  0
