c mkcnf random cnf with seed 217790, max clause length 3
c FORCED SATISFIABLE
c 
p cnf 40  172
13  -29  32  0
10  25  37  0
-9  28  30  0
20  -36  11  0
-27  -3  -2  0
34  14  21  0
-37  -30  -13  0
20  1  -25  0
-3  37  16  0
33  7  -30  0
-19  13  -26  0
-13  26  -25  0
-19  20  6  0
-23  -14  5  0
29  -20  -25  0
-1  -11  17  0
-13  36  -16  0
-20  -39  -15  0
-7  -40  -12  0
-3  -23  10  0
27  -8  -32  0
-23  -17  26  0
-37  23  6  0
4  -9  35  0
-1  -4  30  0
17  12  30  0
-25  5  2  0
-35  -1  -34  0
40  11  -22  0
-32  3  -10  0
-29  -38  -30  0
2  -12  6  0
-29  35  -7  0
-21  -28  -32  0
-34  -16  2  0
5  -4  -38  0
-17  8  -25  0
24  8  -15  0
-20  39  23  0
-34  -27  19  0
-1  -35  -26  0
-12  -28  2  0
23  -7  14  0
34  22  4  0
17  15  35  0
-7  32  -5  0
8  -20  -18  0
15  16  29  0
-4  -37  28  0
-32  -27  3  0
37  -3  -18  0
-38  34  -18  0
-33  22  -10  0
31  15  -4  0
34  37  -32  0
3  -4  -21  0
29  -35  -3  0
-31  -10  9  0
-27  -1  26  0
-21  -2  -26  0
-30  -6  1  0
34  18  16  0
-40  19  29  0
-20  32  26  0
-16  20  -5  0
-20  -21  36  0
-33  4  -31  0
-1  9  35  0
18  27  -16  0
-18  29  38  0
-34  2  -6  0
-15  -21  -28  0
-12  17  31  0
3  -7  -2  0
-21  -10  -11  0
-20  10  -32  0
-27  -33  -34  0
-18  39  2  0
-2  -10  -4  0
-33  -39  4  0
24  12  8  0
-17  13  9  0
35  -9  8  0
-7  27  -6  0
-14  22  29  0
4  -15  7  0
-37  40  -14  0
-23  -1  -31  0
-2  -14  38  0
-7  8  37  0
-39  -22  -21  0
23  -32  19  0
12  -18  -27  0
15  9  -8  0
36  33  15  0
-17  19  -6  0
33  -38  -8  0
28  16  24  0
32  -23  35  0
11  -3  14  0
24  27  25  0
35  -28  -31  0
21  -5  -18  0
2  -16  -15  0
8  14  22  0
34  -19  24  0
-7  -33  25  0
-3  15  -28  0
-2  7  -34  0
-17  16  -24  0
28  -27  -13  0
21  14  11  0
-9  -5  25  0
14  21  -10  0
36  -40  -25  0
-5  -39  16  0
30  29  -7  0
-15  32  -12  0
-30  -12  -38  0
11  -18  -6  0
-9  6  16  0
30  -1  33  0
-40  35  -23  0
21  -33  39  0
20  14  -3  0
-38  -8  10  0
-1  -36  12  0
-21  12  7  0
-13  -2  22  0
39  27  14  0
25  -31  -17  0
29  30  -23  0
25  24  -11  0
20  -18  -38  0
-24  14  -33  0
-1  3  -2  0
5  -38  12  0
11  30  -40  0
17  10  -16  0
7  -31  26  0
34  24  -36  0
10  3  -2  0
14  9  33  0
-7  -8  33  0
20  34  -15  0
12  -36  -37  0
-12  34  -16  0
-20  -6  -38  0
29  30  28  0
11  19  40  0
17  -18  38  0
-3  -33  16  0
-27  8  -4  0
31  26  40  0
27  -26  21  0
32  -34  26  0
1  -3  39  0
24  25  30  0
18  33  12  0
-35  27  -6  0
-14  -22  1  0
23  7  22  0
7  -25  4  0
5  17  18  0
-25  -23  -11  0
-30  -21  -6  0
-27  -38  -21  0
-23  26  -17  0
40  17  5  0
1  -20  -2  0
9  -17  -7  0
3  15  -20  0
