c mkcnf random cnf with seed 217768, max clause length 3
c FORCED SATISFIABLE
c 
p cnf 40  172
10  -28  40  0
14  -3  34  0
14  -20  -37  0
18  -32  35  0
-31  -10  -34  0
25  -36  18  0
20  9  -40  0
30  38  -33  0
-13  -19  -10  0
-33  -5  8  0
18  34  -32  0
-8  35  40  0
-28  9  40  0
-17  -26  -14  0
33  -24  1  0
-33  -2  32  0
35  -34  -19  0
12  15  -5  0
-3  31  -37  0
33  -11  30  0
-20  28  -31  0
-33  -39  7  0
-20  -2  -9  0
12  31  35  0
-28  -15  -16  0
5  30  29  0
37  -4  12  0
-20  -12  -5  0
25  -4  16  0
24  -8  34  0
14  9  15  0
-1  -28  -23  0
25  3  7  0
-32  27  8  0
-11  -28  -21  0
-38  27  16  0
14  26  10  0
-20  28  -14  0
32  -16  -1  0
-27  14  15  0
27  12  -40  0
14  -6  -7  0
-39  -6  4  0
-16  5  17  0
-19  4  15  0
14  20  -19  0
-27  -6  -31  0
15  -12  -36  0
-26  -15  11  0
10  -28  -31  0
-10  32  -25  0
-33  16  23  0
4  11  -7  0
-2  -24  21  0
-15  31  18  0
40  -1  33  0
32  25  -31  0
25  -29  14  0
23  -4  20  0
8  27  -15  0
-11  34  -12  0
-8  36  11  0
-27  14  -38  0
3  -4  8  0
-36  5  13  0
23  -11  32  0
-35  -25  -37  0
19  -22  15  0
-38  -28  -17  0
16  -13  1  0
34  15  -31  0
28  -38  4  0
18  11  21  0
-27  -32  24  0
-28  27  -3  0
39  6  33  0
-22  -8  -16  0
25  23  27  0
13  -8  10  0
-37  20  -14  0
38  6  40  0
-9  -11  -12  0
-20  -8  -35  0
-31  -29  -1  0
32  36  38  0
-19  25  -11  0
36  -8  -10  0
30  14  26  0
-8  -11  17  0
-12  -34  19  0
-23  -22  -15  0
-23  -2  -18  0
-13  -9  15  0
37  -35  23  0
31  -3  -2  0
27  7  -14  0
-25  23  -38  0
-6  8  -24  0
-4  -3  -18  0
-10  37  -14  0
34  21  23  0
38  -2  5  0
-4  8  -33  0
17  35  -2  0
-36  15  3  0
34  38  23  0
26  -3  -4  0
-34  -2  37  0
-4  29  11  0
24  25  3  0
17  16  9  0
8  35  19  0
20  -26  -4  0
20  -33  34  0
33  -12  -38  0
-26  -33  -14  0
8  -33  -11  0
33  12  4  0
-3  -40  38  0
-19  12  30  0
-26  24  36  0
-20  12  14  0
18  -12  30  0
5  23  -10  0
32  39  12  0
6  -17  38  0
5  -23  -13  0
12  -21  37  0
-37  6  30  0
28  -34  12  0
1  2  -11  0
36  -12  -3  0
-27  4  40  0
-13  -33  1  0
31  -4  -22  0
-16  -1  24  0
-9  -4  37  0
-31  37  1  0
19  39  26  0
26  -30  -17  0
-32  35  -10  0
-29  -25  7  0
-3  -4  -13  0
20  -38  13  0
14  -21  -11  0
25  -15  31  0
-8  3  18  0
40  -36  -22  0
24  2  38  0
-33  21  -27  0
-6  23  -9  0
1  -6  -40  0
33  19  -3  0
10  -24  -5  0
-31  26  19  0
-40  -12  -5  0
16  -34  -9  0
-22  -15  28  0
-19  23  39  0
35  -18  15  0
29  -30  -1  0
7  35  -14  0
17  -11  3  0
22  36  15  0
-19  -4  35  0
7  5  28  0
-40  19  -15  0
17  23  -30  0
-17  30  -37  0
-20  -5  37  0
-15  -39  14  0
-33  2  23  0
