c mkcnf random cnf with seed 217771, max clause length 3
c FORCED SATISFIABLE
c 
p cnf 40  172
11  26  17  0
-25  33  4  0
-39  -29  17  0
-1  -11  24  0
-36  29  -5  0
20  27  36  0
-22  -37  -20  0
-4  -25  -38  0
19  -18  23  0
24  -19  -2  0
11  -29  -16  0
-38  28  -8  0
-10  -31  38  0
39  -7  23  0
-27  -32  36  0
-9  25  -28  0
2  7  -20  0
29  6  7  0
-38  -27  3  0
17  -36  -35  0
11  -36  13  0
-28  4  24  0
19  18  -17  0
23  -26  27  0
-16  1  13  0
-7  -36  14  0
-21  31  34  0
13  32  22  0
-11  -12  18  0
39  21  -40  0
25  -35  -37  0
7  -13  34  0
-35  4  34  0
17  -7  -24  0
-3  2  20  0
24  37  35  0
40  20  -30  0
39  -5  2  0
-26  37  -31  0
25  5  39  0
40  -28  -10  0
-37  -31  4  0
-31  -29  -39  0
-33  30  37  0
37  -38  14  0
-39  -15  6  0
-17  11  28  0
-18  -36  14  0
29  2  39  0
35  -1  15  0
10  -28  23  0
7  -34  13  0
24  19  28  0
24  -36  -7  0
-16  9  -37  0
3  -15  35  0
-30  40  23  0
24  33  19  0
-18  -33  21  0
-9  17  -14  0
-23  9  1  0
-12  10  -13  0
-12  38  4  0
4  -38  -39  0
-3  -39  -17  0
40  17  5  0
-11  35  15  0
20  -8  25  0
2  -35  26  0
26  14  -34  0
-34  39  32  0
-29  39  -18  0
-12  27  13  0
-18  -17  -7  0
-24  30  17  0
-24  -22  -6  0
-1  38  -15  0
39  -29  15  0
-28  -10  4  0
-16  -31  32  0
40  21  -32  0
26  -5  30  0
-15  10  -1  0
-15  -38  33  0
-15  34  37  0
-32  -29  -21  0
17  40  -22  0
-29  5  40  0
-30  -12  -28  0
-10  -24  -31  0
25  -6  8  0
1  -36  6  0
12  -35  -25  0
-5  -39  12  0
-5  29  -18  0
-35  -11  19  0
24  -26  -15  0
-22  5  -38  0
34  11  -3  0
18  27  -31  0
-18  -10  -1  0
-24  10  8  0
11  -19  -12  0
-32  -17  -13  0
-23  -31  -30  0
-16  2  -40  0
39  -34  13  0
29  -34  -10  0
14  -4  -30  0
34  -12  -16  0
23  -21  -9  0
20  16  -36  0
-32  -2  31  0
-16  -39  -13  0
-10  29  26  0
-25  -1  -27  0
15  -24  28  0
-28  22  -34  0
-20  29  -5  0
21  33  10  0
-28  1  34  0
30  16  32  0
-2  -23  31  0
-28  -22  1  0
-6  -11  4  0
24  35  29  0
34  2  37  0
30  21  25  0
10  31  20  0
-5  -29  20  0
17  12  -4  0
-33  -31  28  0
-8  29  33  0
27  31  -34  0
23  30  -35  0
6  -7  -4  0
-6  -40  -8  0
24  -9  40  0
-7  30  -34  0
21  -16  12  0
28  -33  -24  0
-7  -1  -36  0
-35  15  36  0
29  -32  -20  0
-33  5  18  0
9  20  -2  0
-21  2  -11  0
-16  19  36  0
7  -14  -34  0
40  28  9  0
21  31  -7  0
10  -17  -35  0
-5  -15  39  0
32  -23  -31  0
10  -14  29  0
-3  36  17  0
18  12  -31  0
-21  -25  -13  0
40  24  -18  0
16  10  -17  0
-10  -14  9  0
21  -37  -25  0
38  -14  -19  0
30  -36  -34  0
-31  -38  -29  0
-8  -25  -20  0
27  33  -14  0
-34  37  -33  0
-34  -11  -32  0
-25  32  15  0
-26  -18  -27  0
-35  16  30  0
