c mkcnf random cnf with seed 217778, max clause length 3
c FORCED SATISFIABLE
c 
p cnf 40  172
11  35  -4  0
-7  -11  -14  0
-39  15  6  0
5  15  29  0
-37  -30  -6  0
-2  -1  28  0
15  -34  3  0
11  21  24  0
5  23  34  0
7  -38  18  0
-1  28  -24  0
-3  -25  1  0
-31  39  2  0
2  -17  11  0
24  -26  36  0
24  -17  13  0
-31  9  13  0
-5  -18  -28  0
7  5  2  0
-37  21  35  0
-7  38  -15  0
9  -7  26  0
12  37  9  0
32  -7  -34  0
6  -12  13  0
-19  -36  32  0
-34  1  -7  0
-7  -37  29  0
-23  37  -13  0
-22  9  16  0
-30  7  19  0
-36  -13  -20  0
-13  14  -21  0
-10  -39  7  0
38  -8  -30  0
26  -22  25  0
4  28  35  0
-32  -31  -11  0
-29  34  -40  0
-12  -22  -10  0
15  -30  -27  0
28  10  -19  0
18  -11  -19  0
13  32  -35  0
9  -19  11  0
-15  -13  20  0
29  36  8  0
-11  -8  34  0
-19  -10  -14  0
-7  -19  26  0
-10  -15  -16  0
10  -38  -26  0
-32  40  1  0
-6  19  -22  0
14  2  -5  0
14  -21  -4  0
15  -6  18  0
15  28  19  0
10  -8  -35  0
-4  40  1  0
30  -36  38  0
-26  6  -36  0
-25  10  19  0
1  -32  -38  0
-24  16  34  0
14  29  -36  0
-7  11  35  0
-18  26  19  0
11  -18  8  0
32  -33  -5  0
-5  -15  -20  0
39  -20  13  0
27  10  -34  0
39  11  40  0
-34  24  -28  0
-8  -9  38  0
-30  3  -26  0
25  -39  10  0
37  -4  6  0
-30  19  -10  0
20  12  -30  0
3  31  4  0
-20  13  -11  0
-11  -15  6  0
-6  -29  -9  0
38  -2  -26  0
19  10  -5  0
36  20  18  0
-11  2  -39  0
27  -32  10  0
16  25  35  0
-29  -28  -23  0
31  -38  -24  0
-28  3  -7  0
-26  -30  -11  0
-34  40  8  0
8  -35  6  0
15  -33  -40  0
-7  29  30  0
-9  -40  36  0
13  40  39  0
31  14  -28  0
8  -24  -28  0
35  12  -14  0
-39  -24  38  0
-29  -28  -36  0
27  40  -16  0
-3  11  -35  0
15  40  -16  0
15  23  2  0
-17  28  -22  0
39  -24  25  0
29  -21  -9  0
-4  -11  6  0
-37  16  -33  0
27  -8  -34  0
10  -5  24  0
15  4  -23  0
-25  -35  -21  0
29  23  6  0
10  -20  -35  0
32  2  26  0
-35  -37  -10  0
4  -5  -18  0
24  32  -6  0
-36  22  18  0
1  4  34  0
-1  15  19  0
26  -27  6  0
-2  -10  -18  0
34  -29  -25  0
-18  38  6  0
-40  -39  -25  0
-7  26  8  0
1  24  22  0
27  30  -37  0
-20  13  -30  0
-17  -8  -14  0
11  12  5  0
-20  -14  -32  0
20  6  17  0
-8  -40  -17  0
28  16  31  0
-16  19  -35  0
-8  -29  19  0
-8  -14  33  0
-3  -14  -31  0
20  17  1  0
-19  -5  -23  0
8  17  32  0
8  22  24  0
21  -8  -19  0
-9  39  11  0
8  27  -10  0
-32  12  -14  0
-21  -40  1  0
8  28  -34  0
-27  -28  -38  0
-15  21  -18  0
18  30  -9  0
25  -26  -17  0
22  -27  20  0
2  39  -22  0
9  30  -3  0
26  25  -12  0
30  -28  -25  0
34  -20  -13  0
15  -40  -35  0
-32  5  -39  0
18  -34  20  0
10  16  37  0
6  -1  3  0
