c mkcnf random cnf with seed 217840, max clause length 3
c FORCED SATISFIABLE
c 
p cnf 40  172
18  27  -9  0
-30  -11  -16  0
25  -7  -18  0
-37  35  25  0
-4  12  30  0
22  -40  -34  0
-14  23  -1  0
-3  17  -19  0
20  -15  -36  0
38  -33  -39  0
40  9  -10  0
25  4  32  0
2  -25  -34  0
-25  -36  33  0
-39  5  -22  0
-4  -11  2  0
-21  5  30  0
-28  12  -2  0
17  37  30  0
-36  10  39  0
-28  -2  4  0
22  -9  -19  0
-34  35  -39  0
8  14  1  0
-18  -20  39  0
-35  -40  22  0
35  -17  22  0
3  37  14  0
17  40  -33  0
-13  -2  8  0
20  24  -21  0
-7  10  -24  0
-26  -12  35  0
8  -27  -25  0
-2  9  25  0
36  -11  33  0
-18  -15  -28  0
-27  -13  33  0
22  -9  14  0
-27  -3  28  0
-34  -17  -28  0
14  28  -12  0
29  -30  15  0
-23  -17  28  0
-37  -4  12  0
-25  33  28  0
-5  -10  13  0
-5  28  -21  0
-16  -26  19  0
26  36  -24  0
-36  -5  7  0
-22  40  17  0
3  -28  -35  0
-15  12  7  0
35  28  34  0
-20  -13  37  0
31  4  -1  0
28  -2  -30  0
-38  -35  -12  0
-16  -15  25  0
-28  16  -22  0
-38  -7  -33  0
-23  13  18  0
-12  -23  -25  0
19  33  29  0
32  30  24  0
-29  2  26  0
-14  -35  -29  0
2  -23  25  0
29  34  4  0
30  4  28  0
-29  -11  -5  0
-24  38  -12  0
38  29  -27  0
18  30  -35  0
18  9  -39  0
37  8  -28  0
24  14  9  0
37  9  -40  0
-25  24  -37  0
3  20  -2  0
-36  21  38  0
-21  -2  26  0
-35  14  31  0
-30  -17  27  0
-13  6  1  0
-8  -22  15  0
29  -10  -12  0
-40  4  11  0
39  -9  -24  0
3  2  8  0
6  38  -36  0
34  -30  -23  0
27  -17  -12  0
26  -15  -32  0
39  -30  -36  0
-3  5  -20  0
32  40  35  0
11  -22  24  0
-17  -9  -15  0
1  29  5  0
-18  -23  29  0
-14  -15  -37  0
26  -31  -14  0
26  -17  8  0
12  15  -7  0
18  16  10  0
14  -40  36  0
-25  -24  3  0
27  -2  21  0
-24  -1  -8  0
23  12  39  0
1  -37  34  0
-8  -15  -19  0
-17  -18  1  0
-12  -13  -27  0
-36  31  1  0
34  20  39  0
12  22  -32  0
11  24  -38  0
6  33  18  0
-14  24  38  0
-37  -2  -13  0
-18  -31  -11  0
29  39  -35  0
-1  -30  21  0
33  34  -23  0
-20  -8  1  0
10  22  20  0
29  -40  3  0
-11  31  -12  0
-29  -21  30  0
-14  4  22  0
29  -27  -19  0
-32  -16  28  0
10  34  40  0
24  23  6  0
-7  -35  23  0
25  -5  -36  0
6  34  27  0
-23  25  -32  0
-20  33  15  0
-13  5  -39  0
14  6  32  0
10  24  -27  0
36  -27  -29  0
-17  -2  13  0
-6  24  34  0
33  38  20  0
-19  -29  39  0
28  16  -7  0
9  -37  14  0
-34  17  10  0
9  -15  -38  0
-5  32  -37  0
32  -33  36  0
37  -24  5  0
-6  31  -23  0
20  26  -18  0
-33  8  16  0
17  -35  13  0
-22  39  29  0
13  14  11  0
-25  -36  -31  0
-9  1  30  0
27  -30  -7  0
-30  33  10  0
10  40  11  0
-5  17  40  0
8  34  -35  0
5  -40  -14  0
3  16  -8  0
