c mkcnf random cnf with seed 217812, max clause length 3
c FORCED SATISFIABLE
c 
p cnf 40  172
15  30  -23  0
3  -18  -32  0
19  -9  -39  0
-25  32  -16  0
-37  24  -29  0
8  17  -19  0
15  -38  2  0
32  -19  -17  0
-14  -3  1  0
-13  6  38  0
-34  8  28  0
32  33  28  0
-21  36  -22  0
-35  40  24  0
-22  -39  -6  0
10  32  8  0
31  15  -21  0
-40  -8  28  0
33  3  14  0
-5  -23  -29  0
19  -9  -33  0
17  -24  -1  0
7  -17  9  0
22  -8  -28  0
-31  8  16  0
-16  -35  19  0
33  -7  34  0
-15  -27  -25  0
-32  -39  21  0
-3  22  31  0
18  15  4  0
33  -35  1  0
38  1  35  0
-34  32  -30  0
-1  -14  -8  0
35  -34  1  0
-8  -21  -3  0
-6  5  -11  0
37  36  15  0
-37  -15  -18  0
39  -25  -37  0
-27  -33  26  0
-39  1  38  0
22  30  -11  0
-33  -23  -29  0
31  19  15  0
20  -40  10  0
-14  33  38  0
21  -40  -17  0
-5  23  -21  0
12  -3  -4  0
-20  -2  -29  0
2  10  -36  0
-30  -31  11  0
26  -6  -5  0
13  24  -11  0
-26  -17  -33  0
34  -36  11  0
-29  31  -38  0
40  -5  -36  0
-19  15  -39  0
4  -14  3  0
-7  9  -16  0
-22  -18  -13  0
17  38  -2  0
40  -30  11  0
-34  -20  7  0
-33  30  -21  0
8  21  9  0
2  10  -17  0
-17  19  -37  0
-2  -23  7  0
-40  34  -20  0
-32  -11  6  0
28  25  18  0
39  13  -7  0
-18  38  13  0
12  24  28  0
32  34  -38  0
33  24  -30  0
-12  31  18  0
-16  -19  8  0
31  40  8  0
40  37  -30  0
2  -8  35  0
-5  38  3  0
16  20  -32  0
16  -23  12  0
-8  16  -19  0
-22  28  34  0
13  -6  10  0
26  -13  -33  0
35  17  -40  0
33  18  25  0
17  -10  15  0
19  22  26  0
14  -39  -16  0
-37  21  12  0
-14  6  -11  0
20  -7  -30  0
-8  -38  39  0
-24  -20  -36  0
39  11  27  0
30  15  -37  0
26  -8  25  0
18  -37  35  0
29  -6  32  0
-7  24  35  0
-38  -11  -39  0
28  32  18  0
25  35  4  0
36  15  -24  0
27  -8  -2  0
-39  28  -30  0
39  33  -7  0
33  13  -10  0
-8  1  30  0
24  21  15  0
28  11  18  0
-11  -37  1  0
-21  26  -33  0
-5  14  -3  0
15  -32  11  0
14  -5  -31  0
8  21  20  0
35  -28  39  0
37  14  16  0
20  7  -35  0
33  -40  28  0
33  -36  1  0
26  -5  10  0
-12  -1  10  0
-22  -5  -18  0
3  -27  2  0
2  -15  -33  0
-30  -24  -25  0
4  -13  25  0
-34  -3  -40  0
-39  40  -9  0
29  -13  -19  0
-36  37  23  0
-40  32  31  0
-2  5  6  0
-32  -36  12  0
34  -27  10  0
6  -25  -3  0
-30  10  -19  0
-39  7  3  0
-30  -35  -28  0
39  -15  5  0
-39  -24  2  0
14  -1  -34  0
25  -9  31  0
-10  -30  -27  0
-31  -36  15  0
-10  -19  -4  0
21  12  -27  0
-28  -20  -25  0
-13  16  38  0
-10  23  25  0
-36  16  11  0
-36  3  -35  0
25  32  -24  0
-1  8  -20  0
30  -32  -31  0
-35  22  -25  0
6  -17  30  0
-18  33  4  0
35  -32  -10  0
-35  38  -34  0
-3  11  -33  0
-6  9  -2  0
