c mkcnf random cnf with seed 217791, max clause length 3
c FORCED SATISFIABLE
c 
p cnf 40  172
13  1  -24  0
-30  -17  26  0
28  37  26  0
-27  -24  -22  0
-17  -1  24  0
33  34  -39  0
-34  37  12  0
25  -36  37  0
33  28  39  0
-36  -23  11  0
-36  -13  14  0
25  -8  40  0
-19  -2  4  0
3  -12  -16  0
16  -23  37  0
-13  8  36  0
5  -23  -11  0
-7  17  36  0
25  19  16  0
36  -16  -12  0
-31  24  7  0
26  -35  -27  0
6  -32  18  0
37  -27  -34  0
30  -8  15  0
-24  36  33  0
28  -37  29  0
7  16  -37  0
-12  -35  10  0
36  26  19  0
37  -26  8  0
22  -16  -9  0
17  27  -18  0
-39  1  -21  0
-39  -17  -11  0
-2  -7  6  0
-11  -2  -34  0
-18  -7  -5  0
37  -27  -13  0
-34  9  -40  0
25  11  -37  0
11  1  13  0
-17  -14  24  0
4  17  -35  0
37  13  -39  0
-37  35  4  0
32  -12  8  0
26  25  -2  0
31  -37  15  0
-16  -26  -30  0
-3  12  14  0
7  -28  -21  0
-14  3  20  0
15  8  -17  0
22  3  -24  0
-16  -21  36  0
15  1  -16  0
19  32  3  0
-33  35  4  0
33  -19  -8  0
14  32  -2  0
-37  26  -24  0
19  -2  -20  0
-35  -31  -29  0
39  24  23  0
-18  36  39  0
-12  -33  26  0
19  16  12  0
-27  29  35  0
-2  30  39  0
31  14  -18  0
-40  -29  -15  0
28  14  -3  0
-8  -9  -13  0
-24  -27  11  0
21  -6  -5  0
25  22  4  0
30  -38  32  0
3  -33  7  0
-36  -28  -12  0
17  -30  -20  0
39  16  -17  0
-37  -38  -7  0
19  40  -32  0
-20  25  3  0
-23  -2  -32  0
-1  -6  34  0
26  33  -10  0
-10  39  26  0
31  -7  -11  0
22  1  24  0
6  38  20  0
23  20  12  0
-26  2  -19  0
-10  -13  37  0
37  39  1  0
30  34  2  0
-27  -3  33  0
-20  33  2  0
-17  37  35  0
20  3  19  0
25  6  -30  0
29  37  9  0
-20  -37  -6  0
-40  6  30  0
-33  34  -6  0
11  15  -33  0
19  -30  26  0
-17  -31  16  0
8  10  39  0
16  -24  1  0
21  30  15  0
-14  -13  -17  0
30  -31  -36  0
19  -32  -36  0
6  2  -19  0
-7  23  -39  0
-15  -1  26  0
-33  -19  -24  0
-37  -24  25  0
17  5  16  0
-34  -23  -17  0
20  -26  9  0
35  -34  -4  0
33  -22  -26  0
-17  -16  -40  0
19  16  32  0
-20  -32  -8  0
-10  32  20  0
-30  26  35  0
-4  -19  38  0
-11  22  -6  0
-32  24  -37  0
-3  10  -20  0
21  14  -3  0
20  19  8  0
2  1  9  0
-24  -34  -18  0
-37  12  -26  0
14  -30  10  0
-12  -8  11  0
-29  -6  32  0
-36  16  10  0
31  -15  -13  0
-20  18  -15  0
-18  31  -29  0
19  -34  38  0
40  -36  -19  0
1  -38  39  0
-36  -28  8  0
36  -17  -13  0
-32  25  -1  0
-30  16  -5  0
-35  19  -21  0
-14  1  6  0
30  9  19  0
5  2  32  0
-21  24  -14  0
19  26  13  0
16  8  15  0
24  39  37  0
-19  -12  6  0
30  -37  35  0
-29  31  34  0
-13  -3  -9  0
1  -5  21  0
-8  10  -39  0
-3  12  22  0
33  27  5  0
-17  9  7  0
-33  -5  -15  0
38  -31  29  0
