c mkcnf random cnf with seed 217777, max clause length 3
c FORCED SATISFIABLE
c 
p cnf 40  172
11  23  32  0
-13  -8  -12  0
17  -25  7  0
-17  -31  32  0
35  15  -17  0
26  -25  39  0
-14  1  -2  0
-5  -3  -22  0
-33  39  -9  0
24  29  -33  0
-4  38  -23  0
-28  -2  -17  0
-26  -36  -25  0
-15  -29  -18  0
-9  19  38  0
-35  2  -20  0
-20  12  -26  0
26  -8  -1  0
25  5  20  0
4  38  -33  0
-24  -34  22  0
14  19  -21  0
-11  17  10  0
-17  5  -14  0
-5  6  -27  0
-6  4  23  0
16  37  36  0
-7  24  23  0
38  6  -14  0
-8  30  -6  0
18  25  -14  0
27  21  14  0
-11  12  23  0
-15  31  25  0
-13  -22  -10  0
-13  -18  -5  0
8  25  33  0
24  -8  25  0
33  28  -36  0
17  -33  4  0
-30  38  -39  0
-6  21  29  0
-25  -11  17  0
30  25  -29  0
4  -24  -26  0
40  -3  -38  0
14  -9  -8  0
37  20  12  0
35  -16  -27  0
-34  -16  3  0
-8  -11  -12  0
32  -35  11  0
-21  -27  -39  0
23  20  -25  0
-15  8  20  0
-28  -1  23  0
12  -15  22  0
36  -18  -38  0
7  35  -34  0
17  38  -36  0
31  32  3  0
2  -31  -8  0
13  21  35  0
-9  5  19  0
38  6  22  0
32  7  -14  0
10  -35  6  0
36  -18  20  0
28  -18  -25  0
9  -19  -20  0
-17  -32  -11  0
8  27  17  0
18  27  28  0
-22  35  36  0
-36  -2  30  0
-33  32  -5  0
-22  -20  3  0
33  -21  -6  0
-16  32  -14  0
-12  40  -35  0
34  39  -36  0
-12  -1  6  0
18  3  4  0
-32  17  19  0
-32  -2  -18  0
-23  -10  16  0
22  -33  38  0
27  23  -6  0
33  -37  5  0
9  3  2  0
28  8  -10  0
-22  8  -38  0
-9  -20  -22  0
18  37  27  0
24  -34  10  0
18  -4  -37  0
-10  -2  -6  0
-32  -16  11  0
-15  6  -38  0
36  -7  -24  0
-27  -2  -31  0
-27  29  18  0
13  35  31  0
16  -6  15  0
22  -11  -25  0
33  -11  -22  0
16  -17  -4  0
21  27  -15  0
-33  -23  -9  0
-40  -8  10  0
-29  -15  31  0
16  -7  -2  0
-31  28  -9  0
-9  38  18  0
37  -13  20  0
27  40  12  0
7  -28  -20  0
-14  -15  2  0
3  17  -12  0
39  40  -18  0
26  -18  -25  0
-3  34  5  0
-30  5  -21  0
29  39  22  0
-4  -39  -26  0
32  24  14  0
17  -1  -11  0
-2  39  36  0
-37  -35  20  0
-5  39  4  0
-34  -26  -39  0
27  14  7  0
-27  -37  -22  0
37  -4  -19  0
-4  -20  -19  0
-21  1  34  0
17  2  -36  0
24  -25  -5  0
33  -9  -26  0
34  -31  38  0
-15  -22  -1  0
25  -28  5  0
-31  29  10  0
-14  28  -21  0
6  4  1  0
-34  -5  -27  0
-31  11  -3  0
35  38  23  0
28  37  -35  0
13  22  -14  0
-4  3  7  0
38  9  3  0
-7  24  19  0
-13  33  -28  0
-30  11  -24  0
2  1  -7  0
29  -28  -17  0
9  -36  -17  0
12  -22  1  0
-16  -28  -23  0
4  -39  15  0
-1  -2  -39  0
26  40  -6  0
20  25  1  0
-1  29  23  0
-6  -27  -29  0
39  -27  12  0
35  -6  -7  0
-24  -1  -10  0
38  -40  9  0
33  -16  19  0
32  29  -34  0
