c mkcnf random cnf with seed 217837, max clause length 3
c FORCED SATISFIABLE
c 
p cnf 40  172
18  29  -32  0
32  -7  3  0
-8  -22  -26  0
-28  16  -30  0
-30  13  -8  0
-20  24  -40  0
-10  16  -34  0
20  -14  -6  0
2  -31  -12  0
-11  1  30  0
-9  22  -33  0
-6  24  29  0
-22  -17  -3  0
-8  7  12  0
-18  19  -25  0
-16  -34  -18  0
10  1  -4  0
39  -23  -2  0
7  35  33  0
39  -19  22  0
-35  33  -27  0
35  30  31  0
31  -3  33  0
-32  5  -36  0
-20  -40  -32  0
26  9  8  0
-20  30  6  0
-20  7  -23  0
-28  27  -6  0
-28  18  -21  0
-39  35  21  0
22  -35  14  0
6  26  -12  0
14  -9  -32  0
-7  -22  -35  0
20  17  -14  0
17  12  -13  0
37  12  30  0
5  -20  -6  0
-15  38  28  0
-2  -18  -37  0
7  -8  37  0
15  -24  -20  0
-40  -35  22  0
-17  2  -32  0
-33  2  13  0
20  -26  19  0
-11  -10  18  0
12  -4  -38  0
-37  -40  -6  0
-8  7  18  0
-39  -18  15  0
33  -10  -24  0
-4  -28  3  0
-14  -22  17  0
-34  -31  2  0
-22  34  -5  0
-37  4  -38  0
-29  -28  20  0
16  -15  -14  0
-35  19  18  0
21  14  -22  0
29  21  -7  0
35  31  -18  0
20  -19  30  0
-21  -12  -15  0
32  -20  6  0
-3  14  30  0
-1  -39  16  0
-26  18  21  0
-25  2  -31  0
-11  3  -9  0
11  -37  -40  0
-29  23  -35  0
30  -32  -23  0
5  -28  14  0
27  -18  20  0
8  -2  13  0
-35  21  -10  0
-4  34  13  0
-26  5  -33  0
-36  6  35  0
19  13  -30  0
-18  7  -31  0
21  -16  -4  0
-38  17  1  0
34  18  23  0
-5  -9  -33  0
-3  -13  34  0
18  20  -11  0
-13  -6  -29  0
-4  5  34  0
-26  8  -12  0
13  30  12  0
-37  32  -27  0
-23  -11  7  0
-7  22  38  0
30  -35  24  0
19  35  -11  0
-1  -40  -8  0
-3  17  19  0
23  14  -6  0
14  6  8  0
39  19  7  0
27  -17  18  0
32  -3  25  0
33  20  -39  0
-24  23  -11  0
3  -14  -4  0
27  23  -26  0
4  -5  28  0
1  -7  -25  0
25  -32  -33  0
38  36  -21  0
11  -12  2  0
-29  -28  -31  0
-27  14  -35  0
4  35  37  0
9  30  18  0
-9  -4  10  0
25  10  -22  0
29  -19  4  0
37  6  -30  0
-29  14  -16  0
40  -28  -17  0
2  -26  -4  0
9  -19  1  0
4  -29  3  0
-32  -14  -38  0
40  -2  23  0
28  4  -12  0
2  34  31  0
-30  15  5  0
-17  -14  -12  0
-9  3  15  0
9  -36  -40  0
22  34  -1  0
-1  -10  -16  0
-4  33  12  0
3  37  36  0
-20  37  16  0
26  21  -8  0
-28  -10  -23  0
-40  -26  38  0
2  20  31  0
-23  -26  19  0
3  13  33  0
-3  18  -37  0
19  7  4  0
8  9  23  0
12  -18  -19  0
-17  34  37  0
-38  -10  -18  0
26  24  -40  0
-3  16  -28  0
3  -8  10  0
-2  5  9  0
38  -18  29  0
-28  17  -6  0
9  -20  -31  0
-18  1  -20  0
31  35  -4  0
-18  -17  40  0
16  -29  -17  0
-40  31  7  0
27  -12  -19  0
-4  26  -34  0
-19  -12  -38  0
-1  7  -24  0
15  -7  -25  0
-34  -7  23  0
28  -16  34  0
