c mkcnf random cnf with seed 217816, max clause length 3
c FORCED SATISFIABLE
c 
p cnf 40  172
-15  -1  33  0
-30  -10  13  0
-38  3  36  0
3  -15  8  0
-30  -32  -33  0
30  22  3  0
18  -31  34  0
-19  -22  -15  0
-30  4  -10  0
2  31  29  0
-39  -19  5  0
-14  -10  -27  0
-35  18  -16  0
15  -8  -2  0
10  -6  18  0
-38  40  -37  0
-26  -17  -31  0
26  -15  38  0
15  22  -35  0
7  -17  -5  0
7  11  27  0
14  -13  -4  0
-3  -39  33  0
33  4  -13  0
-40  22  9  0
22  17  -38  0
35  1  12  0
-22  -5  -17  0
-30  24  -6  0
3  2  -1  0
10  24  35  0
-32  -4  -7  0
-2  -33  -19  0
9  -2  22  0
34  -25  -3  0
36  -38  3  0
13  -23  -34  0
-25  -12  -37  0
-4  33  38  0
2  -35  -3  0
-31  -32  -35  0
-40  -10  -6  0
-17  -24  26  0
31  -18  -11  0
3  31  -8  0
1  -32  38  0
-15  4  8  0
-9  14  17  0
-40  5  -9  0
-1  -38  -22  0
-23  -25  -31  0
-37  -23  8  0
-11  -18  12  0
-4  -16  -22  0
4  17  24  0
-20  17  19  0
3  -11  32  0
-2  -32  -25  0
-19  -22  20  0
6  39  -40  0
-17  28  39  0
-22  23  12  0
10  27  34  0
9  18  7  0
-5  -23  -16  0
26  31  -20  0
3  26  -39  0
-14  12  -22  0
9  -19  34  0
-12  27  -15  0
4  31  -26  0
-19  30  -17  0
-13  -34  6  0
23  35  -37  0
-3  20  2  0
-12  11  -6  0
-13  -29  17  0
37  -5  -40  0
23  36  -32  0
32  8  22  0
-19  18  31  0
13  10  -28  0
35  -12  39  0
-26  20  19  0
28  -3  30  0
-5  -40  32  0
18  37  29  0
-37  35  19  0
38  37  36  0
-25  7  16  0
-14  -11  21  0
21  -34  17  0
19  24  10  0
-25  37  -38  0
3  14  -12  0
-7  -27  -25  0
13  -10  4  0
-21  5  -38  0
-27  -5  -31  0
21  -5  12  0
11  -26  2  0
2  -28  1  0
-40  22  19  0
-28  -39  22  0
5  -14  19  0
-7  1  -27  0
-37  6  18  0
-11  -6  33  0
-7  -23  -11  0
34  -27  -6  0
-15  37  31  0
8  30  6  0
-24  -35  30  0
26  -16  -38  0
6  35  14  0
-11  -22  -3  0
28  18  25  0
29  -38  23  0
32  -31  12  0
27  -11  6  0
19  16  -1  0
-13  34  38  0
23  11  19  0
-13  -34  40  0
40  24  -14  0
28  10  36  0
-17  -38  -6  0
-40  -26  -13  0
13  -9  -33  0
40  -22  15  0
7  17  11  0
-13  -40  -1  0
22  -11  -35  0
33  34  -39  0
20  19  33  0
19  -15  25  0
37  -32  -17  0
-5  -19  -29  0
-29  5  -14  0
29  -8  -4  0
-2  20  -34  0
3  27  -23  0
16  21  1  0
23  7  15  0
-24  33  3  0
38  35  -27  0
-3  5  22  0
-34  27  8  0
6  10  -40  0
6  -33  -20  0
34  10  3  0
4  -32  21  0
-9  1  29  0
-11  7  -26  0
35  -25  -8  0
23  -2  37  0
-34  3  21  0
-30  5  1  0
9  8  22  0
-9  40  6  0
-3  -35  -5  0
7  -35  17  0
33  34  -15  0
-25  17  3  0
36  26  9  0
3  20  4  0
-31  -22  -36  0
37  34  27  0
20  -5  -29  0
4  -2  11  0
-9  25  31  0
-27  36  -34  0
