c mkcnf random cnf with seed 217820, max clause length 3
c FORCED SATISFIABLE
c 
p cnf 40  172
-16  12  2  0
22  -12  21  0
-13  1  -16  0
-9  40  -18  0
39  2  -36  0
-30  15  14  0
-6  20  -15  0
-14  15  -25  0
20  -10  2  0
-19  -7  38  0
37  -26  -20  0
26  -13  5  0
-35  -18  -30  0
-36  -13  32  0
-36  26  4  0
-26  -18  -34  0
9  23  -38  0
28  29  31  0
-22  38  -37  0
-13  -11  -23  0
-22  -37  -4  0
6  -17  -19  0
-26  -35  37  0
5  36  -20  0
-14  16  -28  0
18  -9  27  0
-18  21  2  0
-7  -26  -27  0
-3  -21  2  0
26  -1  -31  0
4  -23  2  0
6  26  -36  0
13  -33  10  0
-33  15  36  0
38  6  8  0
-6  14  -30  0
37  5  -33  0
-20  -40  -31  0
-30  5  34  0
15  -23  12  0
9  -1  -31  0
-38  -14  15  0
27  -10  -19  0
-17  -28  38  0
-8  -30  17  0
-33  28  7  0
16  -30  39  0
-37  -22  38  0
38  -26  -9  0
11  37  39  0
20  21  -39  0
-16  14  -39  0
-13  2  22  0
38  9  -31  0
37  -14  -21  0
-8  13  20  0
-28  -20  -38  0
37  28  -30  0
-21  23  34  0
-14  28  -22  0
-3  11  -40  0
29  -35  -27  0
25  -39  12  0
28  -33  -25  0
-18  29  31  0
39  -9  -1  0
-29  25  30  0
-27  -40  -32  0
-22  -14  -26  0
-5  32  -18  0
11  -1  31  0
-1  18  35  0
29  -30  -20  0
-3  37  -21  0
31  13  -15  0
-40  17  30  0
31  20  -32  0
-11  3  -16  0
-35  34  -33  0
28  30  35  0
-34  -5  14  0
24  -6  4  0
25  -12  -6  0
-35  39  16  0
34  22  26  0
19  23  6  0
-31  -25  37  0
-7  14  -4  0
11  -12  40  0
8  13  -4  0
-38  13  39  0
34  4  -20  0
-18  13  12  0
40  -34  -4  0
-29  19  -1  0
10  -15  -14  0
-34  -20  10  0
-37  18  39  0
-27  -40  -32  0
8  36  3  0
23  -35  17  0
-33  4  39  0
-30  -33  -31  0
5  -22  -18  0
-24  -16  27  0
-34  10  -35  0
-32  26  10  0
-30  5  1  0
-18  37  -36  0
33  -10  -25  0
-9  27  13  0
-22  -29  39  0
-15  4  -9  0
-17  16  34  0
24  -22  33  0
14  -34  -27  0
4  16  8  0
-30  -29  -25  0
-9  34  1  0
-18  -34  2  0
13  21  -38  0
34  -33  23  0
22  -5  -1  0
13  -8  -32  0
27  -18  -25  0
-7  3  -8  0
2  -1  29  0
26  -5  -10  0
-9  35  26  0
24  -38  37  0
-6  34  -33  0
-24  16  10  0
-27  -28  -2  0
-25  -34  12  0
24  -5  -39  0
14  -26  10  0
-9  -12  14  0
-34  18  -16  0
-32  40  -3  0
-3  -38  -4  0
-32  5  16  0
-32  -25  14  0
17  -22  -31  0
4  -1  27  0
19  -15  -27  0
26  -14  -20  0
14  -30  -1  0
-22  11  -32  0
-22  17  -38  0
-38  -26  -10  0
-20  19  8  0
11  -4  -27  0
-22  7  -8  0
-5  32  23  0
27  -36  24  0
3  -27  -30  0
39  -17  -2  0
36  8  -35  0
29  37  -26  0
-37  33  -31  0
-4  -31  13  0
34  -32  16  0
35  40  -37  0
-8  6  -33  0
-39  -37  11  0
10  26  18  0
-31  -23  40  0
7  -3  22  0
35  7  -26  0
-26  -29  1  0
6  -16  -34  0
36  32  -40  0
