c mkcnf random cnf with seed 217817, max clause length 3
c FORCED SATISFIABLE
c 
p cnf 40  172
15  14  -25  0
-12  -22  25  0
23  -38  36  0
-33  9  -32  0
-12  -3  27  0
-17  6  13  0
-35  5  -29  0
6  33  37  0
37  -29  11  0
9  3  36  0
-4  11  34  0
-1  25  13  0
14  -3  -6  0
19  -23  27  0
-32  -21  -25  0
13  22  -35  0
33  -5  27  0
31  -16  32  0
-24  -16  28  0
26  36  -27  0
17  -28  -34  0
-17  8  -27  0
-34  12  17  0
-31  6  22  0
-36  -17  15  0
28  10  -12  0
-5  -22  27  0
-2  -10  -37  0
2  -27  -9  0
-35  26  -28  0
-34  -17  10  0
-14  11  -28  0
-16  -18  -25  0
18  22  7  0
1  30  33  0
7  -20  34  0
-19  -24  -5  0
-25  24  -22  0
36  -34  32  0
21  20  22  0
-6  -37  -32  0
-20  -15  16  0
-9  23  -27  0
29  -13  -25  0
-3  22  23  0
22  -21  -12  0
-10  -4  16  0
-12  -36  -13  0
19  9  4  0
-8  -30  -22  0
29  -6  27  0
8  -10  6  0
21  -16  -24  0
38  -31  -24  0
-10  -39  -40  0
3  -33  12  0
14  15  -33  0
-35  34  6  0
-17  3  5  0
9  -29  -10  0
-1  -38  -14  0
14  -30  -11  0
-25  1  -38  0
-15  -23  -22  0
22  -19  10  0
1  13  -10  0
-25  -11  7  0
38  15  -16  0
-25  -8  -26  0
19  -24  -32  0
11  19  -25  0
32  30  14  0
27  -5  18  0
38  24  -5  0
-9  -36  -26  0
-13  33  -24  0
-8  2  -18  0
5  10  -11  0
1  31  13  0
35  18  9  0
4  31  -35  0
-40  -36  11  0
35  -3  -12  0
-11  10  2  0
-33  16  8  0
-5  22  1  0
-4  -37  -12  0
40  37  13  0
-6  -14  -32  0
21  -38  35  0
36  13  -27  0
-18  -14  -23  0
-13  -39  -37  0
21  -29  40  0
-31  -12  -29  0
-20  13  32  0
-8  38  -23  0
27  -20  -5  0
30  -8  22  0
-35  -21  12  0
10  -35  3  0
-35  27  32  0
19  -14  25  0
40  -21  -33  0
-21  4  -12  0
-34  18  -12  0
14  2  -21  0
34  -1  -36  0
-3  14  -27  0
34  27  3  0
-28  -32  -15  0
-7  -14  -35  0
40  29  22  0
3  28  30  0
-33  20  -35  0
-31  26  -10  0
-39  -1  -15  0
16  15  -3  0
-26  -37  -16  0
38  -5  -8  0
-8  36  21  0
5  -3  16  0
6  10  29  0
-14  -22  30  0
-23  -16  31  0
29  22  -34  0
10  39  -1  0
31  -6  12  0
-35  -2  36  0
-40  19  11  0
-39  11  13  0
32  -17  -38  0
-24  -16  2  0
34  -26  -33  0
-6  -35  -7  0
15  37  -8  0
34  -33  -6  0
7  -27  16  0
-22  -31  2  0
1  7  32  0
14  20  -36  0
5  24  35  0
35  5  -3  0
31  -15  1  0
-28  14  -32  0
-33  -40  -31  0
14  -27  6  0
10  23  21  0
-20  -6  -14  0
-16  -21  -3  0
1  -5  22  0
-13  31  36  0
1  21  8  0
2  20  -21  0
20  -21  38  0
38  28  23  0
10  -35  -17  0
-15  -8  -32  0
-12  -29  -20  0
-30  22  8  0
-16  -24  40  0
-30  9  -26  0
15  2  3  0
32  25  16  0
-11  22  -1  0
-19  -22  16  0
23  -7  -32  0
-33  23  -15  0
-8  -7  -40  0
-40  -5  15  0
22  27  -39  0
17  -26  -33  0
