c mkcnf random cnf with seed 217801, max clause length 3
c FORCED SATISFIABLE
c 
p cnf 40  172
-14  -9  -28  0
26  2  15  0
-23  24  -1  0
-21  -27  -1  0
-25  -35  -11  0
6  -32  -5  0
33  29  -16  0
-21  17  28  0
38  9  30  0
28  -10  -7  0
-20  -11  25  0
8  7  21  0
36  16  10  0
-20  -8  40  0
23  40  22  0
-8  39  -21  0
-2  13  -4  0
27  -28  36  0
39  -25  -30  0
33  14  34  0
22  -40  25  0
-38  33  32  0
-39  -38  -29  0
25  17  4  0
-9  21  14  0
28  26  -39  0
-36  10  32  0
-24  -31  35  0
22  -13  16  0
8  -38  24  0
18  30  -15  0
19  16  -5  0
-8  -33  -12  0
-34  -31  -27  0
23  14  19  0
-14  39  12  0
17  21  23  0
29  -13  -12  0
31  -11  39  0
18  25  -20  0
31  20  -38  0
-1  7  9  0
-3  -33  28  0
7  -27  23  0
-40  6  2  0
6  5  24  0
35  -29  36  0
2  -36  24  0
27  29  20  0
8  12  6  0
34  12  -5  0
17  34  3  0
8  19  28  0
-33  -14  -22  0
-7  -17  1  0
2  13  19  0
-18  -35  -3  0
28  40  -3  0
-38  -12  -18  0
38  -40  14  0
-10  23  -5  0
-37  34  -36  0
10  2  -8  0
10  -38  -19  0
18  -29  -28  0
8  35  33  0
29  17  2  0
21  -9  40  0
20  -36  -6  0
-36  -3  25  0
-1  -34  4  0
11  7  29  0
-27  -29  10  0
24  30  -8  0
-10  19  -31  0
15  -24  8  0
17  -21  -7  0
38  -5  8  0
9  -28  -2  0
-1  -36  11  0
38  15  29  0
-20  -30  11  0
7  16  -17  0
-1  9  39  0
-8  19  -18  0
22  -31  35  0
15  -27  38  0
13  2  -30  0
33  32  -10  0
33  -6  37  0
-10  12  24  0
-34  27  -40  0
-34  -9  27  0
35  4  16  0
30  21  4  0
19  24  27  0
-3  9  -26  0
5  32  6  0
-22  15  11  0
23  25  -29  0
30  -36  -16  0
38  -16  22  0
40  1  -35  0
1  -22  9  0
-40  -33  -23  0
24  -39  22  0
-21  1  17  0
7  -30  -13  0
-2  22  -15  0
-40  -12  -19  0
21  -28  18  0
-6  3  -19  0
-14  25  -8  0
13  5  -18  0
35  20  10  0
-7  -9  -31  0
-3  -35  -24  0
33  -1  -14  0
-37  -34  -3  0
23  27  10  0
-22  32  11  0
18  -4  -10  0
-25  4  -18  0
-27  -32  -30  0
16  -5  -36  0
18  -40  -20  0
-28  -35  -29  0
15  -19  -8  0
-38  -7  15  0
-26  -27  13  0
-33  5  24  0
-11  -12  -37  0
1  17  -8  0
-22  -7  11  0
-40  -34  10  0
-1  3  -32  0
-1  -39  -22  0
-37  -8  -40  0
17  -36  -37  0
3  17  38  0
-21  -32  -27  0
-9  -27  -19  0
-35  -37  11  0
-21  14  -34  0
9  -5  -34  0
5  18  14  0
-29  -8  24  0
-36  27  -26  0
-32  16  6  0
-39  -40  -8  0
25  -30  -22  0
10  -19  6  0
35  24  25  0
29  21  8  0
-18  -8  -20  0
7  -2  -30  0
22  -40  12  0
-36  2  31  0
-13  -5  -21  0
28  -10  25  0
-37  27  7  0
36  32  16  0
35  -26  13  0
-4  -40  -13  0
13  -28  -7  0
-3  5  4  0
-11  30  23  0
31  -6  16  0
-25  -7  30  0
-25  -22  -23  0
2  -9  35  0
-33  -21  29  0
