c mkcnf random cnf with seed 217818, max clause length 3
c FORCED SATISFIABLE
c 
p cnf 40  172
-16  -26  -17  0
4  5  24  0
-23  4  -15  0
-36  -8  -10  0
17  8  -7  0
-17  -22  -32  0
17  8  -27  0
22  -12  -19  0
25  12  -38  0
25  -34  -6  0
-14  -27  19  0
-16  9  37  0
12  5  23  0
28  37  34  0
-36  30  -26  0
18  19  33  0
36  14  -17  0
-3  9  -36  0
-34  -29  -19  0
18  -15  -4  0
-34  -5  -18  0
21  5  -31  0
-27  11  -5  0
4  -3  -15  0
-4  -40  16  0
10  -39  11  0
40  -13  -26  0
5  -24  40  0
16  -35  36  0
26  -33  -13  0
28  4  14  0
10  -34  27  0
14  34  3  0
34  -16  27  0
-39  -23  38  0
-16  -6  -9  0
-40  -3  18  0
1  -8  28  0
-28  -11  -19  0
14  -20  2  0
27  6  18  0
20  18  21  0
21  20  -24  0
15  3  16  0
1  -15  -36  0
-4  16  -18  0
-17  -6  -35  0
-6  -22  -23  0
15  37  -31  0
13  30  34  0
33  -7  28  0
22  -11  -36  0
17  30  26  0
-5  -14  31  0
30  -27  -14  0
-19  -11  -12  0
27  -34  15  0
-33  21  17  0
-36  40  2  0
11  37  25  0
-39  -35  12  0
23  19  2  0
37  -23  -31  0
-18  -31  17  0
3  23  -36  0
1  -26  -14  0
-38  28  19  0
40  31  34  0
16  -14  39  0
15  25  -22  0
16  -14  -22  0
-22  -28  -9  0
6  2  4  0
-4  40  25  0
28  40  18  0
4  -29  -35  0
-22  33  39  0
-34  2  12  0
22  3  -7  0
20  -30  10  0
15  25  35  0
-25  -30  23  0
-6  -18  27  0
35  20  -19  0
-21  28  -30  0
39  -14  -18  0
6  -8  -22  0
22  19  -10  0
-27  2  3  0
-8  -20  -3  0
21  36  34  0
-6  24  -2  0
-13  -4  28  0
23  -2  36  0
-32  27  -34  0
-14  34  13  0
21  39  4  0
-26  19  -34  0
5  -7  12  0
32  -7  -11  0
-3  -9  11  0
-8  -40  -3  0
18  22  -31  0
-22  24  18  0
15  -9  34  0
-13  -39  3  0
-36  -20  -30  0
-8  -21  15  0
-8  -24  20  0
-10  -29  17  0
-3  -7  -28  0
-25  26  21  0
-14  -29  -2  0
-4  -28  34  0
-20  -40  3  0
25  -34  22  0
9  17  -24  0
5  -26  -24  0
-25  -23  -10  0
-29  6  -34  0
-10  -31  20  0
-15  -29  -32  0
21  34  24  0
10  38  -9  0
24  34  23  0
18  26  36  0
8  14  -26  0
11  -15  -2  0
33  29  3  0
-6  -29  35  0
-25  18  37  0
17  30  -23  0
-15  36  -20  0
27  16  -34  0
4  40  -2  0
31  -16  11  0
22  3  -38  0
39  32  -23  0
-35  16  -29  0
4  -3  29  0
-7  30  -37  0
-21  4  -11  0
28  19  -9  0
-8  9  -25  0
24  21  -19  0
-24  12  3  0
-37  20  -15  0
2  -33  -23  0
17  9  -16  0
-35  29  -38  0
13  9  -39  0
23  -11  -38  0
-3  -29  -7  0
-36  -12  -25  0
-33  37  -31  0
-8  -14  23  0
27  -18  -14  0
15  38  -16  0
-35  -33  24  0
18  -29  -21  0
33  26  -20  0
-26  25  1  0
-36  -12  11  0
-27  -36  12  0
10  -15  8  0
-23  31  40  0
36  2  35  0
-14  -32  -3  0
-38  16  34  0
-4  -26  30  0
-10  -37  -14  0
-26  -2  13  0
