c mkcnf random cnf with seed 217814, max clause length 3
c FORCED SATISFIABLE
c 
p cnf 40  172
15  -8  -7  0
-32  40  -8  0
-34  18  -3  0
-34  -14  23  0
-39  36  33  0
35  -36  -25  0
-26  35  -23  0
-27  11  10  0
-8  -36  14  0
-30  -21  -4  0
-20  -12  31  0
-7  -3  11  0
3  -40  12  0
22  15  17  0
-26  15  29  0
-27  -22  -8  0
17  10  25  0
34  20  33  0
-38  39  5  0
-17  -20  11  0
-8  -22  -29  0
-4  -22  11  0
31  -6  38  0
-15  2  19  0
-12  -9  33  0
-40  11  33  0
37  10  -16  0
37  -33  -36  0
5  -29  -33  0
28  -6  2  0
-38  10  25  0
23  1  4  0
-6  40  -12  0
22  -1  -34  0
-9  -35  -23  0
10  -20  -40  0
34  -39  12  0
-37  -18  -9  0
10  -21  16  0
-9  17  37  0
-35  -28  -17  0
-20  -19  -37  0
-40  23  22  0
18  -32  26  0
35  -33  -10  0
-27  23  -11  0
38  33  -32  0
33  4  7  0
36  -23  -28  0
-38  20  40  0
35  -6  -34  0
-3  -2  19  0
-32  13  29  0
-39  -40  -33  0
-29  -26  -39  0
4  31  38  0
30  -23  -10  0
18  -25  -26  0
8  -20  37  0
-36  25  -38  0
-13  31  -11  0
-9  20  5  0
40  6  26  0
-14  23  7  0
-21  36  -24  0
-14  -32  -11  0
-29  -40  38  0
-14  -15  -7  0
-38  -17  15  0
15  -5  20  0
-3  2  -19  0
-12  9  19  0
-29  -34  17  0
-10  6  12  0
17  -37  -12  0
9  -32  5  0
8  -39  28  0
23  -13  -40  0
-9  32  -3  0
-35  -15  -39  0
-25  7  -9  0
8  22  24  0
-33  -27  9  0
31  -13  8  0
37  -5  -11  0
11  33  26  0
10  15  39  0
27  -2  40  0
-2  -8  -35  0
-29  7  21  0
8  -38  10  0
8  13  -9  0
-20  -14  -35  0
-12  8  -4  0
19  -10  -27  0
-25  -37  12  0
-28  -40  15  0
11  23  18  0
27  31  40  0
20  -32  11  0
22  30  -14  0
16  28  33  0
19  -26  -18  0
-39  26  28  0
9  -38  15  0
-15  19  -32  0
4  -36  -32  0
-40  -19  -8  0
23  -14  -21  0
-25  -16  33  0
36  -21  19  0
17  -15  26  0
-6  40  -12  0
-10  -31  -27  0
40  36  -24  0
17  35  20  0
4  12  19  0
1  -12  -36  0
34  -10  -21  0
40  -36  5  0
39  2  23  0
-14  24  -17  0
20  6  -36  0
39  -13  3  0
14  -30  -2  0
-17  -38  20  0
2  -1  34  0
10  3  37  0
-30  33  -18  0
24  38  4  0
-23  -15  -6  0
-17  11  -35  0
6  16  18  0
1  20  -16  0
9  22  -15  0
-8  4  -2  0
-36  16  -28  0
-34  -39  14  0
-35  10  29  0
-26  -36  14  0
-38  -33  27  0
24  -20  -3  0
-18  17  35  0
5  -22  -17  0
-39  -26  -2  0
-4  -38  22  0
20  -8  -31  0
10  -19  33  0
5  -20  -34  0
30  -10  -36  0
-34  3  40  0
17  -27  32  0
25  -40  -39  0
29  14  -10  0
-5  -13  32  0
19  -39  3  0
27  24  11  0
31  -5  14  0
35  40  12  0
-14  15  1  0
16  9  -38  0
38  6  19  0
38  1  13  0
18  23  30  0
-16  -39  12  0
2  -6  -22  0
7  39  -22  0
37  -27  -26  0
-30  22  -12  0
-27  -6  -18  0
-28  -13  -11  0
34  21  26  0
