c mkcnf random cnf with seed 217794, max clause length 3
c FORCED SATISFIABLE
c 
p cnf 40  172
13  40  1  0
18  7  34  0
-10  -7  -6  0
-18  39  -25  0
31  -2  -16  0
-33  16  -35  0
9  16  26  0
-39  -23  -22  0
14  19  -38  0
-24  16  21  0
-6  4  32  0
-9  -18  -13  0
26  -11  -3  0
37  21  35  0
-28  24  -31  0
29  -21  38  0
13  -34  -29  0
-7  25  22  0
19  -12  -14  0
-8  28  34  0
-16  -14  -15  0
19  -32  29  0
-3  -17  4  0
32  24  10  0
-4  37  5  0
4  26  -5  0
-4  -34  23  0
31  18  -1  0
11  -5  -21  0
-21  -5  19  0
17  12  40  0
-4  21  -31  0
9  25  14  0
-38  -33  -11  0
10  13  -40  0
-14  -34  36  0
7  21  -14  0
7  -17  18  0
25  32  10  0
18  30  9  0
22  27  3  0
25  4  -6  0
33  35  -10  0
30  -29  -2  0
2  -12  -3  0
-30  -20  -39  0
-19  18  27  0
30  19  -3  0
-13  31  36  0
-36  -10  38  0
-15  18  -2  0
-15  -11  20  0
-13  -32  34  0
-18  -12  26  0
5  39  2  0
-21  13  -39  0
-17  23  13  0
-34  9  -36  0
-28  -14  -7  0
6  -31  20  0
-16  8  -37  0
1  -6  22  0
-16  -6  -17  0
28  -31  -29  0
40  5  21  0
-38  -20  8  0
-18  -24  10  0
-23  -22  6  0
38  29  -26  0
36  -1  17  0
33  -1  -21  0
17  1  31  0
34  39  7  0
17  13  11  0
16  -35  27  0
-6  23  24  0
33  -12  -30  0
-40  2  -26  0
22  -36  40  0
10  7  -30  0
23  32  -11  0
40  -6  -28  0
-37  10  16  0
-17  -34  -10  0
36  16  10  0
28  -9  7  0
-10  -36  -18  0
-3  38  -23  0
29  2  33  0
-21  -1  36  0
-26  28  14  0
5  35  -31  0
18  -3  25  0
12  -2  -5  0
-24  -25  18  0
-34  22  -3  0
-1  8  -13  0
-39  -31  -2  0
-14  -30  20  0
-33  -11  28  0
40  30  26  0
33  13  -35  0
7  21  -11  0
-37  3  -11  0
4  -6  26  0
40  -38  -25  0
6  26  5  0
-2  -6  27  0
-7  -23  18  0
15  28  -23  0
2  -15  5  0
18  33  -25  0
24  -1  35  0
-38  8  36  0
35  -17  10  0
12  -18  22  0
23  -32  -26  0
29  -15  12  0
22  -28  -38  0
30  40  -9  0
-25  -8  22  0
35  30  8  0
24  -35  -18  0
9  -27  -19  0
-5  40  -12  0
30  -8  -26  0
-18  13  16  0
-17  14  38  0
15  8  -17  0
22  -17  -28  0
26  10  -17  0
11  31  -10  0
18  -29  36  0
27  -29  -32  0
-6  27  4  0
-19  -16  -9  0
16  40  -11  0
35  16  36  0
-24  -39  -14  0
-15  29  -16  0
9  -14  2  0
36  -15  16  0
6  35  -4  0
5  7  15  0
16  25  19  0
4  2  -20  0
35  -20  38  0
-36  26  -1  0
-26  37  3  0
34  21  26  0
-29  14  -17  0
27  -29  -10  0
-36  15  -24  0
-5  40  -31  0
25  -37  9  0
33  -38  -23  0
21  15  19  0
-6  23  10  0
11  -2  -13  0
-22  -39  15  0
-2  -6  18  0
-39  19  29  0
38  4  -29  0
5  39  16  0
36  -40  -23  0
18  24  -15  0
38  36  18  0
-35  -15  -26  0
-12  21  38  0
-5  -35  -31  0
-28  24  -13  0
-8  -1  7  0
