c mkcnf random cnf with seed 217779, max clause length 3
c FORCED SATISFIABLE
c 
p cnf 40  172
-12  8  36  0
34  9  -19  0
-14  -33  -35  0
21  7  18  0
14  -39  33  0
-12  19  -36  0
1  -36  -3  0
-5  -29  -4  0
-13  25  17  0
-34  -19  40  0
22  37  29  0
26  -18  31  0
-36  -24  -21  0
-14  17  -19  0
-14  -6  -8  0
-11  -10  -15  0
29  36  -9  0
28  -15  24  0
-25  -14  13  0
-38  4  20  0
-6  36  7  0
-28  -13  6  0
13  -31  -6  0
-6  34  -17  0
15  34  35  0
-7  2  -4  0
13  -4  -15  0
26  -34  -21  0
-20  11  6  0
19  -28  21  0
-15  -32  8  0
35  -2  -3  0
11  -15  -16  0
4  -19  -39  0
-12  28  -15  0
18  13  -33  0
22  24  -37  0
-23  40  21  0
27  35  -16  0
37  -39  -25  0
-18  -27  -19  0
16  18  7  0
-18  -9  26  0
-21  -23  -39  0
-8  -7  1  0
-16  -15  7  0
33  37  -15  0
37  30  -7  0
-9  40  10  0
-32  -4  -17  0
-4  -21  27  0
9  -5  -40  0
22  -40  23  0
37  -22  27  0
-32  -21  17  0
-9  -20  24  0
-18  -9  32  0
32  -37  -7  0
-23  -16  -40  0
35  -1  -18  0
35  29  15  0
13  7  23  0
40  21  29  0
8  30  29  0
27  -10  -18  0
-13  -10  -34  0
7  4  -22  0
22  37  -15  0
-39  -22  38  0
-1  -19  27  0
21  -24  -10  0
16  -30  11  0
-10  -21  -29  0
7  -23  38  0
31  -10  34  0
1  13  -2  0
20  -19  -17  0
-18  37  40  0
-32  27  -4  0
-14  -8  -7  0
-6  33  -24  0
24  -10  -36  0
-13  -39  -28  0
-20  23  -11  0
11  -17  -30  0
38  7  -13  0
-24  -38  32  0
-32  -14  34  0
21  33  30  0
-38  29  39  0
-38  19  8  0
22  16  8  0
13  -7  -33  0
4  22  27  0
8  -11  19  0
-28  -23  -16  0
20  38  -6  0
-5  -3  -39  0
-23  -5  34  0
9  -40  10  0
-40  -23  25  0
23  34  40  0
2  28  37  0
-31  -24  -16  0
-10  -39  16  0
-18  34  1  0
-24  4  -13  0
-23  -27  30  0
17  34  -5  0
21  -3  15  0
32  26  12  0
13  31  -35  0
37  27  -39  0
-19  35  -11  0
-11  -6  -22  0
-29  14  -37  0
-29  -31  19  0
40  -34  -18  0
-12  2  24  0
-5  40  26  0
30  -39  -35  0
-17  -22  24  0
-4  40  6  0
15  -34  -20  0
21  -26  15  0
18  6  27  0
40  -39  18  0
-19  2  -18  0
-34  -4  -14  0
39  35  -33  0
9  2  -14  0
-7  19  -36  0
-14  6  -3  0
6  26  -11  0
39  -29  8  0
31  18  29  0
27  1  -8  0
-22  -19  7  0
-26  25  7  0
2  -3  -14  0
-40  19  32  0
-6  30  14  0
21  32  -13  0
-32  1  38  0
26  -10  -14  0
36  24  2  0
14  13  -20  0
-25  32  -28  0
-23  2  4  0
-5  4  -37  0
6  2  -37  0
40  -39  19  0
-36  -1  -12  0
22  -19  13  0
33  7  37  0
-24  -26  6  0
13  25  26  0
-21  19  3  0
32  -40  -17  0
3  23  2  0
-10  -27  -17  0
40  15  2  0
-12  -40  -11  0
-19  -30  -7  0
-36  40  3  0
-27  17  -3  0
29  -13  -21  0
-12  14  9  0
-25  -36  3  0
16  -2  -21  0
-23  37  32  0
4  -39  8  0
