c mkcnf random cnf with seed 217793, max clause length 3
c FORCED SATISFIABLE
c 
p cnf 40  172
13  -27  9  0
20  14  4  0
-13  -10  -35  0
-16  17  26  0
16  24  -11  0
-25  35  37  0
32  34  33  0
3  -37  -12  0
-19  27  28  0
-33  -2  8  0
36  30  5  0
8  -5  -11  0
31  23  -6  0
-32  10  -25  0
15  -23  20  0
-10  -11  -32  0
-16  24  -18  0
-3  -33  -5  0
23  17  20  0
10  25  12  0
-28  35  -37  0
29  -27  -15  0
-32  40  36  0
-15  -24  -30  0
13  33  -6  0
8  -34  -40  0
5  39  14  0
33  -15  34  0
-34  38  7  0
28  23  -8  0
34  32  -39  0
38  -37  24  0
-19  -31  -7  0
40  17  -5  0
8  -24  18  0
5  -40  33  0
-11  21  17  0
-33  -20  -8  0
17  15  18  0
-33  -28  -1  0
-13  -31  33  0
10  -29  38  0
-17  -11  8  0
-18  11  -29  0
11  -26  -10  0
-35  14  -7  0
-19  31  13  0
-24  -19  36  0
-7  -8  -29  0
37  -1  -11  0
30  -32  -24  0
-26  -7  -19  0
14  37  5  0
18  3  4  0
22  32  1  0
-10  -21  -40  0
29  -10  16  0
-13  36  12  0
-35  -32  -16  0
-4  22  19  0
-14  28  -8  0
-23  20  -32  0
34  -25  -27  0
-9  -3  34  0
21  33  27  0
8  28  -26  0
40  -37  39  0
18  -35  4  0
21  36  17  0
-14  34  -24  0
-1  32  19  0
-36  -1  40  0
-1  33  10  0
-26  -37  -24  0
22  -8  -26  0
-37  6  15  0
-35  10  13  0
-27  -12  -22  0
24  -10  -32  0
-17  -10  -23  0
17  -11  -6  0
36  25  4  0
-13  31  -25  0
-9  -36  -33  0
39  -7  30  0
-2  -22  -15  0
-12  23  -3  0
-13  -2  8  0
-25  15  -14  0
-8  -20  39  0
15  30  23  0
16  -24  -3  0
13  -21  -33  0
-6  -12  2  0
8  -38  -20  0
9  40  -20  0
-15  -13  29  0
8  17  -36  0
40  14  -6  0
-3  -19  24  0
13  4  -19  0
-21  -8  32  0
13  -34  30  0
-4  38  20  0
-5  -31  -19  0
-19  -14  40  0
20  -17  22  0
-7  1  34  0
28  -8  2  0
40  10  -2  0
5  17  1  0
28  1  -40  0
-14  -39  7  0
-30  3  -29  0
33  1  -28  0
-38  11  3  0
22  29  31  0
11  4  -27  0
-15  14  -9  0
40  -8  7  0
6  -4  -5  0
15  39  -18  0
1  -22  35  0
24  -25  -15  0
20  5  -3  0
-31  32  -18  0
31  34  19  0
15  21  39  0
18  -39  -8  0
13  -22  -15  0
39  -24  28  0
-39  -5  -35  0
-1  -38  -33  0
7  -2  21  0
14  -22  36  0
19  12  -35  0
-22  9  17  0
-24  35  -13  0
32  -8  33  0
30  -6  -22  0
26  -2  7  0
-29  2  31  0
24  12  -40  0
21  38  -5  0
-19  27  26  0
34  -17  -25  0
-25  31  10  0
-33  -12  26  0
-30  -13  17  0
15  34  21  0
22  2  -34  0
-12  -35  -39  0
33  -39  23  0
24  3  21  0
38  -35  -16  0
24  -40  -39  0
-35  5  16  0
31  12  20  0
2  28  15  0
-7  -34  -35  0
25  -11  -7  0
24  -3  18  0
-33  -5  -20  0
33  30  3  0
21  12  -28  0
1  -17  21  0
-36  -19  14  0
27  -21  -20  0
-23  2  29  0
-23  28  -34  0
26  -36  23  0
34  2  -14  0
