c mkcnf random cnf with seed 217797, max clause length 3
c FORCED SATISFIABLE
c 
p cnf 40  172
13  -38  -18  0
39  -10  34  0
-30  14  -31  0
24  35  -18  0
-23  38  -2  0
11  15  -20  0
-33  21  23  0
23  -27  32  0
-27  23  19  0
29  -31  -34  0
29  -7  -19  0
-10  28  -37  0
-15  -32  40  0
39  -20  -37  0
-36  5  31  0
32  -35  -34  0
32  4  -20  0
-4  6  -19  0
11  34  -28  0
-29  -30  5  0
-31  12  7  0
8  31  -23  0
17  -38  -6  0
17  27  -18  0
-28  15  -7  0
20  -17  -11  0
-15  22  -21  0
-21  -3  -2  0
-40  -16  -21  0
-25  29  -16  0
27  -22  2  0
-7  -6  22  0
-10  -39  -33  0
-38  -7  -2  0
37  24  38  0
-20  -18  -34  0
-4  30  33  0
-34  10  -24  0
23  -28  22  0
11  -1  -16  0
11  -14  6  0
-35  -39  36  0
9  13  12  0
-16  -4  -25  0
-27  23  -15  0
26  -35  7  0
13  -29  4  0
-19  32  28  0
1  30  17  0
-22  30  13  0
-14  -2  27  0
-39  22  4  0
-34  14  37  0
33  13  31  0
-11  26  -22  0
-29  -6  -1  0
3  18  25  0
-13  12  -15  0
-32  11  9  0
35  28  -5  0
-4  -30  -16  0
-13  -5  -3  0
29  -30  -1  0
-37  -26  25  0
-28  30  10  0
-34  -30  -15  0
13  2  32  0
-37  31  -4  0
-24  -5  31  0
24  11  19  0
14  6  18  0
-19  3  11  0
-23  16  -37  0
27  -31  -16  0
28  5  37  0
-14  33  12  0
-34  13  -20  0
14  -36  1  0
-8  -19  35  0
-10  -24  11  0
40  21  -14  0
-33  10  39  0
-17  -23  38  0
21  -18  -28  0
1  -17  22  0
3  -4  -1  0
-35  -33  2  0
-34  35  28  0
-1  36  34  0
-37  11  -12  0
-18  36  -11  0
-22  34  29  0
35  -23  34  0
25  14  5  0
-16  4  -38  0
-26  38  -30  0
15  35  6  0
16  28  -10  0
21  22  36  0
1  20  32  0
4  -24  -6  0
29  -10  12  0
26  -24  27  0
38  -10  29  0
39  12  17  0
-30  1  -7  0
-37  -20  -21  0
38  3  -18  0
20  -13  40  0
-18  -7  3  0
8  -40  1  0
-39  21  8  0
-11  22  1  0
11  -15  -26  0
-29  4  7  0
9  22  -37  0
-9  15  36  0
21  23  -27  0
24  -4  -12  0
39  4  25  0
16  -23  1  0
30  7  -39  0
-9  37  6  0
40  -1  -12  0
-2  -30  -37  0
-11  10  18  0
38  21  12  0
11  -36  32  0
40  7  -20  0
-29  27  -13  0
-29  -22  -8  0
-34  19  -20  0
-28  -30  4  0
2  -19  -17  0
40  -15  -5  0
-12  16  -26  0
34  4  -31  0
-11  5  -1  0
-32  -8  14  0
32  39  26  0
-5  -1  -4  0
-11  -2  -6  0
34  29  31  0
20  -11  -1  0
10  35  20  0
-22  8  -37  0
11  25  -39  0
-6  39  -32  0
13  -26  10  0
37  -13  -36  0
7  -33  -25  0
-10  -27  -26  0
30  -9  -26  0
-39  31  32  0
22  -23  -17  0
-14  33  39  0
25  -1  36  0
19  -11  39  0
27  2  -38  0
-27  -37  40  0
19  -11  37  0
-15  -13  4  0
16  29  -9  0
6  29  -1  0
-4  -25  28  0
2  -5  -11  0
14  -9  35  0
28  27  9  0
1  9  -33  0
13  -22  -15  0
-2  3  8  0
34  27  24  0
