c mkcnf random cnf with seed 217836, max clause length 3
c FORCED SATISFIABLE
c 
p cnf 40  172
17  -16  40  0
9  -7  -39  0
11  16  20  0
25  20  2  0
-36  -10  22  0
33  36  -21  0
13  31  -7  0
24  -35  38  0
-8  21  -38  0
-37  4  9  0
-3  2  -34  0
37  -29  -25  0
-20  -17  31  0
-6  -8  -36  0
-9  36  -10  0
-35  -39  -22  0
20  -25  23  0
-30  -20  6  0
-28  -36  9  0
-3  -34  -16  0
-21  -23  7  0
12  -16  31  0
26  18  3  0
36  27  -4  0
19  29  23  0
3  -2  23  0
15  29  14  0
39  35  36  0
3  32  -35  0
-40  -4  35  0
-38  5  11  0
-3  -17  20  0
15  -2  -6  0
21  3  2  0
-32  20  -3  0
10  -22  4  0
2  39  22  0
4  -33  -19  0
14  -28  23  0
-29  1  18  0
26  18  -36  0
-38  14  31  0
23  -22  -16  0
21  24  -8  0
-18  8  -3  0
-30  -20  -12  0
-11  -19  -5  0
19  -10  11  0
38  -5  -31  0
-12  14  -5  0
5  -33  21  0
-20  -8  38  0
33  17  -19  0
33  23  -4  0
-19  31  14  0
-38  -11  6  0
22  21  7  0
2  -7  19  0
-24  32  -39  0
39  -32  -9  0
38  -34  -23  0
-17  -4  32  0
-3  -26  -7  0
33  -16  -7  0
10  34  -17  0
17  -14  -39  0
35  28  2  0
-18  4  -25  0
-24  15  -34  0
-10  -11  -20  0
17  -39  38  0
-3  -22  -2  0
-13  5  -36  0
22  -9  -40  0
-15  -35  20  0
30  -32  37  0
18  1  13  0
-29  3  23  0
27  -34  -2  0
7  -10  -31  0
5  34  -32  0
-40  35  -1  0
4  6  -36  0
-12  -35  -8  0
-31  12  3  0
31  7  30  0
-31  19  -20  0
-30  -35  5  0
-5  -7  -20  0
22  20  -13  0
9  -5  35  0
18  -31  30  0
-1  3  -25  0
-14  -8  -17  0
9  -3  -8  0
-8  -10  -26  0
29  27  11  0
35  -24  -8  0
37  -4  8  0
3  -24  28  0
38  20  -21  0
19  18  20  0
-36  19  -9  0
28  30  23  0
-24  -29  20  0
12  -19  37  0
-30  22  23  0
15  17  22  0
-38  3  25  0
35  -28  -29  0
-20  -39  -19  0
-33  38  15  0
-21  4  -32  0
13  12  36  0
-10  9  -7  0
24  18  -32  0
-13  28  6  0
-24  -25  27  0
-1  -7  -31  0
19  -18  14  0
26  35  -12  0
32  7  -29  0
-40  28  8  0
-37  36  19  0
-17  -19  27  0
3  15  29  0
-28  -24  -1  0
8  -25  12  0
26  30  -8  0
23  -13  5  0
34  -35  -39  0
12  31  36  0
-17  -15  -36  0
-12  -35  -4  0
36  18  21  0
-27  26  -9  0
8  -32  -12  0
31  -28  -10  0
-1  -9  31  0
22  36  2  0
1  36  21  0
-5  -9  15  0
-35  3  -14  0
27  -23  7  0
-40  33  -11  0
-20  -15  -30  0
-23  6  -1  0
12  33  -29  0
-38  32  -23  0
-32  18  -11  0
-27  -14  -34  0
-12  -4  -40  0
33  -7  -31  0
12  14  11  0
-9  -19  38  0
23  27  -5  0
23  -5  -7  0
10  -30  -24  0
-29  -22  30  0
33  -30  5  0
11  34  -39  0
-1  -23  -36  0
11  12  16  0
-1  -18  23  0
-20  21  5  0
-14  -37  17  0
-4  1  36  0
-8  7  31  0
-31  24  20  0
17  -35  -39  0
-3  2  -20  0
-12  39  -3  0
