c mkcnf random cnf with seed 217786, max clause length 3
c FORCED SATISFIABLE
c 
p cnf 40  172
-12  18  -22  0
22  -34  -16  0
-26  -1  35  0
-28  -39  -22  0
-13  37  39  0
-21  40  -3  0
14  -37  -27  0
24  22  -36  0
-24  34  -19  0
-26  30  18  0
37  5  17  0
7  31  -9  0
37  33  -36  0
35  -22  -13  0
-15  -27  -7  0
21  11  30  0
-25  -5  4  0
-10  -9  12  0
-18  29  36  0
36  32  27  0
37  24  5  0
-7  34  -14  0
-9  -31  2  0
18  5  25  0
-13  -36  14  0
6  -2  37  0
-32  39  -11  0
-21  -34  14  0
22  7  -32  0
-27  -8  35  0
-7  -1  3  0
8  27  36  0
7  -36  35  0
1  -23  36  0
-37  -31  -4  0
35  -26  -23  0
8  -1  27  0
-36  38  -35  0
-4  14  27  0
-17  39  9  0
35  -31  30  0
-12  19  32  0
-18  -29  -16  0
-20  12  -10  0
-31  40  -30  0
-4  27  -35  0
-37  39  7  0
-4  -14  23  0
7  -33  26  0
-40  15  4  0
-8  26  32  0
30  24  -35  0
-22  -6  8  0
1  32  -35  0
-11  -32  -2  0
-16  -37  -15  0
-19  30  -7  0
-29  -15  -30  0
-4  34  12  0
15  -3  -18  0
11  -8  -16  0
-15  23  -5  0
-33  37  16  0
18  -31  -14  0
29  27  35  0
-14  24  -20  0
-13  -7  1  0
-32  -24  31  0
-3  40  12  0
35  -9  22  0
13  -39  -12  0
-10  -40  29  0
19  4  -20  0
35  -21  25  0
31  -6  36  0
-24  -22  20  0
28  -35  23  0
-38  16  -33  0
10  -8  -4  0
32  37  -40  0
-33  -1  21  0
-3  -39  -37  0
-6  40  26  0
4  -9  5  0
15  11  31  0
-12  34  22  0
-33  -35  4  0
3  5  38  0
4  28  14  0
39  26  9  0
5  -18  1  0
-14  -34  25  0
36  8  13  0
6  -8  36  0
39  23  -12  0
-10  26  -19  0
-8  1  -12  0
28  -26  31  0
25  -38  20  0
-14  -8  29  0
23  5  3  0
39  -15  -1  0
29  1  30  0
7  2  -4  0
11  -10  40  0
-27  24  18  0
-38  -2  14  0
-23  -26  21  0
29  3  5  0
1  6  -13  0
14  21  -31  0
40  2  32  0
-8  -15  -9  0
10  -2  -38  0
11  27  -39  0
-17  39  -33  0
-23  4  7  0
18  -21  -36  0
-14  -33  -38  0
28  -6  -18  0
20  -33  -34  0
31  38  9  0
-21  -22  -10  0
-38  14  27  0
-13  21  -4  0
-12  -32  -25  0
-21  37  -9  0
24  -7  6  0
-19  -2  5  0
12  -23  37  0
-2  23  27  0
9  -28  34  0
38  -33  6  0
-24  -3  39  0
-6  32  -12  0
-6  38  -10  0
-31  20  27  0
-5  36  11  0
-20  39  12  0
6  31  -36  0
2  10  -25  0
-9  -38  -11  0
-14  -1  23  0
38  -2  -1  0
-7  -2  39  0
21  -17  8  0
31  -16  -33  0
-22  -28  -37  0
-39  -31  33  0
-7  -13  22  0
-7  -32  11  0
-13  -30  34  0
-38  39  14  0
34  22  -29  0
35  22  -8  0
-12  -7  -20  0
25  12  13  0
-20  39  30  0
-22  -12  32  0
15  -12  -7  0
-9  -11  -32  0
-10  -36  26  0
36  15  40  0
-2  -1  12  0
17  8  -7  0
-40  5  -39  0
16  -38  18  0
3  -16  -32  0
25  13  -35  0
-34  23  -16  0
2  31  17  0
-11  35  13  0
