c mkcnf random cnf with seed 217841, max clause length 3
c FORCED SATISFIABLE
c 
p cnf 40  172
-18  40  1  0
-20  -17  -5  0
28  -1  -38  0
27  20  -22  0
3  27  -28  0
-33  -5  12  0
-35  -2  18  0
-29  33  -2  0
-9  27  -19  0
-20  8  10  0
-8  -1  -2  0
3  22  24  0
24  -17  -31  0
9  -34  28  0
6  12  11  0
16  -10  18  0
-9  -37  31  0
14  -35  31  0
-14  -17  -37  0
18  -36  -9  0
31  -5  18  0
-5  -35  -31  0
-21  -14  -27  0
7  40  -18  0
-35  1  -13  0
-11  30  -37  0
33  10  -30  0
-40  10  -26  0
5  22  7  0
-18  21  -14  0
13  -32  4  0
-11  -35  -15  0
35  -40  -11  0
13  36  26  0
-11  32  36  0
27  30  35  0
2  -27  -8  0
7  -26  15  0
-29  -39  4  0
-3  -11  -10  0
29  32  30  0
32  39  17  0
26  34  23  0
-9  -23  12  0
-38  -28  -16  0
4  38  22  0
-33  -1  38  0
-32  -4  -10  0
2  28  38  0
-18  36  28  0
32  -8  -13  0
-34  14  -33  0
34  19  -31  0
-40  25  39  0
34  10  21  0
-13  21  31  0
9  22  23  0
-20  -3  -11  0
3  -29  -20  0
-13  -20  -31  0
-5  36  33  0
-28  -22  4  0
-23  -33  -34  0
-7  3  -12  0
-25  -12  -32  0
30  5  9  0
23  -5  -26  0
6  -4  -16  0
17  28  -5  0
35  -8  -17  0
-16  -9  -32  0
12  6  26  0
30  11  15  0
10  -29  31  0
-18  -3  -36  0
38  8  -7  0
-38  36  13  0
-22  35  -5  0
11  -34  38  0
12  30  -4  0
9  39  30  0
19  -40  -32  0
-24  -2  19  0
2  -22  -10  0
25  31  -39  0
-9  27  -20  0
36  -29  -32  0
-4  -16  -1  0
-34  40  21  0
-34  -7  -27  0
-38  -34  29  0
16  2  31  0
-4  11  29  0
-1  40  37  0
-28  36  -23  0
-26  23  -29  0
-16  24  1  0
-16  32  -1  0
28  -4  9  0
10  11  -12  0
33  -38  32  0
33  -10  6  0
-6  18  38  0
-11  -28  -5  0
-31  -40  22  0
-11  7  29  0
29  9  40  0
-28  -2  7  0
38  26  9  0
9  -21  18  0
-22  15  -29  0
7  -25  27  0
38  -40  24  0
37  -40  -36  0
-33  34  -28  0
-27  -31  19  0
4  6  40  0
-31  -10  16  0
26  18  -28  0
-19  -14  -16  0
-25  4  -38  0
-36  -37  -13  0
-17  3  -23  0
6  3  9  0
-40  -29  31  0
14  39  35  0
36  39  26  0
-9  6  11  0
14  35  -11  0
-4  1  -35  0
-18  -22  20  0
-37  5  30  0
33  40  31  0
32  -18  25  0
-20  7  -38  0
11  -35  -26  0
4  28  38  0
32  1  17  0
-25  -18  7  0
-27  -9  -8  0
-14  -38  -9  0
38  14  -27  0
-14  -35  29  0
2  -39  26  0
28  -21  23  0
-6  -16  33  0
-29  16  14  0
-32  18  12  0
-25  -40  27  0
-9  4  2  0
-19  -35  -17  0
9  -6  36  0
-29  39  40  0
39  16  -18  0
-18  21  -34  0
31  5  -34  0
14  -23  10  0
22  -28  9  0
-22  -30  27  0
-1  6  5  0
-26  -14  17  0
33  -10  -34  0
-39  -8  -3  0
-10  -18  19  0
30  13  -22  0
-15  5  -7  0
-31  -23  14  0
-26  -9  -36  0
-14  11  -30  0
20  1  3  0
-11  6  16  0
-3  32  -6  0
