c mkcnf random cnf with seed 217789, max clause length 3
c FORCED SATISFIABLE
c 
p cnf 40  172
13  16  39  0
12  -11  29  0
35  -5  15  0
-14  -1  -18  0
18  -5  -6  0
-6  -18  -37  0
30  8  32  0
-31  -17  5  0
-22  -21  -32  0
29  -26  13  0
13  36  5  0
-32  -36  22  0
-15  -37  32  0
24  3  2  0
-2  -20  33  0
12  30  -7  0
-21  35  2  0
35  -27  -20  0
-7  -26  -24  0
23  -14  -28  0
-11  -9  -31  0
39  24  -3  0
-22  -32  18  0
-4  38  27  0
-20  -21  -26  0
19  -39  -36  0
-34  -9  -37  0
18  3  38  0
-14  -34  33  0
14  19  9  0
-36  -26  -30  0
-25  -21  11  0
-2  -28  -13  0
-12  4  -32  0
-37  6  -4  0
-36  7  -5  0
19  4  5  0
14  11  -27  0
-16  36  -34  0
39  -8  16  0
26  28  23  0
20  35  23  0
26  -33  -32  0
1  30  38  0
-29  -4  39  0
-34  22  -23  0
-25  -5  24  0
4  19  -1  0
-35  -1  -3  0
-10  34  -35  0
-24  -22  3  0
9  20  -4  0
27  6  15  0
12  22  35  0
-16  24  -23  0
-5  38  1  0
-15  31  4  0
-15  26  -14  0
-11  2  5  0
-17  32  12  0
38  32  18  0
-27  31  -40  0
-27  17  -38  0
5  25  26  0
-27  35  23  0
9  -13  -22  0
1  -37  26  0
2  32  26  0
-14  33  -11  0
5  -17  40  0
4  30  -38  0
-8  -21  -29  0
8  -26  33  0
-5  -7  -20  0
5  10  19  0
-38  26  -11  0
14  -9  -21  0
1  29  2  0
-25  -32  40  0
-8  -20  -12  0
-12  -22  -5  0
-17  25  37  0
16  37  26  0
10  -20  23  0
-18  -21  -8  0
-39  33  -12  0
-2  36  20  0
-34  -17  2  0
28  -2  -16  0
-1  28  4  0
11  -12  -40  0
8  -7  16  0
5  -39  -7  0
10  7  27  0
38  9  24  0
27  -7  -22  0
30  -18  31  0
35  -23  18  0
32  16  -38  0
-9  -27  -32  0
-39  32  26  0
12  -31  7  0
-9  39  17  0
-1  -19  -5  0
23  34  -35  0
3  20  36  0
-10  16  32  0
29  -3  7  0
27  31  -3  0
-8  -21  -36  0
36  -9  27  0
-7  -31  -24  0
39  30  -25  0
21  -40  37  0
3  8  -15  0
-26  -39  28  0
12  19  17  0
-10  -25  18  0
-23  -33  32  0
-35  -31  28  0
-1  -12  -24  0
39  -8  15  0
39  -6  -22  0
5  29  -10  0
30  -37  -19  0
-24  29  -16  0
-28  36  -18  0
-21  18  4  0
15  -27  -23  0
2  35  -20  0
25  29  -37  0
34  -37  -40  0
33  -24  -23  0
7  -14  -28  0
12  -10  -35  0
8  -4  -28  0
-17  39  29  0
-15  36  40  0
22  26  6  0
-34  -6  -9  0
14  6  4  0
-23  -5  30  0
-31  -35  -30  0
3  27  -17  0
-29  -1  2  0
-31  -1  5  0
-7  -11  -34  0
-36  -29  21  0
-10  23  -11  0
12  -15  -32  0
37  -28  -26  0
-10  -32  -33  0
10  -27  -12  0
-25  -1  22  0
-31  -7  21  0
-16  -20  -31  0
29  34  4  0
-14  -1  -27  0
1  -24  -28  0
-15  21  25  0
-20  -14  26  0
23  2  36  0
-32  -23  -24  0
18  -21  2  0
29  -16  21  0
17  22  -21  0
15  8  -24  0
6  12  15  0
14  -7  27  0
35  -22  5  0
-14  19  -1  0
33  -4  36  0
