c mkcnf random cnf with seed 217828, max clause length 3
c FORCED SATISFIABLE
c 
p cnf 40  172
-17  34  21  0
-34  -24  37  0
14  27  26  0
-13  -22  33  0
15  9  6  0
26  33  -1  0
-21  -31  -11  0
-36  19  22  0
-38  -15  4  0
-13  -19  -23  0
-24  -10  -14  0
13  -22  -14  0
33  5  -22  0
-29  11  -40  0
-35  -7  -27  0
25  -34  -21  0
-11  19  31  0
34  -7  22  0
-40  20  -3  0
27  2  -19  0
-24  -10  -36  0
2  31  -6  0
-1  36  10  0
-3  -34  -10  0
26  22  -33  0
4  3  -29  0
-20  -24  3  0
38  26  -5  0
-4  33  -16  0
-37  7  -22  0
-24  -20  -11  0
28  5  -18  0
-4  39  -33  0
-13  -37  -29  0
16  -29  -6  0
-5  20  14  0
23  10  -39  0
-2  -11  38  0
11  -33  -16  0
2  -4  -19  0
-30  -22  -26  0
-27  -1  5  0
13  -27  -7  0
-25  -38  -24  0
-29  24  -37  0
19  -1  14  0
-7  -21  -3  0
8  -1  18  0
1  38  -35  0
-37  -1  15  0
-19  -21  16  0
-20  35  32  0
-35  -31  -12  0
-20  15  9  0
-9  -11  -23  0
-13  -34  -24  0
-38  14  32  0
-37  -21  17  0
2  -21  15  0
-20  12  38  0
-12  -30  -28  0
32  8  -12  0
40  12  -28  0
-29  24  -40  0
38  25  17  0
10  7  11  0
-32  -1  27  0
-40  9  -38  0
-22  -21  9  0
-31  34  -20  0
28  -9  -22  0
22  -17  3  0
23  7  -21  0
-6  19  29  0
5  31  3  0
-30  -2  21  0
8  -33  -29  0
-20  6  -36  0
-9  -20  21  0
-10  -29  31  0
-23  -18  37  0
27  18  32  0
35  8  -19  0
-5  37  36  0
-19  22  35  0
26  -7  -20  0
-18  -35  -37  0
-26  -13  28  0
-31  21  11  0
39  7  -1  0
5  -2  -8  0
-31  -4  29  0
-15  4  17  0
-35  -18  -22  0
15  33  19  0
12  -40  18  0
6  30  12  0
26  -8  30  0
30  -12  14  0
-23  29  12  0
-12  -23  25  0
33  26  3  0
17  -31  23  0
-18  -27  20  0
37  14  -35  0
19  20  17  0
-19  -10  29  0
-17  32  16  0
-4  39  -33  0
-16  -26  -7  0
25  -15  7  0
34  30  24  0
-7  -14  31  0
34  -1  -35  0
2  -11  13  0
-3  24  -33  0
36  7  -16  0
36  -1  -27  0
-28  26  -15  0
33  11  -8  0
-37  12  -23  0
-20  -36  -12  0
-40  -39  -27  0
19  -33  1  0
21  -2  -24  0
8  -9  -38  0
35  7  25  0
37  34  -23  0
-23  14  -1  0
25  38  -24  0
-37  -13  40  0
-30  -10  -28  0
23  -2  22  0
23  4  36  0
-31  -32  -14  0
-40  34  -21  0
17  36  14  0
27  -26  -14  0
22  -40  -39  0
-16  -22  24  0
-16  12  -20  0
-8  -10  -26  0
40  31  -35  0
8  34  36  0
-18  -13  -9  0
-20  30  5  0
-12  -29  -39  0
27  14  40  0
-7  -34  -19  0
28  -5  20  0
-39  -5  -2  0
-29  -21  11  0
2  -31  -33  0
-33  -7  38  0
-31  -32  -25  0
33  25  16  0
37  32  27  0
2  38  -3  0
-6  24  -31  0
-17  18  -28  0
-22  17  -24  0
-36  -13  10  0
8  -40  38  0
-27  11  -38  0
-32  31  33  0
21  -38  19  0
-28  -2  -15  0
40  22  -25  0
31  17  19  0
-36  35  12  0
17  2  7  0
-6  -39  -30  0
