c mkcnf random cnf with seed 217829, max clause length 3
c FORCED SATISFIABLE
c 
p cnf 40  172
-17  7  -13  0
29  6  15  0
-27  -38  -5  0
-15  38  12  0
18  34  -1  0
33  37  -26  0
-40  28  8  0
40  -38  22  0
37  1  15  0
16  38  -18  0
-18  -37  -12  0
-30  33  -23  0
-40  24  13  0
-29  4  -14  0
21  31  -15  0
26  -16  40  0
36  37  -2  0
40  19  27  0
-9  -19  -40  0
1  -34  14  0
-39  6  21  0
1  4  -13  0
-40  -15  7  0
33  37  23  0
-9  40  34  0
28  -9  34  0
6  22  13  0
24  13  -27  0
3  11  -21  0
-13  -39  -3  0
-40  24  5  0
-12  17  30  0
-34  39  24  0
38  -31  -19  0
-6  -25  -17  0
-36  -29  7  0
-22  24  -9  0
39  7  -16  0
28  -5  22  0
-14  -26  -5  0
30  -1  -31  0
32  -15  4  0
2  -15  21  0
22  13  -38  0
-14  -33  -21  0
9  -13  -24  0
18  -17  -34  0
-3  1  16  0
3  9  -33  0
26  31  19  0
-31  22  -35  0
-22  1  -31  0
4  -26  -5  0
-10  3  -21  0
6  -2  7  0
15  -36  14  0
-22  15  33  0
22  28  -12  0
-27  -21  -24  0
-8  14  36  0
9  -26  -2  0
-26  6  -17  0
-12  -17  -38  0
35  -22  -12  0
-11  -28  29  0
26  -16  2  0
34  -35  -4  0
26  4  13  0
39  -37  -13  0
26  -35  -10  0
-37  -4  -1  0
-38  -3  40  0
14  40  -37  0
-27  -9  15  0
26  -5  14  0
-8  3  -36  0
-21  -11  -19  0
3  -2  -16  0
-17  19  7  0
-5  -20  -34  0
-8  32  25  0
-13  11  19  0
-12  -3  38  0
-33  8  -34  0
-23  28  -8  0
14  -21  16  0
-13  -22  -26  0
-39  38  35  0
-6  -4  -29  0
20  -15  -37  0
-30  -38  -26  0
-40  -33  -28  0
-8  32  -22  0
-20  -10  15  0
-1  -24  40  0
14  -2  21  0
-29  -31  -2  0
32  15  31  0
18  15  39  0
-3  -20  -28  0
5  35  12  0
31  24  -8  0
4  -21  -36  0
23  20  6  0
4  39  -26  0
-21  -18  32  0
34  10  -3  0
29  -16  14  0
37  30  20  0
22  -16  -20  0
-35  34  30  0
-10  6  20  0
9  -35  -25  0
-12  13  15  0
28  11  5  0
26  14  -30  0
24  -33  -23  0
35  -12  9  0
-2  -25  -23  0
7  -3  -34  0
-25  -20  -24  0
-31  36  -25  0
-7  8  -21  0
5  -33  -25  0
37  3  26  0
30  -39  25  0
-10  -19  14  0
-40  31  -4  0
2  -13  10  0
22  -3  11  0
-39  -33  14  0
-34  26  6  0
-28  11  -21  0
30  31  34  0
-15  -40  -10  0
3  -22  -8  0
-4  -29  -25  0
19  11  34  0
34  11  -21  0
32  40  31  0
29  -19  -33  0
30  -4  35  0
-22  19  -5  0
-38  34  -26  0
20  -5  -2  0
-34  -30  28  0
25  17  14  0
21  -35  -27  0
-38  4  -33  0
19  38  16  0
-19  34  18  0
-40  3  -29  0
8  -26  10  0
1  -9  14  0
19  -22  -26  0
-5  -29  -36  0
7  -33  -18  0
-31  35  -12  0
-24  -26  23  0
-36  23  1  0
2  -23  1  0
-9  -12  29  0
3  40  -1  0
28  -11  39  0
30  35  -11  0
-21  20  -12  0
31  12  -27  0
-22  -21  32  0
-31  -25  2  0
36  33  7  0
-36  -28  32  0
40  -1  -29  0
