c mkcnf random cnf with seed 217847, max clause length 3
c FORCED SATISFIABLE
c 
p cnf 40  172
-19  37  -35  0
13  -32  -22  0
32  25  -20  0
-24  -26  -8  0
-2  -39  22  0
2  26  37  0
-24  -2  15  0
-36  -10  19  0
-34  -39  40  0
27  -34  21  0
-24  38  17  0
13  -10  31  0
-16  8  35  0
-2  -15  23  0
29  8  7  0
-4  32  -20  0
31  -24  20  0
12  36  33  0
-28  -30  15  0
-24  -28  31  0
-6  -19  35  0
4  13  -37  0
22  -40  17  0
28  14  -26  0
9  3  20  0
-4  -7  -33  0
13  37  -18  0
-31  -12  -10  0
-3  -18  -33  0
-13  10  -4  0
-5  15  39  0
-4  18  13  0
-12  39  -19  0
36  3  -28  0
-40  -26  6  0
-37  -5  -10  0
4  6  38  0
-36  17  40  0
20  -29  6  0
5  -22  -6  0
25  -14  -17  0
38  14  -25  0
21  26  -29  0
7  -37  -34  0
-6  -25  34  0
17  28  1  0
40  13  -6  0
31  29  -35  0
9  -29  34  0
25  36  -26  0
4  35  29  0
25  -15  -40  0
9  -11  6  0
-27  -13  9  0
-32  -1  -38  0
4  -23  -15  0
2  4  38  0
24  -39  -38  0
39  -28  30  0
32  -39  -10  0
16  4  36  0
11  -1  2  0
-24  -36  8  0
3  33  -11  0
-16  8  -36  0
-32  28  1  0
22  -19  14  0
19  37  32  0
21  -25  13  0
22  29  -20  0
-26  -39  -2  0
37  34  3  0
-2  10  -19  0
-10  -5  -8  0
32  40  -31  0
-2  12  11  0
-29  -26  -39  0
27  -26  36  0
13  -18  6  0
-8  4  1  0
39  -2  3  0
3  13  22  0
32  -16  -27  0
-34  32  24  0
-38  13  -18  0
25  -17  39  0
31  4  37  0
15  26  -38  0
25  -7  -5  0
38  20  37  0
13  -27  -36  0
-37  4  -31  0
-36  5  -11  0
21  -25  12  0
-35  10  -5  0
-8  35  27  0
-7  -31  -40  0
-37  6  12  0
5  33  -30  0
31  26  35  0
-33  -19  34  0
11  31  -27  0
26  -36  16  0
-35  -9  -27  0
25  -40  39  0
-4  -30  -17  0
-30  -5  -25  0
-18  2  -7  0
-33  28  1  0
-9  -26  30  0
-24  37  38  0
-27  -29  20  0
-40  28  -8  0
40  -31  -1  0
-13  -38  11  0
-33  -29  12  0
35  23  33  0
2  10  8  0
-20  -38  30  0
40  36  -34  0
1  -20  34  0
18  35  8  0
9  5  -28  0
35  17  15  0
1  36  -20  0
-14  11  13  0
34  -26  33  0
20  -33  -4  0
-5  -29  6  0
-29  -16  22  0
39  -9  -40  0
21  -29  -19  0
29  13  3  0
19  2  10  0
4  -25  -22  0
10  -16  19  0
39  19  29  0
-29  37  8  0
-19  11  40  0
11  -34  -25  0
25  7  -14  0
-17  6  -31  0
16  -6  -22  0
-38  17  35  0
-38  40  -9  0
23  39  -9  0
11  40  21  0
-6  36  -7  0
32  38  7  0
-2  36  15  0
-17  -9  -18  0
15  -8  -33  0
-22  -8  -1  0
-8  -5  -21  0
-7  6  24  0
-30  -17  38  0
26  -36  -14  0
8  -29  11  0
39  19  8  0
20  -27  25  0
32  -25  17  0
31  29  1  0
-3  -21  -40  0
4  -20  -7  0
38  -13  35  0
38  19  11  0
-1  4  34  0
-27  7  37  0
36  1  -40  0
25  15  -32  0
22  -19  -3  0
8  -38  -1  0
