c mkcnf random cnf with seed 217821, max clause length 3
c FORCED SATISFIABLE
c 
p cnf 40  172
-16  25  -34  0
-31  -17  22  0
22  -2  -24  0
22  38  -4  0
39  32  19  0
31  38  -23  0
-20  -23  -16  0
17  -30  23  0
12  -4  -34  0
-15  14  22  0
-14  -11  31  0
-16  24  37  0
28  35  36  0
24  -11  -23  0
-10  4  36  0
33  -9  -39  0
-1  -4  15  0
-1  6  -20  0
11  -10  -19  0
4  35  -39  0
31  -36  3  0
-15  26  7  0
-20  -27  28  0
-24  10  5  0
-17  -16  35  0
40  9  38  0
-39  -19  -35  0
9  -27  -18  0
-31  5  14  0
27  -32  -14  0
-1  -22  16  0
8  -36  -24  0
-16  18  29  0
-1  11  -9  0
8  1  21  0
32  2  3  0
3  -16  24  0
-3  19  6  0
-32  11  -28  0
2  26  -37  0
20  37  -8  0
-26  -21  -17  0
33  -6  -14  0
-37  -19  -1  0
21  38  5  0
27  -24  6  0
-8  -39  -20  0
32  20  19  0
-23  20  34  0
-30  3  25  0
39  15  16  0
-40  -17  23  0
-10  -2  -33  0
-26  32  14  0
-18  20  10  0
18  13  26  0
-38  37  25  0
24  32  3  0
-27  -24  21  0
-32  22  -2  0
-14  25  34  0
40  -12  3  0
27  7  36  0
21  25  17  0
2  24  17  0
16  -24  -30  0
30  34  -5  0
-19  -27  -35  0
23  -21  -11  0
14  -18  -38  0
34  27  -19  0
-2  -10  -26  0
-11  -30  -17  0
-11  12  20  0
29  -18  -10  0
-27  -31  -18  0
14  33  35  0
31  19  -1  0
-5  37  -6  0
-11  -40  19  0
14  -1  -29  0
30  9  25  0
37  19  -26  0
-40  -24  -26  0
12  -39  -38  0
-20  -23  2  0
-28  10  -27  0
-29  22  -7  0
-8  -7  17  0
-6  7  12  0
-17  -7  18  0
-9  -35  -36  0
-22  -8  -37  0
3  -38  39  0
-37  -1  6  0
9  30  -38  0
-16  34  12  0
-2  -21  -33  0
27  -26  -29  0
-10  -26  -31  0
21  -28  36  0
14  -7  27  0
27  -23  8  0
19  16  -25  0
-6  29  -27  0
24  -2  8  0
-24  -35  -13  0
6  -15  -32  0
-6  -21  29  0
-38  -35  32  0
-28  40  34  0
22  -2  1  0
-10  -23  -33  0
-20  -3  21  0
-31  10  18  0
-11  -29  15  0
-35  -18  22  0
-20  16  24  0
-11  35  21  0
-15  -31  -4  0
26  -24  32  0
29  -12  -28  0
-8  -26  -16  0
2  -10  -13  0
32  -37  -25  0
34  8  -5  0
9  36  19  0
16  13  -40  0
-31  14  16  0
12  11  38  0
-13  8  17  0
-14  17  15  0
-7  -3  -25  0
-35  1  -32  0
17  29  -25  0
9  4  -37  0
38  -36  12  0
-20  25  30  0
17  -31  -24  0
-2  -19  14  0
-24  3  6  0
-4  35  19  0
-10  30  -7  0
39  -30  -35  0
-7  40  -5  0
-32  40  5  0
-32  -31  -34  0
34  20  -40  0
-8  22  -30  0
37  -7  24  0
-17  13  -11  0
24  -36  25  0
-12  -25  36  0
29  -19  -6  0
31  -8  11  0
-36  -21  -11  0
-40  -31  -8  0
-28  -19  -8  0
31  -21  6  0
17  18  -22  0
-15  -27  7  0
-33  -34  37  0
-36  25  40  0
-19  28  15  0
-25  31  35  0
-18  22  11  0
-9  -34  24  0
-29  -36  25  0
9  25  -22  0
-11  22  -21  0
34  24  -22  0
35  17  18  0
