c mkcnf random cnf with seed 217809, max clause length 3
c FORCED SATISFIABLE
c 
p cnf 40  172
15  -31  -6  0
-2  -25  -17  0
15  33  -31  0
27  -28  25  0
39  -29  -20  0
16  -1  29  0
-40  -22  21  0
-21  7  -28  0
-34  39  38  0
-2  17  -8  0
-22  5  10  0
35  9  -26  0
8  31  2  0
11  -28  -29  0
-17  -19  4  0
-17  -2  -19  0
-22  -27  38  0
-25  -36  39  0
-18  -35  -32  0
-24  -30  -26  0
11  -13  -2  0
-14  -32  9  0
-16  30  -2  0
6  -33  -30  0
-31  -7  -32  0
-31  21  17  0
-9  22  33  0
-14  36  -3  0
-20  -4  40  0
2  -40  28  0
-28  21  32  0
7  17  -10  0
-21  29  -30  0
-38  -36  -25  0
-18  -2  -13  0
-21  -24  -10  0
-7  -3  -36  0
-22  -3  38  0
29  19  -1  0
39  26  -40  0
5  -35  12  0
-1  -38  -4  0
-22  -11  -29  0
25  4  -37  0
-23  32  -24  0
-30  9  13  0
14  10  -39  0
-5  -28  -15  0
22  30  8  0
-21  31  34  0
-33  -34  -23  0
26  14  -10  0
-19  -34  -2  0
-12  14  -29  0
-20  -34  -18  0
26  16  30  0
23  -26  -21  0
-34  -8  21  0
-1  5  7  0
35  23  -36  0
37  -3  38  0
-12  22  35  0
28  -16  -40  0
-37  -25  36  0
35  -7  -19  0
-1  -34  -7  0
12  -14  -38  0
6  23  13  0
-12  40  -3  0
-16  8  18  0
5  -15  -17  0
38  -30  -12  0
16  -5  14  0
-10  -12  -26  0
-12  10  36  0
-32  17  -21  0
-22  -16  15  0
-1  40  21  0
12  31  -3  0
-29  -40  8  0
22  -14  -24  0
5  -17  -7  0
-37  25  29  0
28  12  16  0
22  -15  -18  0
-31  38  33  0
-18  -4  -24  0
-16  15  39  0
15  39  -16  0
10  -2  -31  0
-24  -36  34  0
18  -30  16  0
-23  -36  -17  0
-1  -2  25  0
-2  -12  -40  0
-5  -11  20  0
-38  5  14  0
16  15  13  0
-35  7  -6  0
-19  -39  28  0
-11  29  -28  0
-17  20  -10  0
-9  38  24  0
-9  11  16  0
2  28  -21  0
37  18  21  0
34  -13  36  0
36  -21  -31  0
-7  29  11  0
29  -13  -25  0
-7  -30  10  0
-1  -18  20  0
38  23  -21  0
11  -10  1  0
-37  -21  -11  0
-17  -31  3  0
-38  -39  -13  0
-16  -25  -20  0
36  30  29  0
19  -4  -17  0
-18  17  -5  0
-26  20  -9  0
-10  31  4  0
6  -33  -8  0
6  12  36  0
-25  -16  -30  0
-40  2  11  0
-8  18  -28  0
28  -18  -1  0
28  -39  1  0
-38  -15  -20  0
-12  24  -35  0
24  35  8  0
19  -20  -36  0
-36  12  -5  0
-34  35  -17  0
-40  6  4  0
24  -34  3  0
-20  8  -38  0
25  -40  -28  0
-25  27  -35  0
16  -30  -40  0
-32  -15  14  0
34  15  13  0
24  -17  4  0
18  -13  -38  0
25  2  33  0
-7  10  9  0
36  -7  -26  0
33  32  23  0
11  6  20  0
5  11  20  0
-38  8  -36  0
2  -36  -25  0
-24  5  -10  0
14  22  36  0
16  9  6  0
-38  8  -1  0
-27  -11  -22  0
-3  29  36  0
-19  -22  -37  0
-1  -12  25  0
7  -36  -2  0
-12  26  37  0
-14  -18  -38  0
-35  28  9  0
8  40  -10  0
29  -5  28  0
-37  14  33  0
-27  -1  -4  0
8  40  -32  0
-28  -2  17  0
