c mkcnf random cnf with seed 217755, max clause length 3
c FORCED SATISFIABLE
c 
p cnf 40  172
9  -21  -20  0
32  21  -27  0
15  29  -8  0
34  26  -16  0
1  11  -30  0
36  -3  27  0
-21  -35  -27  0
28  -25  34  0
-40  -35  -11  0
23  -40  -21  0
-9  5  -16  0
-33  -40  31  0
12  -11  -39  0
-14  -27  31  0
33  3  36  0
30  -6  1  0
2  -26  24  0
11  16  7  0
13  16  24  0
20  30  9  0
-18  -37  12  0
36  3  9  0
38  -39  -33  0
-18  17  4  0
-15  -16  -13  0
30  -15  -18  0
8  -34  32  0
-3  -4  -7  0
-28  18  3  0
-37  -16  -25  0
21  3  31  0
-22  -5  16  0
-28  -5  3  0
-17  38  8  0
-3  6  1  0
12  -30  -21  0
10  22  29  0
-25  -36  -11  0
-32  37  33  0
-11  -25  -34  0
-8  -15  -3  0
-23  -1  -33  0
-39  12  8  0
-27  3  29  0
15  24  -40  0
-31  19  11  0
37  22  -32  0
-9  3  38  0
13  -16  34  0
9  14  -22  0
14  -23  30  0
-29  34  20  0
-3  12  -13  0
-12  -27  15  0
40  -26  39  0
-27  28  -21  0
-2  -24  -27  0
15  20  33  0
2  -35  -5  0
-32  30  -31  0
14  16  11  0
-38  31  -18  0
31  8  -17  0
-5  12  -21  0
-9  -25  -8  0
-6  -38  -35  0
-1  34  -29  0
25  -5  17  0
13  -30  -38  0
-13  -26  -15  0
-38  -15  -28  0
-10  -30  28  0
-11  2  8  0
36  -26  29  0
-32  36  35  0
-40  -37  -36  0
40  2  31  0
-23  12  -35  0
-33  19  12  0
17  5  7  0
30  -22  18  0
18  -5  1  0
36  15  -14  0
33  6  -34  0
27  -26  32  0
32  -35  27  0
-17  -34  -9  0
36  -6  -7  0
-6  -24  -27  0
22  35  30  0
17  31  2  0
28  20  -33  0
-36  34  19  0
-11  -39  17  0
24  -12  3  0
5  -15  -28  0
-20  -23  -35  0
33  36  -2  0
-13  -20  -8  0
18  9  6  0
-12  4  -32  0
-18  -36  -12  0
-22  -26  4  0
-25  37  5  0
35  -27  23  0
-9  -32  -28  0
-35  38  -14  0
-1  -10  -33  0
-21  -3  22  0
4  21  40  0
16  -29  -18  0
30  -21  -39  0
21  -18  40  0
-28  -26  27  0
40  -22  -12  0
30  -24  17  0
18  5  -6  0
23  -37  -14  0
-15  23  20  0
-38  -4  10  0
31  -38  -24  0
27  17  13  0
32  -1  24  0
-6  -26  16  0
14  -30  -28  0
-3  -39  26  0
39  29  23  0
-30  21  -2  0
-37  18  23  0
-32  -6  -39  0
-32  -4  22  0
-4  25  28  0
32  -1  9  0
-38  -12  28  0
29  -20  16  0
13  -37  -5  0
-31  -25  -16  0
-40  33  35  0
28  30  32  0
-18  -10  23  0
-21  33  39  0
-22  -23  5  0
11  -14  -35  0
25  30  35  0
-10  -30  -32  0
-11  -10  27  0
-23  -30  33  0
-12  -36  -28  0
38  -34  -32  0
-39  -11  -8  0
-2  16  -5  0
-40  16  -23  0
35  -19  -9  0
-20  6  11  0
39  4  26  0
20  36  33  0
33  -25  35  0
24  -36  -16  0
13  32  -4  0
-37  -2  12  0
-11  -40  -5  0
-1  37  32  0
-15  10  7  0
1  -34  -35  0
6  16  29  0
11  -33  20  0
20  40  -22  0
19  -2  24  0
4  22  15  0
-21  -18  5  0
-38  -29  35  0
17  -12  7  0
