c mkcnf random cnf with seed 217823, max clause length 3
c FORCED SATISFIABLE
c 
p cnf 40  172
-16  -10  -19  0
-19  35  -10  0
20  -14  -40  0
-1  -5  -37  0
7  -8  -27  0
22  20  17  0
10  -26  9  0
14  -26  3  0
17  -38  3  0
7  6  2  0
33  34  -25  0
16  30  -19  0
-25  -34  12  0
-37  35  -24  0
25  39  22  0
18  -2  -4  0
-5  6  -38  0
-11  -32  -38  0
23  -2  14  0
19  23  32  0
-1  -24  -25  0
24  -20  -13  0
1  -3  -38  0
26  -3  -30  0
-26  -8  31  0
9  21  4  0
3  14  -16  0
31  -25  20  0
21  -26  -7  0
2  23  -9  0
32  -9  1  0
32  -37  20  0
-26  4  32  0
39  31  -33  0
-24  15  2  0
5  -11  -31  0
-1  32  -18  0
20  -38  39  0
17  -31  21  0
-39  -30  10  0
24  39  -38  0
8  3  21  0
-39  -1  31  0
32  -34  5  0
-8  6  1  0
-15  -20  -2  0
-31  -3  13  0
26  3  30  0
-39  37  -10  0
8  -31  -40  0
18  -2  -11  0
-38  25  -37  0
18  -40  -22  0
9  -7  -20  0
-6  -30  -1  0
-3  -18  -23  0
31  -33  -5  0
-5  11  24  0
18  40  21  0
-38  -9  -18  0
-25  19  -29  0
-24  39  1  0
11  -6  -25  0
15  9  37  0
23  -33  -21  0
-38  -6  -28  0
-9  3  -36  0
-31  -29  36  0
32  -34  -30  0
-8  4  31  0
17  12  4  0
-12  -27  -17  0
-20  33  17  0
32  -18  4  0
37  -4  -33  0
-12  -32  13  0
28  37  32  0
37  -35  13  0
-19  -40  -26  0
28  -2  -4  0
28  -25  20  0
26  36  -39  0
37  -15  -33  0
-34  24  -23  0
-36  -11  21  0
3  28  30  0
-35  17  33  0
-9  -2  26  0
19  13  14  0
7  21  -6  0
21  22  3  0
29  17  -15  0
-22  -15  -18  0
-5  -17  -24  0
-11  31  40  0
-39  34  24  0
39  -35  -20  0
-15  38  16  0
-9  28  31  0
-15  -21  -34  0
5  -30  13  0
-29  5  -40  0
4  18  17  0
-27  -24  2  0
26  -32  14  0
-19  -38  -30  0
-15  11  9  0
-15  -40  -28  0
-26  14  -9  0
2  -18  10  0
30  -9  13  0
34  -21  23  0
22  25  40  0
7  -16  2  0
15  -3  7  0
-18  -16  -23  0
11  14  32  0
14  -40  -15  0
-17  -13  -30  0
-39  -38  -2  0
-11  -23  -33  0
-37  -32  1  0
-11  15  20  0
-1  -5  4  0
24  8  -32  0
33  25  -13  0
-2  17  -10  0
39  16  27  0
-28  9  27  0
23  18  -13  0
-33  21  -20  0
11  3  -27  0
-12  -4  -32  0
11  -31  7  0
-1  -38  13  0
21  -6  22  0
-21  -24  19  0
-16  36  1  0
-35  36  -30  0
-18  -39  32  0
4  7  29  0
8  23  -40  0
15  -22  -5  0
-32  -24  6  0
-24  10  30  0
-40  -17  -30  0
-33  39  -15  0
8  10  32  0
-25  -29  14  0
23  -15  9  0
12  9  -31  0
33  24  -2  0
31  -36  27  0
-16  -12  3  0
35  -12  8  0
7  -3  35  0
7  14  4  0
-30  29  12  0
-10  -1  34  0
-18  -11  4  0
36  24  21  0
-26  25  -38  0
-35  27  38  0
-5  29  -39  0
35  -39  -14  0
23  36  21  0
36  -21  40  0
14  -24  35  0
17  -22  -11  0
32  12  28  0
-26  36  -19  0
-17  40  7  0
