c mkcnf random cnf with seed 217795, max clause length 3
c FORCED SATISFIABLE
c 
p cnf 40  172
13  -12  -33  0
-13  -10  -5  0
-25  6  11  0
30  -20  -21  0
-12  -10  22  0
-2  21  31  0
38  -2  -31  0
-23  -26  -11  0
-36  8  37  0
30  36  -10  0
-21  26  -18  0
9  -3  20  0
-1  -32  -10  0
-15  27  1  0
-6  -2  37  0
-22  -36  -16  0
-39  -21  -2  0
-23  3  -22  0
31  32  11  0
-20  14  -22  0
34  -30  -10  0
-4  -38  12  0
38  32  -17  0
27  1  7  0
29  -9  10  0
9  19  31  0
1  -8  -20  0
32  -10  3  0
24  4  -3  0
-40  38  -18  0
22  -11  -8  0
40  -32  6  0
39  33  -20  0
-21  19  -32  0
-38  39  35  0
-33  -32  -8  0
24  -40  -21  0
3  -2  7  0
-40  6  -5  0
-31  25  -17  0
14  -20  -9  0
-6  -23  1  0
27  -36  -24  0
-7  -35  -8  0
13  12  18  0
6  -38  -26  0
-32  17  -18  0
4  -30  -37  0
8  -24  -20  0
-20  1  9  0
-6  14  31  0
6  -27  21  0
26  10  24  0
24  -19  3  0
-25  -19  -10  0
22  -12  -29  0
8  -40  -7  0
17  -39  23  0
30  -14  -25  0
2  -24  -15  0
21  -11  39  0
21  34  -16  0
-5  3  12  0
27  -17  -30  0
-30  -14  -34  0
9  -26  13  0
-19  20  30  0
-15  -6  40  0
-31  -23  28  0
-2  -8  9  0
-38  7  19  0
-11  34  37  0
-30  -20  -24  0
-37  9  21  0
-25  -23  20  0
-35  -32  25  0
20  -4  38  0
38  35  2  0
-11  1  -35  0
-27  29  -1  0
36  30  -16  0
26  8  -3  0
-33  -37  -25  0
-36  15  -17  0
36  -4  29  0
38  17  -11  0
6  33  38  0
4  39  -28  0
-31  -36  -26  0
-4  35  31  0
-15  12  -28  0
-12  -28  14  0
21  -27  -37  0
-5  30  14  0
-17  21  39  0
-21  -25  -5  0
-12  33  17  0
-12  -17  -31  0
-16  -2  37  0
-37  -13  33  0
14  -21  2  0
5  -14  -13  0
-22  25  16  0
6  1  13  0
24  -19  25  0
6  16  18  0
13  -38  39  0
-8  29  -3  0
36  -4  17  0
-25  -31  -18  0
6  -14  -10  0
23  7  -14  0
-18  -5  -10  0
-33  -2  10  0
37  -3  35  0
-11  8  39  0
22  -38  9  0
33  -28  -18  0
5  -11  8  0
-30  -20  37  0
11  25  12  0
-4  1  -33  0
-11  -25  35  0
11  16  -30  0
18  25  -12  0
29  16  31  0
-33  29  -30  0
40  -29  -23  0
40  -6  -12  0
39  37  -29  0
-34  4  -24  0
-16  36  -8  0
30  16  12  0
37  32  11  0
18  -1  -25  0
-30  5  33  0
32  -10  -21  0
19  -17  -13  0
-37  -26  15  0
6  -28  -20  0
20  24  -7  0
28  9  -13  0
-25  -12  40  0
11  10  -4  0
-37  -27  28  0
38  -40  4  0
-31  -40  24  0
4  3  14  0
-6  -37  20  0
-11  -26  -15  0
10  17  -22  0
-15  20  8  0
-1  -7  35  0
40  -8  -25  0
34  11  -8  0
-26  40  -38  0
39  -11  -6  0
-29  -9  -25  0
24  9  21  0
25  -23  -17  0
2  32  33  0
-14  3  -24  0
5  16  -8  0
36  24  -40  0
-35  6  -25  0
-3  -27  -28  0
-39  -34  33  0
-36  18  -9  0
26  36  19  0
-7  -15  -28  0
14  -38  27  0
1  -31  27  0
