c mkcnf random cnf with seed 217811, max clause length 3
c FORCED SATISFIABLE
c 
p cnf 40  172
-15  17  31  0
-16  -20  -27  0
25  -8  -7  0
-40  4  27  0
15  -19  31  0
-11  30  -12  0
15  -33  -34  0
13  21  -31  0
-7  29  6  0
16  -7  -33  0
-2  -25  -21  0
37  -31  -12  0
-18  25  13  0
40  -25  23  0
-25  -11  -8  0
30  32  -5  0
-30  -8  -39  0
-1  -7  -28  0
-33  13  -12  0
29  31  12  0
6  -33  38  0
30  -38  28  0
15  17  -27  0
-8  -16  10  0
10  23  27  0
-8  23  33  0
-6  35  4  0
6  -4  -20  0
-34  14  -5  0
-33  -10  -21  0
-5  -39  29  0
-7  -40  -38  0
-30  4  -12  0
-2  -26  -14  0
-22  20  -16  0
-4  32  20  0
13  21  38  0
-5  -40  -37  0
-15  -24  10  0
17  16  3  0
30  12  29  0
34  17  -15  0
-5  -34  -8  0
-33  -10  15  0
16  -33  31  0
25  36  -27  0
-22  -6  -31  0
-4  11  -31  0
-12  34  -4  0
1  26  -37  0
38  11  -27  0
32  -1  3  0
16  -35  -25  0
38  27  -37  0
39  -5  -29  0
-36  -10  -34  0
20  37  14  0
-14  13  -15  0
-4  -28  -40  0
1  36  21  0
14  24  12  0
-23  26  24  0
25  36  35  0
-14  -26  -33  0
-18  1  -40  0
3  37  -21  0
17  -21  40  0
-27  -8  40  0
12  -25  -4  0
6  9  20  0
19  -7  -23  0
4  33  10  0
27  37  39  0
38  -20  4  0
34  17  35  0
-8  3  -18  0
-32  36  21  0
-4  1  36  0
39  -30  -34  0
10  -12  35  0
39  37  9  0
12  -2  -27  0
6  -12  -24  0
-1  21  10  0
-16  -24  19  0
2  29  4  0
11  -27  -12  0
-6  -20  31  0
-29  38  39  0
13  30  37  0
3  6  -17  0
-19  -1  -3  0
-1  19  29  0
17  11  -30  0
-4  -28  1  0
11  15  -16  0
40  -39  10  0
-11  27  17  0
-25  21  29  0
-16  -25  7  0
-25  -35  -15  0
17  -12  24  0
-27  -12  28  0
16  -22  -10  0
-35  6  -26  0
19  20  -30  0
-14  -23  -8  0
4  -19  -26  0
-3  -37  31  0
26  30  -6  0
-35  14  -32  0
28  8  7  0
33  -26  37  0
-37  -22  40  0
12  30  37  0
-24  -7  17  0
20  -22  39  0
-39  -16  -37  0
9  -13  -14  0
-33  -18  -9  0
16  13  8  0
26  -14  -17  0
-32  39  -26  0
-11  -39  1  0
-28  -6  -17  0
38  23  -11  0
-34  -26  7  0
11  19  -31  0
15  30  27  0
-28  -14  15  0
-29  32  11  0
-33  28  21  0
-14  21  -16  0
-28  29  -3  0
-16  7  8  0
-22  -3  16  0
-34  30  -13  0
15  -37  -6  0
-2  -3  27  0
16  -10  -26  0
-18  8  26  0
-24  -20  -40  0
-25  -1  -40  0
16  -29  4  0
7  -8  -13  0
-9  -20  31  0
4  -2  -39  0
36  -13  25  0
1  -31  36  0
3  -40  24  0
-38  -33  -37  0
-26  -34  -13  0
-30  -21  -14  0
-27  -17  -13  0
7  27  40  0
23  7  -1  0
-16  -39  -3  0
10  -13  -3  0
-32  31  2  0
12  -28  -13  0
34  -10  21  0
-24  -30  15  0
-38  -32  13  0
-22  27  -21  0
5  9  -16  0
-15  26  -21  0
22  -37  2  0
-33  -40  -5  0
30  -8  -7  0
9  -5  -12  0
17  -40  -2  0
-35  2  -21  0
