c mkcnf random cnf with seed 217767, max clause length 3
c FORCED SATISFIABLE
c 
p cnf 40  172
10  -15  8  0
37  20  30  0
2  6  31  0
-24  -1  9  0
18  -27  -22  0
-12  -7  -14  0
-14  -37  -29  0
-36  40  13  0
35  -33  11  0
36  15  7  0
-39  -5  -36  0
-9  -6  -26  0
-24  18  25  0
35  -31  -25  0
16  -36  10  0
13  14  9  0
8  14  -36  0
28  -26  -5  0
-33  -26  -1  0
39  25  -30  0
-25  -30  -14  0
-3  13  -8  0
32  6  -23  0
-5  -26  -20  0
-30  22  -17  0
-31  -4  27  0
4  2  -28  0
-28  -3  23  0
17  -4  -3  0
-5  -10  -8  0
-40  -30  35  0
24  28  34  0
-24  15  -6  0
-38  -14  36  0
31  -29  -12  0
-6  23  -30  0
-5  -40  -21  0
-8  22  -10  0
31  11  22  0
-19  -9  -38  0
23  -1  -31  0
35  1  -26  0
33  34  -38  0
26  19  -7  0
-39  -33  -40  0
36  -20  -3  0
-37  4  -33  0
-7  6  -33  0
-28  9  -1  0
-13  17  29  0
29  -24  -36  0
32  -39  -14  0
-17  -33  18  0
-26  38  -32  0
-15  -6  13  0
-2  13  9  0
10  -22  7  0
-22  11  -20  0
-36  -24  -16  0
-22  4  -8  0
9  -4  -17  0
-40  5  12  0
13  -29  35  0
-32  -9  4  0
-38  -40  -16  0
3  20  -34  0
-17  8  -32  0
-25  39  -29  0
37  -36  -15  0
-8  -27  -14  0
25  35  -3  0
-33  -28  26  0
-10  -26  15  0
1  -35  27  0
-34  -15  -19  0
25  33  -38  0
31  33  15  0
7  -3  2  0
2  5  -35  0
-16  35  -36  0
-18  -31  -6  0
-25  -26  16  0
13  4  21  0
-15  -14  -10  0
-10  -22  35  0
-27  11  26  0
38  -12  -24  0
-27  -38  -7  0
-35  40  15  0
39  -38  31  0
35  -9  -38  0
18  5  -13  0
-23  21  2  0
-33  -14  -38  0
-33  14  28  0
5  -33  26  0
4  9  39  0
13  -35  29  0
2  37  34  0
8  18  -27  0
4  -2  -8  0
-11  35  32  0
-26  15  29  0
-15  37  14  0
38  -19  2  0
-4  -24  14  0
-5  -8  -30  0
36  9  -26  0
10  29  -17  0
-9  -13  5  0
39  23  -9  0
7  6  -22  0
17  -32  13  0
-34  17  -39  0
13  35  26  0
-31  -26  -32  0
-20  14  -5  0
26  -39  -16  0
-33  32  -18  0
-10  -2  -16  0
14  18  -4  0
23  18  -38  0
4  -26  19  0
-36  22  -34  0
25  5  1  0
-36  -32  -18  0
-28  -32  -14  0
-25  7  14  0
23  -2  -30  0
-1  -30  36  0
14  -23  13  0
2  -27  3  0
-35  32  -25  0
15  1  -11  0
-13  18  -10  0
-4  28  -8  0
2  -19  -31  0
10  -2  19  0
36  -19  -18  0
4  -11  9  0
-39  -2  7  0
-21  -12  39  0
-22  -23  11  0
-25  -29  -36  0
9  -33  35  0
12  -5  -25  0
40  24  33  0
-24  23  35  0
-34  36  -3  0
22  -19  -29  0
-9  -3  -7  0
-19  40  7  0
9  18  -8  0
2  -31  -36  0
-10  24  -39  0
10  23  28  0
39  -27  8  0
11  -13  27  0
29  -14  30  0
29  28  -12  0
20  -32  9  0
-12  14  -33  0
35  31  -19  0
40  -7  -29  0
-7  -2  23  0
18  23  17  0
-17  -33  14  0
-21  -25  15  0
15  -33  -25  0
17  -3  -7  0
-33  -8  12  0
-28  -10  33  0
