c mkcnf random cnf with seed 217806, max clause length 3
c FORCED SATISFIABLE
c 
p cnf 40  172
-14  33  -29  0
23  6  -11  0
-4  -16  24  0
11  34  -22  0
-27  10  40  0
21  -24  32  0
-16  -11  34  0
27  38  -7  0
-5  -7  -12  0
-13  -31  -36  0
-36  -15  -3  0
-4  -19  8  0
-16  29  24  0
22  23  2  0
10  -7  -15  0
-3  39  -27  0
-14  -13  -12  0
-39  14  -24  0
34  -22  -16  0
-37  22  -27  0
-17  26  8  0
23  -5  18  0
-39  20  -40  0
32  -19  25  0
2  -15  3  0
32  -31  -40  0
8  -1  -3  0
37  -12  3  0
-20  -11  -22  0
35  28  -3  0
-14  18  15  0
33  11  39  0
-11  19  2  0
-22  10  -11  0
26  -9  -15  0
-22  3  -11  0
23  -26  22  0
9  22  -2  0
-4  33  15  0
20  -27  32  0
-20  -1  -22  0
21  34  -33  0
5  -20  21  0
-10  -36  -11  0
18  -6  -27  0
-23  -2  22  0
1  11  -18  0
-15  -23  -4  0
4  -10  17  0
9  -31  -18  0
38  25  26  0
8  4  -17  0
-26  7  -11  0
-30  10  24  0
6  -12  -7  0
36  27  22  0
12  7  -27  0
40  9  1  0
-13  -9  -3  0
-20  -39  35  0
23  2  9  0
-11  -10  12  0
-32  -15  20  0
30  33  16  0
-11  36  -5  0
-6  -5  36  0
8  26  -27  0
-2  1  7  0
16  33  -34  0
-36  37  28  0
-23  -3  -10  0
-16  -30  37  0
-24  -6  -38  0
10  17  16  0
-5  -18  40  0
-5  -30  29  0
11  -13  -17  0
1  -25  -19  0
-7  -33  29  0
11  -19  -8  0
32  27  -2  0
11  -38  -7  0
-23  15  -28  0
-8  -38  26  0
-39  6  15  0
8  18  -3  0
21  -15  -27  0
-39  25  -20  0
39  14  -9  0
-7  22  37  0
18  -15  -13  0
-30  9  21  0
-4  40  -9  0
-24  6  -20  0
16  -32  37  0
-16  14  -36  0
-38  -23  -30  0
24  -28  -14  0
-34  40  -39  0
33  -21  -30  0
-12  -37  36  0
-5  23  -30  0
-13  -23  15  0
-21  -35  -8  0
-3  -31  -9  0
-22  -36  37  0
-11  -16  31  0
-8  19  -22  0
-13  7  40  0
-14  1  16  0
22  13  -6  0
-8  -27  24  0
-8  3  2  0
-33  -21  25  0
24  -27  -25  0
21  -35  -39  0
21  36  12  0
-21  24  27  0
13  -5  21  0
-28  -3  -12  0
40  -21  35  0
-27  -21  25  0
-1  20  30  0
27  -22  38  0
-37  -21  22  0
31  -30  -29  0
-14  23  12  0
-26  33  12  0
-15  -36  28  0
-9  -13  23  0
-17  -7  37  0
-5  19  38  0
-23  -30  37  0
-26  -11  -32  0
34  -3  25  0
11  -31  25  0
8  -40  28  0
-11  -5  -26  0
-17  39  24  0
7  11  -34  0
16  -22  3  0
-2  -33  30  0
-2  -16  4  0
13  -14  11  0
7  13  20  0
40  -11  -14  0
7  28  13  0
-12  30  18  0
-31  22  4  0
-30  -5  -14  0
35  29  33  0
20  -2  27  0
39  -7  38  0
4  -20  -17  0
1  20  29  0
-10  -1  9  0
-25  -30  -2  0
6  18  -10  0
37  -27  34  0
-34  -17  -24  0
12  6  25  0
15  17  -4  0
-3  37  1  0
-22  -18  28  0
39  -22  -24  0
-19  4  39  0
-20  17  -38  0
25  -27  -16  0
22  -2  -13  0
-4  -24  13  0
10  -6  5  0
9  -8  36  0
