c mkcnf random cnf with seed 217760, max clause length 3
c FORCED SATISFIABLE
c 
p cnf 40  172
-10  5  21  0
-37  17  5  0
-18  21  -11  0
6  -16  37  0
24  13  4  0
26  -37  7  0
28  33  35  0
37  -19  -34  0
-5  -19  -32  0
8  15  -3  0
13  -8  19  0
-6  20  3  0
-31  -36  24  0
-12  34  -25  0
4  -5  -18  0
-10  -11  -20  0
-40  22  11  0
-16  28  -36  0
31  -17  -2  0
-39  -23  -12  0
-3  26  -18  0
-4  -26  -15  0
-17  11  -8  0
16  9  18  0
7  26  15  0
-15  4  -14  0
-37  19  30  0
-9  21  35  0
-31  30  -6  0
-35  -1  19  0
20  22  -3  0
13  -3  -26  0
20  -28  -34  0
2  -8  17  0
-3  30  11  0
-22  23  -4  0
28  20  13  0
-20  18  -23  0
7  -33  14  0
-2  -27  17  0
-29  10  2  0
28  -12  -19  0
-32  -25  -6  0
37  1  31  0
-29  18  -31  0
24  -33  -35  0
13  26  -1  0
14  -1  17  0
3  8  -19  0
-35  -5  -34  0
26  -23  -40  0
-20  17  -3  0
-32  -11  3  0
3  -29  40  0
22  -10  1  0
-27  -33  32  0
22  20  -31  0
-34  -38  -20  0
32  22  -38  0
40  15  24  0
-3  11  -25  0
13  -3  -17  0
-2  3  4  0
-9  -12  23  0
-9  -31  22  0
36  40  20  0
11  -6  7  0
-32  -38  -20  0
-6  19  5  0
-28  16  5  0
2  -1  -22  0
16  -23  26  0
-30  -10  7  0
17  -5  -19  0
38  8  -35  0
-8  9  -17  0
24  11  19  0
29  -3  -4  0
-24  4  -14  0
19  -28  -9  0
33  -36  40  0
7  12  30  0
-24  -4  37  0
16  -32  21  0
-11  -10  26  0
31  39  23  0
16  -35  -25  0
18  -12  10  0
-36  -6  33  0
-22  15  -13  0
-19  -35  -4  0
13  23  14  0
22  -2  14  0
-6  21  -24  0
24  4  -19  0
-20  11  -31  0
-26  -12  19  0
20  -38  25  0
-12  -10  19  0
-27  10  40  0
-2  -3  -4  0
14  11  -28  0
-25  -21  -4  0
-26  32  35  0
-26  40  2  0
25  -18  -28  0
-25  18  20  0
36  -23  11  0
-9  25  -37  0
23  36  -15  0
-25  23  5  0
19  7  -25  0
37  -17  -38  0
34  -28  -25  0
2  -12  19  0
-32  1  19  0
25  -37  -23  0
-9  -27  -1  0
8  19  -4  0
-2  -31  26  0
9  -3  -34  0
-24  -21  -5  0
-40  4  -6  0
-32  -38  -14  0
-19  -39  25  0
3  -37  18  0
4  10  32  0
-7  -12  -31  0
13  16  17  0
-31  -38  -25  0
28  16  -24  0
12  -10  31  0
19  -10  39  0
-13  35  29  0
-30  25  -18  0
31  19  -26  0
29  -39  -32  0
16  -3  -33  0
25  -11  28  0
38  -10  -18  0
2  -5  8  0
32  8  36  0
-29  -35  17  0
5  -4  35  0
-8  -13  38  0
-29  -34  -40  0
10  -17  13  0
39  -23  40  0
-19  -29  -21  0
34  8  -11  0
-8  -39  -5  0
27  -4  -29  0
-31  -34  26  0
13  -39  32  0
38  32  -37  0
-20  11  -4  0
31  20  -3  0
-36  38  -17  0
33  -20  -14  0
22  2  -38  0
26  12  -38  0
28  -40  -10  0
-14  -13  5  0
-37  -1  25  0
27  -28  -20  0
-18  -37  1  0
20  35  -15  0
-20  -35  -15  0
-36  -8  -12  0
-1  6  -32  0
9  -16  33  0
25  17  2  0
