c mkcnf random cnf with seed 217805, max clause length 3
c FORCED SATISFIABLE
c 
p cnf 40  172
14  20  -37  0
36  -38  34  0
28  23  -39  0
18  40  -11  0
5  35  -10  0
20  -9  23  0
-25  12  39  0
-18  34  -4  0
33  25  -19  0
-5  -16  1  0
13  -10  34  0
-1  24  -5  0
-5  -19  32  0
-32  -14  3  0
39  -1  22  0
-34  26  40  0
-13  -39  40  0
30  32  14  0
-28  -5  31  0
9  7  27  0
-25  -23  9  0
-40  -6  5  0
27  30  39  0
-27  -5  34  0
-31  -29  28  0
-33  -3  -7  0
16  7  -32  0
-33  -14  -11  0
-4  30  -25  0
-27  1  22  0
28  -35  30  0
35  -8  27  0
-30  -24  6  0
-36  -35  11  0
-24  -22  -13  0
-26  -28  -18  0
-8  13  16  0
22  27  28  0
-26  5  28  0
36  -21  -22  0
33  27  -40  0
-33  -28  7  0
-9  -16  -21  0
2  15  -10  0
-1  28  19  0
-35  17  14  0
-24  -34  -3  0
-6  -30  -10  0
-18  28  -15  0
-17  8  -13  0
-1  37  9  0
-32  -31  25  0
-35  -23  -40  0
-9  -27  34  0
38  39  40  0
16  -1  -18  0
-17  7  27  0
39  13  14  0
-2  -15  -25  0
4  -12  36  0
34  6  15  0
35  -9  -32  0
4  -23  31  0
-1  -7  4  0
-25  -8  -16  0
-9  24  31  0
-37  -31  -13  0
38  -5  -34  0
-15  40  -27  0
-18  -16  22  0
19  29  -28  0
-4  1  35  0
-5  29  -30  0
7  -25  17  0
11  -23  4  0
33  10  11  0
17  -29  -13  0
24  -29  -8  0
34  5  2  0
-8  31  5  0
19  34  -18  0
-6  -39  -8  0
-35  2  5  0
9  20  -31  0
11  18  7  0
1  -29  7  0
10  35  37  0
-25  9  -2  0
-11  28  -33  0
-26  24  10  0
-27  2  21  0
-33  29  2  0
-15  32  -10  0
-30  16  -3  0
-38  27  39  0
9  -3  -40  0
-21  -29  -22  0
-16  8  2  0
-27  -3  -33  0
-1  7  32  0
18  4  -30  0
-40  -10  38  0
21  28  -13  0
35  34  21  0
7  -1  3  0
13  -28  -16  0
-33  -27  -26  0
-18  -27  -6  0
-20  -8  -36  0
32  -10  19  0
24  32  3  0
16  -13  -2  0
24  -14  -1  0
18  17  38  0
13  3  27  0
-33  31  -21  0
-20  28  9  0
-22  11  -28  0
15  -34  2  0
29  2  31  0
-17  -4  -12  0
15  27  -13  0
-13  -34  29  0
-27  -4  6  0
8  26  -10  0
1  28  -22  0
37  31  30  0
-7  -4  9  0
-35  -40  1  0
-12  21  10  0
40  -27  -21  0
-33  -37  -32  0
-22  37  -4  0
-26  8  21  0
-24  -18  -23  0
-29  -15  21  0
-16  -5  -11  0
-40  15  -31  0
-32  25  -15  0
-9  -29  20  0
34  12  -11  0
-12  37  -16  0
25  26  17  0
29  -16  -1  0
-16  -7  13  0
-10  -15  20  0
-21  31  -6  0
-40  -8  22  0
32  40  20  0
-8  -9  -38  0
-10  32  -15  0
27  -22  -10  0
-10  38  -35  0
30  -33  38  0
-10  -23  22  0
-5  16  17  0
21  -12  -29  0
-2  21  -32  0
33  -26  -5  0
28  -26  20  0
-1  6  17  0
-31  3  14  0
-22  -36  -35  0
32  26  -36  0
-37  -34  -17  0
22  4  -40  0
-39  -8  25  0
-26  20  -14  0
-35  -22  1  0
12  -37  -3  0
11  16  37  0
19  21  27  0
