c mkcnf random cnf with seed 217824, max clause length 3
c FORCED SATISFIABLE
c 
p cnf 40  172
16  23  11  0
-10  -25  -36  0
32  -19  -10  0
-8  1  7  0
39  26  -16  0
27  22  -19  0
-26  -3  28  0
-33  28  12  0
4  -10  -1  0
-13  -6  19  0
1  7  -5  0
-40  21  -34  0
24  -15  -21  0
-32  -13  -22  0
32  -6  -21  0
-28  31  -37  0
17  -31  -11  0
-39  -23  -19  0
37  22  10  0
-34  7  21  0
-16  9  39  0
29  36  -31  0
10  -38  -20  0
-14  3  8  0
27  -8  -22  0
7  8  -5  0
36  -10  -12  0
28  1  -18  0
-25  17  1  0
-28  30  -1  0
-33  -37  13  0
-2  -26  -18  0
28  -39  15  0
33  15  -36  0
24  -3  32  0
-35  -40  11  0
-9  -23  18  0
-24  -23  19  0
-12  -2  32  0
24  31  16  0
-23  9  24  0
15  -31  -34  0
30  -31  -26  0
2  -13  6  0
-27  19  10  0
-13  -11  35  0
11  22  -8  0
-5  -10  16  0
29  -21  39  0
-5  -36  11  0
38  -4  -3  0
-25  2  -31  0
5  -38  -3  0
-37  -23  32  0
-32  -37  -1  0
-27  -1  8  0
-26  -14  -34  0
-6  29  -36  0
-35  -1  17  0
-36  27  38  0
-31  -26  21  0
9  -35  8  0
18  -35  14  0
19  -23  -9  0
-32  -28  -9  0
-29  15  -31  0
31  26  3  0
-40  -39  -37  0
-30  8  7  0
-35  5  9  0
27  37  21  0
36  -34  3  0
8  36  -31  0
20  21  -35  0
34  -8  -40  0
-21  -22  24  0
21  -5  -10  0
-17  -21  -9  0
-30  13  36  0
20  -13  -8  0
29  -4  18  0
32  -15  -11  0
36  7  21  0
-34  31  -33  0
33  -31  11  0
14  -4  31  0
-31  37  36  0
-30  29  36  0
-21  -11  -37  0
19  4  14  0
-16  -26  3  0
-16  -30  40  0
-24  37  -1  0
37  31  21  0
-17  37  29  0
37  6  11  0
20  15  26  0
-27  -34  9  0
-8  2  -40  0
-1  35  22  0
-31  -25  -19  0
9  -14  13  0
-31  -21  4  0
26  -21  -4  0
-4  40  -22  0
17  -38  20  0
-4  -17  -22  0
-17  -7  21  0
5  28  -6  0
-36  2  21  0
-38  19  27  0
37  -2  32  0
27  -22  -9  0
-23  -4  -37  0
-32  -13  -28  0
18  21  -15  0
32  36  21  0
4  -15  -21  0
-39  -25  -24  0
38  -10  -33  0
37  -21  -26  0
-26  -38  9  0
-12  -32  38  0
-4  -1  -36  0
5  -6  21  0
31  -19  40  0
-37  -13  -32  0
31  -8  -40  0
30  -36  -7  0
25  -17  24  0
-7  -29  -27  0
30  -36  34  0
22  -36  31  0
-2  27  32  0
-10  16  -38  0
-5  13  17  0
24  -26  12  0
-31  35  38  0
-15  31  -22  0
-23  5  30  0
23  -13  -39  0
21  5  2  0
-30  26  -2  0
31  -24  -10  0
36  8  -2  0
-25  -19  12  0
-23  30  29  0
-39  3  38  0
4  -32  33  0
-2  -23  -28  0
-1  8  -15  0
4  -22  -34  0
-13  -32  -20  0
35  -18  -21  0
40  -34  -22  0
12  -9  30  0
-39  -3  -8  0
26  -4  -1  0
-18  17  -27  0
-33  4  -20  0
13  1  9  0
-18  -8  -3  0
-22  -17  36  0
-17  -34  -3  0
-31  10  -25  0
-27  22  19  0
36  -7  23  0
-22  35  1  0
18  -10  3  0
-10  7  -36  0
22  -34  39  0
-8  -5  25  0
