c mkcnf random cnf with seed 217830, max clause length 3
c FORCED SATISFIABLE
c 
p cnf 40  172
17  20  5  0
3  -24  4  0
8  -13  -3  0
-3  38  22  0
-27  14  -32  0
10  9  20  0
19  -17  25  0
30  -17  10  0
-24  40  -4  0
-27  15  -38  0
17  -13  -20  0
-31  9  -32  0
2  -34  -21  0
-19  5  12  0
-10  40  30  0
25  9  -4  0
19  -26  -8  0
-33  18  28  0
36  18  35  0
-9  -8  -6  0
38  9  34  0
37  -1  32  0
-36  -29  -34  0
-36  -34  2  0
-21  7  -29  0
28  -12  -22  0
-23  -2  -30  0
6  28  27  0
17  -36  -25  0
-33  -19  -39  0
13  37  36  0
-21  23  -4  0
-14  -10  6  0
-17  11  9  0
-38  12  -3  0
-17  -27  -15  0
20  -6  -3  0
4  20  -12  0
-13  20  -5  0
12  -1  31  0
19  25  -21  0
-36  5  -14  0
-29  20  4  0
15  17  -13  0
-21  -37  22  0
31  10  -20  0
21  -13  33  0
-20  9  33  0
-29  -33  8  0
-2  -9  -30  0
39  37  11  0
-27  23  -13  0
-38  13  12  0
10  -29  2  0
-6  -2  40  0
10  -29  15  0
19  -6  7  0
5  -36  22  0
-25  -4  22  0
30  -7  20  0
-18  29  12  0
-32  11  -33  0
1  -5  -26  0
-27  -12  21  0
36  -26  -30  0
13  24  8  0
-13  -1  -12  0
-40  19  -5  0
-29  3  40  0
-21  -37  32  0
37  -10  2  0
-32  -6  33  0
-27  -26  -2  0
-20  14  36  0
-36  -26  37  0
-29  34  -23  0
22  -32  36  0
12  21  31  0
16  2  1  0
1  -17  25  0
39  -18  -27  0
-40  4  17  0
-11  -40  -10  0
-38  28  -27  0
37  10  -17  0
-33  -1  -35  0
20  3  -2  0
-36  -30  13  0
38  -30  8  0
28  -3  14  0
-8  28  13  0
32  -21  17  0
-16  20  -18  0
-36  2  5  0
17  -30  12  0
-11  -16  27  0
-27  18  31  0
-22  -21  1  0
-6  -1  9  0
-17  -1  -12  0
-25  39  15  0
-14  21  -27  0
18  -36  -39  0
-33  -16  20  0
28  -21  -10  0
-12  -34  -31  0
39  -13  -21  0
-2  18  27  0
36  35  40  0
3  12  -17  0
-8  -40  38  0
-13  -16  39  0
22  -34  -40  0
-6  -36  -23  0
-26  21  40  0
-23  -31  -24  0
-29  18  -26  0
-37  -20  -22  0
-39  -16  -6  0
-39  -31  -9  0
21  -18  28  0
5  16  37  0
33  -28  36  0
9  -17  -40  0
10  14  23  0
8  -29  -5  0
-34  -35  19  0
23  21  26  0
21  -38  30  0
-18  33  -29  0
-27  31  -23  0
-38  -36  -11  0
23  -37  16  0
26  -24  -18  0
22  30  4  0
-37  -1  -2  0
36  27  23  0
-20  -40  2  0
-30  -32  -34  0
36  -1  -13  0
37  17  -23  0
-26  37  35  0
22  -10  35  0
23  25  38  0
-24  26  6  0
-32  -15  6  0
31  -4  -11  0
20  -14  28  0
-12  16  35  0
-17  23  -26  0
-18  7  -35  0
5  -36  8  0
-36  -2  -32  0
-10  -11  -40  0
14  26  -12  0
12  22  7  0
7  4  -17  0
-29  31  3  0
12  39  -33  0
-34  -3  -5  0
27  20  15  0
-37  -34  30  0
-37  9  26  0
-27  12  -5  0
-30  36  -22  0
25  40  4  0
-10  38  33  0
-35  19  -6  0
6  -16  34  0
-2  8  -10  0
-27  -1  -12  0
39  -19  5  0
