c mkcnf random cnf with seed 217810, max clause length 3
c FORCED SATISFIABLE
c 
p cnf 40  172
15  -4  -39  0
-11  19  25  0
-37  25  34  0
20  -26  1  0
-26  25  -31  0
-29  6  14  0
17  19  -40  0
-16  -14  -38  0
-2  -17  32  0
34  -10  -31  0
9  12  35  0
16  -12  1  0
21  1  28  0
-30  34  21  0
30  -19  22  0
-11  -31  38  0
-13  -26  -29  0
-22  -10  16  0
9  30  -29  0
7  20  35  0
15  -37  1  0
22  39  -10  0
17  -7  -24  0
18  -15  16  0
-7  22  11  0
28  36  6  0
-18  29  13  0
-19  34  29  0
-14  8  35  0
19  22  8  0
20  -17  21  0
-15  -7  29  0
-31  33  -30  0
29  -34  19  0
-28  -9  8  0
-28  -13  39  0
24  6  -26  0
-27  30  -15  0
-30  36  37  0
23  -32  -9  0
-30  -40  29  0
20  1  5  0
18  2  -1  0
-16  27  -20  0
-10  -17  -18  0
-39  29  34  0
-12  -40  18  0
-14  -30  1  0
-13  29  8  0
3  -7  -6  0
-20  -9  -27  0
-25  -2  -38  0
-25  7  -29  0
32  -30  36  0
-15  -1  -20  0
26  -14  -28  0
-25  -31  -34  0
-35  -10  -36  0
-5  -37  7  0
-37  26  11  0
17  -39  -23  0
-36  11  17  0
8  -5  2  0
4  -13  -12  0
-16  13  21  0
31  -9  25  0
10  2  9  0
30  6  32  0
27  -23  1  0
30  -36  -26  0
29  -34  33  0
-13  22  18  0
26  25  -29  0
22  5  -3  0
15  26  23  0
-37  -22  -2  0
15  -17  33  0
-32  -13  21  0
-7  -3  -13  0
36  -8  -32  0
-40  11  12  0
40  11  -24  0
8  -15  40  0
-24  2  -20  0
10  32  35  0
-33  12  -24  0
38  26  -31  0
14  -4  -13  0
-38  29  -8  0
-31  -34  33  0
32  -7  22  0
-36  16  -33  0
-32  -35  24  0
24  12  34  0
31  -8  -15  0
-15  3  -40  0
-31  -11  -4  0
-5  -19  33  0
-15  -25  19  0
-29  -18  38  0
-17  -1  14  0
-2  -28  -34  0
30  -36  19  0
3  19  6  0
-25  8  -19  0
35  19  -21  0
37  16  -30  0
-7  -28  4  0
-5  -1  -25  0
-37  13  -26  0
31  -40  39  0
-31  40  24  0
-33  -27  4  0
-24  21  -27  0
-33  9  21  0
-6  -1  -16  0
1  -22  -8  0
9  4  -20  0
24  19  -21  0
25  2  40  0
-17  -37  30  0
-6  2  -32  0
-20  38  -12  0
33  11  3  0
-30  39  16  0
33  18  36  0
-4  33  11  0
22  11  -17  0
-30  26  9  0
-5  8  37  0
-5  -21  -33  0
-5  -36  27  0
-3  -6  37  0
8  37  -32  0
8  1  16  0
-32  12  28  0
-28  36  4  0
22  -15  -1  0
36  -1  32  0
7  29  13  0
10  40  -30  0
-3  -2  31  0
-37  8  2  0
12  17  -27  0
31  -38  -33  0
-26  35  10  0
-5  31  15  0
18  -13  -2  0
23  37  6  0
20  -1  -37  0
-6  22  -28  0
-29  -39  -9  0
-13  -18  -27  0
-17  28  -15  0
7  -39  15  0
-31  13  38  0
-20  15  34  0
16  3  -2  0
-10  38  -7  0
33  12  30  0
-4  -32  22  0
-32  16  14  0
-4  -37  21  0
-15  16  25  0
39  14  19  0
-24  5  -38  0
-10  -22  21  0
2  38  39  0
-38  -37  -22  0
16  -9  30  0
29  38  36  0
32  -37  16  0
