c mkcnf random cnf with seed 217842, max clause length 3
c FORCED SATISFIABLE
c 
p cnf 40  172
-18  -13  34  0
-11  34  -30  0
20  8  -35  0
10  20  2  0
-35  27  -18  0
-32  37  18  0
16  23  21  0
7  5  -29  0
26  11  8  0
34  2  8  0
-21  -3  -18  0
18  36  -6  0
-37  -6  4  0
-1  35  7  0
11  -14  18  0
-7  -21  14  0
15  38  31  0
17  38  -40  0
-24  -8  18  0
29  -24  31  0
-7  28  2  0
34  -11  37  0
26  32  27  0
-32  -1  -36  0
30  2  -8  0
37  13  20  0
-12  -39  -15  0
9  -31  36  0
4  -12  -18  0
-7  -17  -4  0
-27  33  -37  0
-14  17  9  0
8  -31  -13  0
-14  10  -28  0
25  -9  39  0
-19  12  36  0
-1  -10  36  0
12  -6  -36  0
-25  -4  -23  0
15  38  33  0
24  -30  -1  0
-31  -12  7  0
33  31  -30  0
26  33  37  0
-21  -32  -10  0
-33  -32  -37  0
21  19  37  0
37  29  4  0
3  29  17  0
31  23  2  0
-5  -23  -29  0
-8  -30  -3  0
-9  -15  -34  0
-33  -36  -4  0
4  -24  26  0
3  -16  -36  0
-27  -1  5  0
17  -34  35  0
18  10  -13  0
13  -24  -19  0
12  -16  -29  0
-16  32  22  0
18  1  26  0
-34  27  3  0
-19  28  10  0
-16  5  24  0
26  -21  8  0
-13  -20  -6  0
-2  28  -3  0
-23  -17  22  0
-10  1  -27  0
-26  9  6  0
-28  -30  6  0
-21  -38  40  0
4  11  -10  0
-34  19  29  0
34  -4  -31  0
6  34  20  0
-22  -37  28  0
16  -37  32  0
-10  -15  26  0
-30  -33  -13  0
12  15  -38  0
-28  4  -9  0
-20  -5  -27  0
-34  3  -22  0
9  -17  -21  0
24  -18  11  0
-30  -3  24  0
31  -16  -8  0
-14  -12  38  0
19  29  38  0
21  -15  -3  0
-31  33  39  0
-27  35  -11  0
-4  -26  -23  0
-22  2  4  0
-12  31  32  0
-10  34  -11  0
17  -27  11  0
22  13  -3  0
28  -14  22  0
-19  29  37  0
-25  -7  28  0
-9  -19  24  0
-4  -22  13  0
14  28  39  0
29  6  2  0
-25  -36  -14  0
20  -38  14  0
-4  -11  -29  0
34  -10  -4  0
36  13  28  0
-6  19  3  0
5  -3  21  0
16  8  6  0
-34  -22  -20  0
40  12  14  0
37  -24  -29  0
-22  -16  38  0
-5  -38  -9  0
-3  28  17  0
-20  -4  -11  0
1  -34  -35  0
15  -21  23  0
-20  24  38  0
-10  -29  15  0
1  32  2  0
-16  -15  14  0
21  -33  -39  0
3  1  -18  0
31  12  9  0
39  -4  -2  0
-40  11  26  0
-32  -38  40  0
-34  -32  28  0
-36  26  4  0
-8  16  -18  0
23  2  36  0
14  -16  10  0
-22  -21  -11  0
-30  -11  22  0
19  18  4  0
37  24  31  0
-36  -23  37  0
29  26  15  0
-26  30  25  0
12  -1  39  0
-13  32  21  0
-21  -7  14  0
18  -40  25  0
29  -26  -34  0
40  36  -7  0
-26  29  4  0
21  24  6  0
-29  -18  34  0
-9  16  39  0
35  7  40  0
-13  -18  -14  0
30  36  35  0
17  21  -32  0
-5  8  -16  0
19  -22  -12  0
-28  -27  -34  0
37  16  29  0
-13  18  -32  0
-10  2  -23  0
39  -32  -27  0
-26  -9  -11  0
29  -38  24  0
-12  23  -27  0
-35  -10  39  0
