c mkcnf random cnf with seed 217835, max clause length 3
c FORCED SATISFIABLE
c 
p cnf 40  172
-17  4  -7  0
-37  -38  -30  0
-36  -19  35  0
26  -13  -33  0
-31  -30  21  0
-25  27  -6  0
18  7  -39  0
3  -16  -8  0
-3  -8  -19  0
-33  -6  -18  0
35  -26  30  0
15  -4  18  0
32  2  -24  0
14  -16  -25  0
-12  22  30  0
-17  27  26  0
-11  34  15  0
-23  -18  24  0
25  11  15  0
11  -10  -4  0
-31  16  32  0
5  24  -11  0
25  29  -4  0
13  -4  28  0
35  36  -29  0
24  -32  25  0
17  -6  -38  0
9  32  36  0
19  26  -14  0
27  -26  -2  0
-34  31  9  0
13  -37  -35  0
3  -10  27  0
-21  31  12  0
4  -25  -30  0
30  -14  15  0
36  -30  -2  0
-34  32  10  0
-12  -17  -29  0
27  -33  3  0
4  17  1  0
6  -35  -15  0
23  -28  20  0
-30  13  -2  0
36  7  34  0
-1  23  -14  0
-30  22  -10  0
22  15  26  0
11  -3  13  0
39  4  7  0
-39  -40  -22  0
-40  -20  3  0
20  37  -18  0
-33  -4  -36  0
-15  6  -22  0
-11  19  8  0
-32  -13  14  0
-38  6  9  0
-4  11  8  0
4  30  20  0
16  -19  -4  0
25  -33  15  0
-22  12  -40  0
-5  12  -19  0
-7  -25  23  0
-23  -8  6  0
-25  -35  24  0
-34  21  -1  0
-22  12  -35  0
21  -38  -12  0
10  -19  17  0
-35  -19  -11  0
13  20  5  0
34  30  15  0
31  8  -17  0
-1  -25  -5  0
-30  3  24  0
-12  2  39  0
37  -31  -38  0
-12  2  17  0
20  14  -5  0
35  3  15  0
28  34  -30  0
-13  -38  -33  0
10  -6  -38  0
-28  25  15  0
-3  1  36  0
-34  -39  40  0
14  -7  -6  0
12  5  17  0
-35  -19  -24  0
4  8  -6  0
-32  -35  10  0
-20  -2  -21  0
-17  24  12  0
22  -9  39  0
8  23  2  0
28  -16  3  0
-25  29  -40  0
35  5  33  0
-17  12  -4  0
24  -35  38  0
3  -26  -9  0
-29  -28  -6  0
21  -10  -27  0
-23  33  12  0
39  -9  23  0
-6  -17  10  0
-24  -32  5  0
38  -10  -6  0
-2  -23  -34  0
-10  -23  5  0
-2  -29  18  0
-35  -29  8  0
-16  -1  2  0
-17  6  7  0
-14  17  40  0
-35  37  7  0
-8  -13  -14  0
-29  37  11  0
10  -20  15  0
31  11  27  0
36  21  -38  0
-16  32  31  0
-7  32  23  0
1  -20  -8  0
28  15  4  0
-7  -12  -32  0
-4  5  -14  0
-1  34  -10  0
-16  -7  -13  0
-17  35  18  0
-10  40  -28  0
11  -16  19  0
29  -15  19  0
-17  -39  -5  0
-8  32  -30  0
-18  -35  12  0
-16  12  -20  0
26  4  -29  0
4  -7  23  0
-21  2  20  0
-5  -28  25  0
8  -16  -29  0
-24  -2  -21  0
21  37  2  0
18  36  -40  0
5  16  -27  0
28  -10  5  0
-24  32  14  0
15  4  -20  0
6  -40  37  0
-14  -36  -12  0
18  5  4  0
20  27  11  0
-22  37  -34  0
35  3  8  0
-19  35  15  0
8  16  26  0
-11  -36  -1  0
11  -38  14  0
23  32  -24  0
27  -13  1  0
19  -3  1  0
26  -1  -7  0
-13  -34  23  0
-31  -22  -32  0
-36  13  -27  0
-10  -17  11  0
25  -33  -4  0
1  -19  -10  0
-23  6  36  0
