c mkcnf random cnf with seed 217834, max clause length 3
c FORCED SATISFIABLE
c 
p cnf 40  172
-17  -31  -15  0
34  -3  -16  0
38  17  -28  0
-7  32  -15  0
39  7  -36  0
-28  2  -16  0
-36  -25  33  0
20  2  21  0
-33  7  -25  0
-21  4  -34  0
-1  -7  26  0
28  14  -7  0
-25  20  16  0
37  -35  -22  0
13  8  20  0
-9  6  25  0
-2  35  20  0
-24  -25  35  0
-9  18  -39  0
7  -19  -39  0
8  -19  24  0
-35  22  19  0
-5  -38  14  0
-29  -33  23  0
-9  -14  22  0
-23  -4  -10  0
-1  27  29  0
14  4  29  0
8  7  21  0
38  -9  30  0
19  -35  -26  0
-3  5  35  0
11  14  25  0
-25  26  -34  0
-13  34  29  0
-30  16  -26  0
4  38  35  0
15  -39  22  0
29  18  -13  0
-26  -22  7  0
35  37  28  0
21  25  -15  0
-15  35  38  0
-6  37  -23  0
-13  32  6  0
2  27  16  0
-8  -17  -24  0
1  28  26  0
30  6  -33  0
3  17  -20  0
29  -8  -13  0
-9  -23  14  0
-20  32  -13  0
29  38  -33  0
29  19  -32  0
-20  13  -17  0
-9  -26  35  0
-29  28  14  0
5  -25  21  0
14  -12  6  0
-25  22  -19  0
-11  -25  7  0
13  -3  17  0
38  33  -28  0
-14  -8  28  0
5  -40  -39  0
7  32  22  0
26  31  -16  0
-30  -13  -1  0
-24  15  -40  0
1  -8  -30  0
28  -35  -27  0
-35  -14  15  0
-14  15  -38  0
17  19  31  0
20  2  29  0
23  -10  -21  0
-5  -19  22  0
-26  12  -33  0
-10  -22  15  0
10  -39  -36  0
-36  19  26  0
22  -15  -8  0
-19  -5  36  0
-25  -3  23  0
-38  21  32  0
-38  20  -30  0
-33  23  26  0
-3  -2  -16  0
-34  19  -18  0
12  -13  2  0
-9  -26  -25  0
19  15  -12  0
-17  -5  30  0
31  24  30  0
38  -1  19  0
-11  -37  22  0
-10  -20  36  0
33  17  26  0
11  -29  -16  0
-28  23  -12  0
-38  -2  17  0
-38  -33  -20  0
-40  -24  -35  0
5  -24  29  0
-20  -12  23  0
-28  34  37  0
-29  -30  -34  0
-31  -11  19  0
9  6  -39  0
-39  15  22  0
-26  36  -16  0
-18  39  -4  0
19  35  -7  0
21  -28  7  0
39  -31  11  0
-12  20  -21  0
12  -15  -27  0
7  -11  -23  0
-16  -4  21  0
-33  13  35  0
-12  32  30  0
-40  -19  -7  0
1  11  -38  0
30  -38  -25  0
36  -39  15  0
-12  -31  -34  0
12  38  2  0
-32  -8  9  0
-28  29  -19  0
-1  -4  20  0
18  27  31  0
-27  22  1  0
-30  10  11  0
-14  -37  -27  0
4  28  -2  0
36  -32  -13  0
29  -30  21  0
37  38  16  0
23  -12  -1  0
-22  19  38  0
21  -33  19  0
-28  -5  -20  0
-10  8  29  0
-9  40  -35  0
-14  37  -31  0
-39  8  33  0
-1  -39  -30  0
-26  -5  -12  0
-8  14  -28  0
37  3  -38  0
10  17  -18  0
20  -24  -26  0
38  29  -4  0
37  10  18  0
-7  35  26  0
30  -3  -5  0
-24  -33  -4  0
-24  -4  29  0
-26  -30  37  0
-33  -4  35  0
25  38  -40  0
16  -6  -13  0
14  19  -9  0
-16  22  15  0
3  37  20  0
-13  -29  -34  0
36  35  -10  0
-21  -18  31  0
16  36  35  0
-8  30  -7  0
-27  4  -20  0
