c mkcnf random cnf with seed 217792, max clause length 3
c FORCED SATISFIABLE
c 
p cnf 40  172
13  -14  -16  0
-24  21  -7  0
5  -36  15  0
-4  -8  -34  0
-40  -3  -14  0
24  -12  -14  0
-37  -19  -33  0
-11  -32  10  0
-23  -25  -14  0
-8  14  22  0
-32  -7  -25  0
-7  16  -2  0
-12  -25  -24  0
35  15  1  0
35  5  -36  0
-1  32  13  0
15  -9  -19  0
-35  17  16  0
-26  -25  -11  0
-5  18  36  0
-39  26  -21  0
-35  -37  6  0
-38  -25  -23  0
-22  32  -2  0
-22  -34  35  0
-12  -26  -40  0
8  22  -17  0
13  8  -1  0
-40  -13  -24  0
-35  6  24  0
28  10  -38  0
39  -21  34  0
-6  -39  25  0
28  17  -25  0
-28  -38  37  0
23  -33  -10  0
-30  1  9  0
20  27  -34  0
36  26  -30  0
14  -8  13  0
-32  -5  -31  0
12  34  -18  0
27  14  -18  0
12  -10  -13  0
-12  -37  33  0
1  -27  -17  0
15  29  -13  0
20  3  2  0
28  31  34  0
-37  19  -1  0
-30  -14  13  0
-39  -27  37  0
4  -34  8  0
35  9  13  0
13  -15  11  0
-1  -25  5  0
8  -35  36  0
2  10  -7  0
-19  30  -37  0
12  33  17  0
24  -31  -20  0
21  24  3  0
28  8  -26  0
17  -40  -28  0
-3  34  25  0
23  7  25  0
6  9  17  0
-32  15  -14  0
12  -27  1  0
-31  -34  -12  0
-19  39  4  0
-37  -27  -6  0
35  -20  -10  0
30  10  -29  0
37  13  17  0
27  35  -17  0
19  22  1  0
-40  -27  26  0
-29  -16  -36  0
18  8  27  0
28  -15  17  0
1  -9  38  0
-9  -1  -20  0
19  37  -31  0
31  -33  -23  0
-18  10  -30  0
26  -15  -18  0
-39  18  -3  0
21  -14  -1  0
24  -15  5  0
-11  -26  28  0
-32  -18  -5  0
26  -16  33  0
36  -39  20  0
-26  -10  -19  0
37  34  -38  0
-25  12  15  0
36  -35  18  0
18  -40  -15  0
31  -40  11  0
33  17  -19  0
-21  -1  -35  0
-7  11  -24  0
-14  32  -25  0
-27  -37  21  0
-4  -32  29  0
8  19  9  0
33  -14  -15  0
26  9  7  0
35  14  -29  0
-25  -31  -4  0
36  -19  -12  0
29  -3  39  0
-16  -28  -34  0
-4  17  -33  0
-7  -28  -22  0
-33  -30  -13  0
-18  9  -20  0
26  8  9  0
31  27  9  0
-20  -2  35  0
-28  -25  3  0
-38  -14  20  0
40  26  -35  0
-36  32  -23  0
25  -29  -12  0
20  -1  34  0
-39  -32  3  0
29  28  40  0
39  -38  -29  0
18  37  -21  0
-5  27  -7  0
9  5  11  0
6  22  25  0
-23  28  -16  0
33  40  -26  0
-1  -25  -37  0
22  20  27  0
21  16  28  0
-32  18  25  0
9  11  25  0
-3  -33  -7  0
20  9  -17  0
-11  -33  -37  0
-1  28  -17  0
-36  -19  4  0
31  -23  -4  0
10  7  13  0
26  -17  -30  0
14  -6  -3  0
13  -21  8  0
37  30  -15  0
10  15  -34  0
-18  -28  15  0
-32  -35  -36  0
13  -36  37  0
-4  -11  7  0
16  -8  20  0
-15  37  -5  0
-8  -4  19  0
-11  -2  -20  0
-9  -3  21  0
2  38  -17  0
-29  38  34  0
22  31  2  0
-19  8  23  0
35  5  16  0
2  -17  -6  0
-32  -12  -24  0
14  33  7  0
34  -35  -17  0
-27  -12  -23  0
