c mkcnf random cnf with seed 217762, max clause length 3
c FORCED SATISFIABLE
c 
p cnf 40  172
-10  -31  6  0
-16  5  10  0
-2  31  -30  0
-3  -34  -36  0
7  -17  20  0
-21  14  -5  0
1  9  24  0
9  6  -27  0
-3  1  -24  0
-22  34  -35  0
-38  4  -18  0
-18  -32  -16  0
29  37  -23  0
30  35  -33  0
-12  24  18  0
-39  -10  24  0
-22  32  -4  0
-40  -25  -35  0
-18  2  -20  0
-9  -36  -13  0
11  -15  12  0
-19  9  12  0
12  -22  30  0
37  -13  -22  0
-31  38  32  0
6  -21  8  0
-36  20  18  0
-15  39  -17  0
-33  -7  38  0
9  -4  -14  0
-26  -5  39  0
22  6  35  0
27  8  -3  0
-26  38  34  0
-10  5  2  0
-32  -8  11  0
-13  10  -8  0
8  21  -40  0
11  37  -28  0
5  -8  -32  0
-7  -13  23  0
-15  3  6  0
22  -6  15  0
31  -34  -16  0
31  35  -1  0
8  -10  -15  0
25  17  -23  0
12  38  31  0
-26  -36  31  0
-25  4  2  0
-39  -36  -18  0
16  8  -2  0
2  22  4  0
13  11  37  0
28  -38  40  0
-11  5  -2  0
-36  -23  1  0
-19  -9  26  0
-26  -34  -35  0
28  -38  21  0
10  -4  38  0
36  19  -18  0
-1  -40  -28  0
-33  -20  -25  0
9  10  11  0
11  24  -6  0
-21  22  -7  0
4  -27  -32  0
-15  23  30  0
30  -19  27  0
-7  -22  -38  0
33  22  15  0
13  -27  -35  0
-28  -18  4  0
-2  -27  12  0
2  29  -24  0
-13  -4  1  0
-5  18  6  0
-33  11  14  0
22  -26  17  0
-39  12  23  0
-27  15  -10  0
-30  25  -11  0
-9  -38  5  0
25  18  -2  0
6  1  40  0
-27  17  -21  0
30  -37  16  0
7  -22  -31  0
-21  -1  -28  0
-26  -10  16  0
-21  15  -7  0
-4  20  -1  0
-21  -1  19  0
-29  -1  -20  0
9  28  -29  0
-9  -17  13  0
-12  -3  25  0
39  23  17  0
22  36  37  0
3  -20  -26  0
-38  9  -22  0
-10  -27  39  0
-35  12  10  0
28  -38  -1  0
1  -35  -37  0
-19  32  -40  0
29  -8  35  0
22  -3  24  0
-13  6  -33  0
5  7  4  0
-27  -16  40  0
-19  -11  -23  0
26  -14  34  0
-38  -20  -17  0
19  26  5  0
27  -25  28  0
2  -11  29  0
16  -9  1  0
-33  -34  20  0
-4  -36  1  0
-8  4  -29  0
23  -6  40  0
-14  -39  -33  0
3  27  32  0
-5  28  -20  0
-23  34  -37  0
-3  -34  -23  0
-26  31  -15  0
-29  30  -15  0
-33  4  7  0
-15  18  -17  0
9  16  34  0
24  -4  -32  0
-27  40  -26  0
-29  40  14  0
-15  24  39  0
-19  -38  -37  0
28  20  24  0
1  30  23  0
-8  14  17  0
-14  -35  -19  0
34  26  27  0
-34  16  -9  0
-23  33  -34  0
38  -30  -8  0
4  14  11  0
32  38  29  0
10  -21  -12  0
23  17  -33  0
22  20  -13  0
-20  -26  -2  0
-13  40  -14  0
-25  -29  -8  0
-24  -21  1  0
-25  12  10  0
22  -36  -25  0
-18  39  12  0
8  1  -14  0
-22  -7  -32  0
26  -22  -6  0
18  -35  1  0
25  -16  -32  0
-38  22  25  0
-20  -7  3  0
-17  18  -20  0
-17  22  25  0
-4  -37  -38  0
-12  24  -16  0
-39  1  2  0
-17  20  25  0
35  -26  23  0
