c mkcnf random cnf with seed 217843, max clause length 3
c FORCED SATISFIABLE
c 
p cnf 40  172
-18  -26  -10  0
32  35  14  0
29  8  3  0
-20  19  27  0
26  -3  -10  0
2  18  -26  0
-33  13  -36  0
28  -34  9  0
-28  -9  22  0
27  -11  7  0
24  -12  -23  0
-24  37  39  0
-19  -25  -39  0
38  26  -25  0
-4  -25  34  0
17  5  -21  0
34  18  26  0
13  22  -21  0
12  -5  14  0
21  -25  35  0
-39  13  21  0
25  14  29  0
3  -26  -9  0
-17  -33  2  0
-34  7  37  0
10  6  27  0
37  7  25  0
32  14  -23  0
14  -6  -24  0
-19  32  2  0
-40  9  23  0
-33  8  16  0
-20  -21  35  0
-25  -33  29  0
-8  32  -9  0
33  9  24  0
15  12  17  0
-40  1  16  0
-6  -35  39  0
-18  -13  40  0
35  -22  24  0
25  -17  30  0
-22  -9  35  0
18  23  30  0
-11  12  29  0
-4  -37  23  0
-30  13  14  0
34  -25  24  0
16  -34  40  0
20  -34  10  0
-7  18  14  0
-21  -36  5  0
-24  2  -40  0
8  -23  -18  0
-12  -31  11  0
37  -5  -9  0
32  -13  -36  0
-9  14  2  0
36  28  -34  0
-39  35  -26  0
18  28  39  0
22  -8  -5  0
21  -31  8  0
38  9  -5  0
40  26  -32  0
36  -27  -7  0
-30  11  14  0
24  -12  -15  0
-36  -4  -39  0
22  36  17  0
27  -3  18  0
-28  13  -37  0
-40  18  -3  0
8  -7  16  0
-2  10  -20  0
23  -21  -6  0
-15  18  -28  0
-1  -17  -33  0
39  24  -8  0
-11  8  -16  0
-8  -40  19  0
-28  -29  1  0
23  -3  -15  0
20  -30  19  0
7  16  12  0
-14  -33  -7  0
-27  -13  -5  0
17  29  27  0
-27  37  -20  0
3  18  22  0
2  -33  25  0
-40  15  36  0
31  -30  -15  0
2  -39  -13  0
10  -25  14  0
15  -30  34  0
13  -35  32  0
36  9  -7  0
-5  -22  21  0
22  -11  -39  0
33  22  -32  0
-17  11  7  0
20  24  -40  0
20  31  36  0
-38  36  -20  0
-28  -21  -6  0
12  23  11  0
39  31  -14  0
36  -38  -29  0
-18  33  19  0
6  14  -23  0
-18  -38  27  0
2  -20  21  0
-6  -14  -31  0
21  14  25  0
23  30  2  0
-8  3  4  0
15  -25  26  0
28  -22  24  0
-26  12  -8  0
32  -13  -14  0
20  -3  36  0
31  -38  -13  0
-3  29  -13  0
-24  38  -23  0
29  24  -15  0
-3  18  -25  0
24  -16  -13  0
33  -37  -6  0
1  -19  -7  0
27  -4  -32  0
34  -33  -40  0
-7  1  27  0
37  16  -31  0
-9  -22  -39  0
-38  17  21  0
23  11  39  0
11  4  15  0
-35  28  38  0
-15  24  -26  0
-27  -25  14  0
-15  -38  -33  0
37  -11  2  0
30  -9  8  0
11  -35  38  0
-8  -28  -25  0
25  33  21  0
7  30  -13  0
29  1  28  0
-27  18  16  0
-17  -36  6  0
1  3  -36  0
33  -40  22  0
-19  -23  24  0
36  20  6  0
-12  -20  -13  0
-24  34  -29  0
6  -4  -8  0
-32  25  -13  0
-22  14  -17  0
-6  26  15  0
25  37  14  0
3  2  10  0
10  27  15  0
-19  -5  16  0
35  -23  -26  0
14  -21  13  0
27  17  34  0
31  16  -3  0
-27  14  3  0
-23  -6  30  0
1  -14  34  0
