c mkcnf random cnf with seed 217808, max clause length 3
c FORCED SATISFIABLE
c 
p cnf 40  172
-15  19  14  0
-17  13  18  0
20  -21  9  0
-15  26  -40  0
-4  27  -18  0
33  23  24  0
20  1  14  0
18  20  -27  0
29  -25  -10  0
-22  25  -16  0
21  -32  -40  0
20  -29  -15  0
-37  -40  -35  0
18  7  -40  0
14  -4  2  0
6  13  10  0
15  10  24  0
12  21  -13  0
17  30  5  0
31  -24  28  0
14  -31  17  0
-23  -2  40  0
16  4  30  0
-30  36  -8  0
-35  -19  -34  0
-26  -38  9  0
-13  -25  28  0
-5  -38  -30  0
-30  -13  18  0
-33  36  -20  0
9  35  -28  0
-20  -8  17  0
-25  28  16  0
15  -17  -10  0
-2  -5  3  0
-19  -13  34  0
38  26  -11  0
30  27  -23  0
21  23  8  0
-27  -18  32  0
22  -17  36  0
-27  13  10  0
-29  39  27  0
40  21  36  0
-7  -25  11  0
16  31  -26  0
19  4  -11  0
-28  18  -13  0
21  -5  -3  0
-11  34  -4  0
-10  -35  30  0
10  26  25  0
33  -19  -20  0
32  -3  17  0
-14  -38  -1  0
-4  8  17  0
1  -18  24  0
-26  40  8  0
-19  34  -30  0
-22  10  -23  0
-40  -22  -23  0
22  -40  -3  0
36  -13  -6  0
22  -26  -5  0
38  6  -16  0
33  -24  -29  0
-9  35  33  0
20  9  -1  0
-34  26  25  0
-14  29  7  0
-19  3  9  0
6  7  -9  0
-3  -33  -25  0
8  15  21  0
-9  4  -1  0
37  10  -1  0
35  12  -24  0
-26  11  -31  0
19  38  3  0
20  -10  -29  0
-38  -27  -30  0
-8  15  -1  0
31  -18  11  0
-39  14  -18  0
-10  -23  20  0
33  -8  34  0
-10  -15  18  0
-27  -22  37  0
-22  20  2  0
-8  25  29  0
-22  28  -38  0
-9  -29  19  0
-1  21  26  0
2  4  -36  0
11  40  -35  0
-23  -8  1  0
16  -2  -39  0
10  -5  33  0
-3  26  16  0
4  33  9  0
36  -20  -7  0
19  3  29  0
-35  20  -17  0
-3  2  20  0
29  -16  40  0
37  24  -34  0
-34  -1  4  0
-3  26  25  0
-37  17  -29  0
-16  15  9  0
-35  -30  11  0
36  17  21  0
-32  33  -35  0
3  25  -2  0
30  -11  -16  0
-9  -19  30  0
37  36  -4  0
37  -25  20  0
22  -36  -12  0
19  -30  28  0
9  39  32  0
29  -37  27  0
-16  6  -31  0
22  35  -11  0
-14  -17  39  0
-29  23  28  0
29  19  24  0
-12  -11  17  0
-26  -14  9  0
-14  24  -29  0
-36  3  22  0
30  -26  29  0
-30  3  16  0
-8  27  -12  0
-8  6  12  0
40  1  10  0
31  14  37  0
-17  34  29  0
-25  -26  21  0
9  -30  -27  0
-37  22  -30  0
-38  34  -4  0
-14  -4  6  0
-37  3  -26  0
-22  -33  -17  0
12  14  -2  0
10  -34  -15  0
-34  -11  15  0
20  35  -12  0
20  -12  -37  0
30  14  -38  0
29  -6  -32  0
-21  -11  -29  0
5  11  -2  0
14  1  20  0
24  -14  -32  0
9  20  -10  0
-22  -36  4  0
-3  18  28  0
6  12  -34  0
-2  40  -33  0
-40  34  38  0
39  -25  34  0
29  -15  12  0
12  13  24  0
13  -38  -8  0
-27  -25  -35  0
10  -28  1  0
-11  -4  9  0
-2  -10  35  0
32  -33  2  0
10  14  -37  0
