c mkcnf random cnf with seed 217799, max clause length 3
c FORCED SATISFIABLE
c 
p cnf 40  172
-14  -24  -3  0
6  19  -16  0
9  -8  2  0
-22  30  35  0
-40  8  9  0
-31  11  -22  0
39  22  3  0
-7  38  1  0
3  30  1  0
-22  -16  30  0
2  -33  -3  0
20  31  -2  0
-28  -1  26  0
-33  -14  18  0
-27  39  -36  0
29  23  28  0
33  31  -4  0
21  -8  10  0
6  23  -10  0
30  -2  -36  0
6  -27  29  0
-16  -24  40  0
29  21  35  0
-23  -11  29  0
37  -2  -21  0
18  11  -32  0
-17  -19  30  0
-30  -38  -28  0
30  25  39  0
8  33  -35  0
12  2  -1  0
-6  11  16  0
-27  -17  -8  0
-24  -37  14  0
13  -8  -24  0
9  -25  -10  0
-9  7  -40  0
-15  -20  -30  0
29  -31  23  0
-3  29  -34  0
29  -4  28  0
-18  7  -36  0
7  -9  -28  0
3  35  -40  0
-30  4  37  0
-4  -16  -24  0
-8  9  -1  0
38  -8  17  0
32  -20  6  0
5  -20  35  0
8  -25  -15  0
-19  22  -13  0
28  2  38  0
15  38  5  0
-11  -25  -5  0
29  -18  6  0
29  13  -11  0
32  -36  -33  0
-3  32  19  0
5  -2  39  0
34  -40  -14  0
37  26  -22  0
-21  -35  9  0
39  -18  12  0
-40  36  -9  0
-29  -3  -10  0
7  1  2  0
-30  -13  18  0
30  28  19  0
36  -7  39  0
-17  20  12  0
10  7  38  0
23  28  1  0
20  37  39  0
-30  7  35  0
10  -11  6  0
-23  9  27  0
-29  16  13  0
-22  6  10  0
-40  17  -29  0
-19  -15  30  0
40  -13  -26  0
35  -8  19  0
-9  4  40  0
3  10  36  0
-6  37  -3  0
-31  -22  -24  0
25  12  -35  0
32  -30  -29  0
-37  33  25  0
10  -25  -4  0
-12  -4  -2  0
-2  -39  -7  0
21  19  6  0
13  4  9  0
4  -21  -31  0
20  10  -24  0
16  -8  18  0
40  -33  -20  0
21  38  -15  0
-11  35  -5  0
-35  -33  -13  0
30  -23  -7  0
18  -24  14  0
-18  30  11  0
29  -31  -34  0
-5  1  32  0
-37  5  19  0
18  -32  5  0
-9  2  13  0
-10  36  -34  0
39  -31  1  0
-16  19  22  0
-31  18  -1  0
33  -6  37  0
23  16  24  0
26  11  -23  0
-20  30  5  0
25  38  -9  0
-35  -36  40  0
-36  19  -4  0
-21  -8  -25  0
16  17  -26  0
-26  -23  -40  0
-13  36  20  0
35  40  -20  0
14  40  -10  0
-1  -33  39  0
38  -8  -20  0
-30  -31  8  0
-12  4  22  0
5  35  23  0
14  25  -37  0
-18  -33  -9  0
-2  -25  -40  0
19  4  37  0
33  -20  8  0
23  17  8  0
7  34  -21  0
23  37  20  0
-19  17  10  0
7  40  -36  0
-19  14  -20  0
-26  -33  13  0
39  26  -23  0
-34  24  -32  0
25  -20  -22  0
-13  39  -7  0
33  -14  -21  0
11  -22  -9  0
18  20  24  0
-29  -1  -17  0
4  35  -40  0
-3  4  40  0
-18  15  -11  0
-22  10  6  0
-20  -25  -18  0
-37  16  25  0
14  35  -29  0
-13  26  32  0
27  -25  21  0
33  -24  9  0
36  6  -7  0
26  -13  -40  0
-19  -11  -26  0
-15  20  -16  0
24  -26  -37  0
6  21  -34  0
34  30  -7  0
-33  -13  -20  0
30  37  -21  0
-31  -22  5  0
