c mkcnf random cnf with seed 217773, max clause length 3
c FORCED SATISFIABLE
c 
p cnf 40  172
-11  2  -5  0
-21  27  -19  0
-37  -8  -2  0
4  29  18  0
6  -17  -15  0
-1  30  -29  0
23  -2  -32  0
24  -39  11  0
-28  -25  -5  0
7  26  23  0
-27  -12  -40  0
-32  40  27  0
21  -38  18  0
35  -22  -29  0
15  -31  -14  0
-12  -30  -19  0
-22  -39  29  0
26  -5  7  0
-3  6  12  0
-11  -5  -36  0
-7  20  -35  0
-11  -35  30  0
22  -20  -8  0
-38  -26  -18  0
34  -13  -3  0
-36  27  19  0
2  -18  15  0
19  31  1  0
40  -22  -10  0
-12  -30  7  0
-21  19  -29  0
17  -19  3  0
-29  10  36  0
-35  1  -31  0
-1  34  35  0
22  19  -12  0
-6  -13  -19  0
-15  10  39  0
-18  9  27  0
34  11  -18  0
-16  40  12  0
7  17  -27  0
-8  -21  -39  0
19  -39  -26  0
27  14  3  0
33  31  -19  0
22  -19  -37  0
38  -31  21  0
11  18  -36  0
-24  -40  14  0
39  -26  3  0
36  28  -34  0
32  -13  -38  0
22  -13  15  0
-29  31  -30  0
37  20  23  0
-29  -40  -36  0
13  30  -6  0
20  27  -37  0
7  -20  14  0
-26  2  -21  0
-18  28  -20  0
-17  -6  12  0
-29  -10  40  0
11  2  25  0
-24  32  -31  0
-35  31  -19  0
16  9  -35  0
-27  20  -38  0
30  13  27  0
-33  32  -17  0
-28  12  -2  0
-25  23  35  0
26  14  -4  0
-9  13  25  0
27  -32  22  0
-21  -19  37  0
5  7  15  0
-15  17  18  0
14  32  29  0
-28  -9  5  0
29  3  -13  0
-5  -38  -17  0
-32  -1  -19  0
39  -11  23  0
31  8  -11  0
-11  -21  31  0
-34  -16  -30  0
-24  22  31  0
-31  40  -10  0
-15  38  33  0
-37  19  -25  0
13  -40  14  0
16  -14  -24  0
38  21  -35  0
-11  -7  -30  0
-21  2  28  0
-7  -24  31  0
13  -27  -40  0
-32  21  -34  0
28  -38  -25  0
-32  -38  17  0
1  32  -40  0
-15  1  17  0
2  -16  -30  0
27  14  -35  0
40  20  24  0
24  31  -22  0
-32  39  -9  0
-32  6  23  0
-3  -30  28  0
11  30  19  0
-32  22  21  0
35  20  -19  0
28  -7  3  0
14  36  -33  0
-27  4  24  0
35  -15  37  0
10  -22  20  0
15  7  -8  0
-28  18  -23  0
21  40  26  0
10  -16  -1  0
-4  25  -18  0
40  -1  -11  0
-20  -30  15  0
-6  -18  28  0
23  36  22  0
18  -3  -33  0
-14  -38  25  0
-36  9  -25  0
-31  -27  -38  0
-35  -21  11  0
17  23  36  0
-4  6  -38  0
-33  -6  -15  0
29  -40  -16  0
-16  -29  -3  0
-23  27  -9  0
-9  7  -30  0
-8  21  17  0
-7  -13  3  0
-9  -23  -14  0
39  -4  -26  0
-4  -30  -15  0
8  -14  -13  0
-26  12  -32  0
8  31  -37  0
-7  -18  15  0
-17  -16  -33  0
-37  -29  -34  0
26  -20  -8  0
12  14  -33  0
30  -9  31  0
-16  -33  6  0
-7  -26  23  0
-26  32  25  0
-8  29  40  0
27  23  -4  0
-1  9  10  0
5  29  -14  0
-13  34  -12  0
-35  -28  8  0
37  19  -12  0
-6  27  21  0
16  20  33  0
-17  -40  -8  0
4  -9  -32  0
19  37  39  0
31  22  13  0
-15  -5  -31  0
-28  39  -33  0
