c mkcnf random cnf with seed 217752, max clause length 3
c FORCED SATISFIABLE
c 
p cnf 40  172
-9  -23  3  0
-21  -31  -16  0
28  19  9  0
-36  16  -19  0
33  -26  -22  0
-22  20  -40  0
14  -27  -13  0
-31  -26  -5  0
-8  20  15  0
18  11  -32  0
-13  -32  6  0
-24  9  -2  0
-21  -23  -16  0
-28  -24  38  0
13  -30  -31  0
-20  -11  29  0
-6  -16  -30  0
3  17  8  0
30  -23  -39  0
22  -35  -39  0
-7  1  -22  0
10  -9  39  0
-27  -11  -31  0
26  32  -2  0
12  -23  -11  0
15  -7  33  0
2  -27  -23  0
-39  12  19  0
31  -5  -40  0
-28  20  8  0
-36  -22  -6  0
2  -15  -6  0
-1  -5  -15  0
-1  14  28  0
-37  -20  3  0
3  23  -31  0
-34  13  28  0
-18  -37  -6  0
39  -31  -6  0
-6  -21  3  0
-15  27  33  0
26  -39  24  0
-20  2  -27  0
2  -18  29  0
9  -30  21  0
-40  2  14  0
38  -36  30  0
-38  36  28  0
-2  22  -9  0
-2  -4  -12  0
39  -16  20  0
-14  -28  2  0
-38  21  -40  0
18  -33  29  0
15  -36  2  0
-35  23  -33  0
29  5  -40  0
39  -14  22  0
39  -9  -20  0
-19  -23  13  0
40  -3  32  0
-14  -24  15  0
-2  40  -13  0
4  29  39  0
37  12  -40  0
-30  -7  -6  0
19  2  -23  0
3  22  32  0
14  -34  32  0
32  -6  -20  0
-15  -24  -18  0
5  -7  12  0
-35  32  -14  0
39  -16  18  0
22  21  23  0
21  -18  7  0
11  40  -35  0
-26  23  -4  0
31  24  -12  0
-8  -32  -26  0
-31  8  -36  0
22  28  34  0
-25  -32  27  0
9  2  30  0
12  -34  3  0
11  -19  -7  0
21  -16  17  0
25  -7  -17  0
-10  -12  -3  0
-7  -39  -17  0
-15  31  -23  0
7  -31  -33  0
11  5  21  0
-5  6  16  0
-21  -37  -30  0
-27  33  28  0
22  -12  -30  0
26  1  20  0
-36  -12  -9  0
-10  17  -16  0
-19  -9  -36  0
25  12  -18  0
23  9  3  0
-20  -11  34  0
-2  28  27  0
-10  12  -29  0
-17  13  11  0
10  -22  7  0
4  -36  39  0
34  1  -22  0
23  22  -8  0
28  27  -29  0
25  -13  28  0
-40  -36  -23  0
23  31  37  0
-4  28  19  0
8  39  32  0
-23  -20  25  0
33  23  20  0
-40  17  13  0
-32  19  10  0
3  2  27  0
-17  -14  -26  0
-31  37  -17  0
-11  39  -25  0
30  -19  31  0
-21  8  -13  0
-16  -26  13  0
-40  1  -10  0
-23  14  37  0
-28  -40  13  0
-27  1  -6  0
-12  35  37  0
-33  -14  -7  0
-25  -32  4  0
8  -37  -38  0
-26  -18  13  0
-20  26  -27  0
-36  -20  -17  0
-23  39  21  0
-6  -36  -28  0
-7  25  22  0
-8  -17  3  0
29  -2  -22  0
21  -27  35  0
34  27  3  0
-23  -20  29  0
24  -17  26  0
-31  26  2  0
33  32  -22  0
31  23  22  0
21  -14  28  0
-30  35  22  0
4  -37  5  0
-24  28  -2  0
-20  -1  34  0
-15  25  -37  0
-24  19  27  0
36  8  -9  0
-30  25  35  0
-29  26  40  0
17  -4  -25  0
-5  6  18  0
2  8  29  0
-31  38  22  0
12  11  -5  0
-8  -34  -35  0
30  -18  12  0
-24  39  2  0
-37  9  -38  0
5  32  -10  0
-5  -37  34  0
