c mkcnf random cnf with seed 217796, max clause length 3
c FORCED SATISFIABLE
c 
p cnf 40  172
-13  25  26  0
12  -28  -14  0
12  -2  32  0
-6  -21  -33  0
-26  -32  36  0
39  -12  -5  0
-2  37  -30  0
-6  34  -22  0
24  17  33  0
-39  1  28  0
22  8  23  0
-35  -27  -16  0
-22  21  4  0
31  10  -23  0
35  12  36  0
-16  -26  -17  0
-15  -32  16  0
-27  10  -28  0
-10  38  1  0
16  40  -21  0
21  23  -11  0
3  26  -28  0
38  2  4  0
-40  -18  6  0
5  10  35  0
-24  35  -11  0
-13  24  21  0
16  -29  36  0
-18  7  -6  0
5  30  23  0
8  18  38  0
8  28  39  0
-12  18  5  0
-39  -26  -6  0
-19  -16  -35  0
15  32  -3  0
-25  -18  22  0
36  -3  -8  0
1  -3  -10  0
-30  -27  32  0
-1  24  17  0
1  23  17  0
15  -30  31  0
-27  -7  -19  0
-24  19  8  0
23  -38  5  0
27  40  -6  0
40  -13  22  0
-10  -21  -36  0
24  -37  -30  0
-1  -29  40  0
37  12  2  0
-3  -29  23  0
-11  7  -23  0
-31  1  10  0
-33  24  27  0
-24  -29  -3  0
17  4  -6  0
21  -13  24  0
7  -8  -20  0
-14  -5  -3  0
-5  -38  -39  0
-14  25  21  0
24  -18  37  0
-32  8  7  0
-33  5  -10  0
27  18  -11  0
-13  -3  -25  0
-27  -36  38  0
4  17  -23  0
24  22  -5  0
29  18  -28  0
38  14  -27  0
-7  38  -13  0
-6  -2  28  0
28  -27  6  0
40  14  39  0
14  31  -3  0
-37  -10  -11  0
36  7  34  0
3  -19  -32  0
-19  40  -11  0
-40  38  -19  0
40  -21  -13  0
-35  -24  5  0
-16  -27  -35  0
-17  31  27  0
-10  19  -39  0
28  36  -20  0
-8  -40  23  0
40  2  28  0
-31  -34  -19  0
2  -17  37  0
-5  19  -39  0
12  -1  -11  0
-19  -3  34  0
27  -12  -35  0
-7  30  19  0
32  24  -12  0
-16  22  -20  0
10  35  -25  0
32  -10  -16  0
36  -15  -12  0
-30  -40  -1  0
31  28  12  0
39  -26  -32  0
-15  39  35  0
-34  -31  -30  0
-12  -15  -35  0
17  19  23  0
19  18  7  0
28  -1  -8  0
-8  36  -12  0
18  -26  -9  0
40  26  38  0
14  17  -22  0
2  -18  36  0
-8  -38  -3  0
-3  -36  34  0
-7  17  15  0
7  -20  -29  0
8  -5  13  0
-17  -19  27  0
21  -9  -1  0
34  -31  28  0
-25  -36  14  0
-28  36  -29  0
-5  -14  21  0
-38  -33  -9  0
6  -18  8  0
37  -38  17  0
2  34  18  0
32  -22  24  0
6  -21  4  0
40  -38  2  0
11  -14  -10  0
-33  -25  22  0
27  16  12  0
-1  -3  -30  0
1  36  -13  0
25  5  23  0
38  40  -21  0
22  -15  -36  0
-25  -26  -9  0
-38  -30  -5  0
40  -23  -31  0
-37  -36  5  0
-26  14  31  0
-14  -3  9  0
26  -6  27  0
17  -6  21  0
-18  15  -29  0
13  -18  -40  0
39  -17  -9  0
35  40  -21  0
-22  37  13  0
8  18  -6  0
-30  -14  -16  0
-30  20  37  0
-8  -32  -1  0
-35  2  -5  0
-9  -36  -7  0
35  29  -39  0
-38  23  -37  0
10  15  -23  0
-16  36  10  0
-10  1  -3  0
-30  11  2  0
7  10  28  0
-20  9  -16  0
2  12  13  0
12  -24  -30  0
