c mkcnf random cnf with seed 217848, max clause length 3
c FORCED SATISFIABLE
c 
p cnf 40  172
19  10  -28  0
-28  -40  -10  0
20  34  -40  0
-14  18  -10  0
11  19  -5  0
39  -10  22  0
1  -19  -12  0
-35  37  -7  0
-4  36  17  0
24  9  2  0
28  16  -9  0
16  17  -11  0
18  14  33  0
40  -24  8  0
-12  17  30  0
-26  12  7  0
-2  -12  -21  0
15  -5  8  0
-34  17  40  0
-12  38  16  0
23  22  39  0
-38  -3  26  0
32  -24  39  0
39  -23  -12  0
-33  14  10  0
35  20  -30  0
29  -14  32  0
9  -21  27  0
25  19  -12  0
27  -8  -22  0
10  -16  25  0
39  31  -24  0
-12  40  -29  0
-30  -28  -26  0
-14  39  32  0
11  33  -14  0
1  3  26  0
8  -20  14  0
-37  4  -29  0
-2  5  4  0
22  31  12  0
40  21  23  0
-9  6  -28  0
-3  -5  -35  0
26  -4  13  0
19  -18  14  0
30  28  14  0
21  -9  -23  0
15  31  -19  0
2  37  -7  0
-22  -26  4  0
5  -20  29  0
-34  8  -11  0
-11  32  18  0
-21  -33  5  0
25  -3  -34  0
35  38  6  0
-17  -1  34  0
-31  6  -37  0
-31  -12  6  0
-28  36  -17  0
24  37  26  0
-6  -40  13  0
28  15  -14  0
2  -35  26  0
33  11  -35  0
13  16  -22  0
20  -35  9  0
-1  31  24  0
-28  3  -31  0
-38  7  24  0
-6  25  34  0
34  35  -23  0
-34  -24  -18  0
23  32  -7  0
-37  -38  20  0
20  -8  30  0
-1  -2  -25  0
-31  -7  32  0
40  -25  -3  0
21  23  -15  0
11  38  -23  0
37  2  -28  0
18  6  11  0
30  -11  21  0
14  3  -2  0
-31  -21  29  0
18  23  28  0
-38  -27  -8  0
1  35  24  0
25  20  21  0
-3  -32  39  0
-5  13  17  0
14  -11  -6  0
-33  15  -3  0
12  6  -18  0
26  34  18  0
29  -35  -24  0
29  -9  16  0
34  8  -6  0
-26  15  19  0
-24  -38  18  0
23  11  -38  0
8  26  4  0
-20  4  -26  0
-25  -23  1  0
8  23  31  0
-26  17  -24  0
-38  30  -25  0
35  -3  11  0
3  -10  25  0
-13  38  19  0
22  5  9  0
31  -28  -11  0
27  39  -14  0
25  31  30  0
-3  -34  -29  0
26  10  -20  0
13  20  4  0
-8  -29  20  0
-20  -40  -18  0
-30  18  -39  0
19  -33  -6  0
-32  -13  -40  0
7  -15  -31  0
37  -15  16  0
37  16  36  0
20  -31  -14  0
-7  -37  -21  0
14  -23  -27  0
9  31  -39  0
-24  29  11  0
-16  21  -33  0
31  -16  -7  0
8  -7  39  0
15  5  -19  0
-4  16  1  0
34  24  28  0
-38  -5  -36  0
1  37  36  0
-18  10  32  0
22  -8  23  0
22  -23  -2  0
-37  -18  -24  0
-7  -14  -1  0
36  27  -28  0
40  24  31  0
5  15  33  0
-38  16  -27  0
13  15  -37  0
-10  -8  -15  0
33  24  -7  0
28  1  5  0
7  33  2  0
32  16  -23  0
-31  12  -9  0
5  1  -25  0
-7  28  18  0
-38  -30  40  0
-19  40  25  0
-27  5  18  0
-20  15  5  0
-40  -31  4  0
37  9  -30  0
6  -11  5  0
5  31  3  0
28  -34  -40  0
-9  -17  29  0
-1  -16  -20  0
-26  -32  16  0
-31  -25  -39  0
-30  -5  6  0
