c mkcnf random cnf with seed 217766, max clause length 3
c FORCED SATISFIABLE
c 
p cnf 40  172
-10  2  15  0
3  -31  15  0
29  -8  15  0
30  13  38  0
-12  -20  -33  0
3  -23  1  0
-28  -1  2  0
-33  -35  -23  0
5  -27  -39  0
33  16  29  0
-38  1  -30  0
-36  3  25  0
-30  7  -14  0
-3  5  -15  0
31  -17  -26  0
-37  17  33  0
-16  21  11  0
-8  -6  23  0
20  15  37  0
-8  21  -12  0
26  37  9  0
35  -19  -25  0
23  -12  1  0
40  5  -21  0
-13  -18  26  0
-5  40  4  0
-30  -29  12  0
-8  32  -39  0
-26  -20  30  0
-1  24  40  0
26  -17  34  0
-29  -16  -10  0
7  -23  -28  0
19  -2  38  0
-35  37  40  0
10  -7  -24  0
-5  -12  -28  0
-9  -7  11  0
-28  -38  -6  0
21  14  -20  0
2  -28  9  0
7  -33  -8  0
-29  10  -31  0
35  -32  7  0
-1  10  -14  0
-20  36  -4  0
-29  19  18  0
32  1  22  0
-38  -22  8  0
22  13  -5  0
-25  33  6  0
25  24  11  0
-36  25  -14  0
-39  -32  -37  0
-33  1  -15  0
-28  19  2  0
-18  -31  35  0
-31  -32  -19  0
-7  21  -35  0
-11  17  -18  0
11  -15  3  0
-22  16  35  0
-1  -29  15  0
2  -32  1  0
-2  19  24  0
-4  24  29  0
-27  -34  -22  0
34  17  1  0
-3  21  1  0
-22  -3  -11  0
-21  -27  39  0
-39  30  22  0
-9  10  2  0
24  33  -23  0
26  31  37  0
-35  -5  -12  0
26  -5  23  0
-17  2  -21  0
-4  -31  -35  0
-15  5  -25  0
-16  -13  -29  0
-3  -20  -18  0
37  28  -31  0
-26  3  -23  0
26  39  -27  0
13  -19  21  0
-29  5  -3  0
14  35  -36  0
35  -16  18  0
14  3  29  0
-39  -33  40  0
30  -6  -8  0
-27  35  -28  0
-23  21  -1  0
-36  -6  14  0
-8  30  -36  0
32  -29  25  0
-21  24  12  0
-5  -32  20  0
21  20  -7  0
30  -6  -8  0
17  -8  39  0
-12  -28  -21  0
-17  6  -9  0
-21  -18  11  0
-39  -13  -26  0
15  35  26  0
-37  3  39  0
-34  2  -21  0
21  -33  -15  0
-34  16  -7  0
36  35  -28  0
-25  -26  14  0
25  -2  37  0
7  37  13  0
-6  10  -8  0
-22  -4  12  0
9  -4  28  0
19  -16  -25  0
16  31  -34  0
-18  7  -12  0
-11  19  36  0
35  19  -5  0
-15  -21  29  0
-1  -32  25  0
-13  -28  -22  0
-15  2  13  0
-31  4  -20  0
-13  30  -23  0
25  -34  13  0
-5  31  24  0
19  32  30  0
4  -26  -19  0
13  33  -34  0
-30  -36  -28  0
-34  4  29  0
31  11  -36  0
27  -23  -2  0
12  -5  -32  0
37  22  40  0
-6  21  24  0
28  33  40  0
1  -12  -25  0
1  31  -27  0
-5  -4  2  0
-33  -18  1  0
5  -33  30  0
-2  -24  -31  0
24  32  -17  0
-13  2  18  0
-27  -16  34  0
-3  -31  -40  0
-40  1  23  0
-22  36  -38  0
19  -26  -1  0
-28  -4  5  0
20  6  23  0
-18  -21  26  0
-36  30  5  0
23  5  7  0
17  8  12  0
-13  -20  36  0
-37  -33  15  0
-40  -28  12  0
-21  -9  26  0
-39  -24  10  0
30  22  20  0
-7  13  -1  0
40  30  -24  0
38  17  -26  0
-22  -14  19  0
19  -3  20  0
