c mkcnf random cnf with seed 217838, max clause length 3
c FORCED SATISFIABLE
c 
p cnf 40  172
18  2  -24  0
23  -3  9  0
-1  -14  -38  0
-40  -35  34  0
-38  -4  -32  0
15  27  -3  0
25  5  19  0
26  -8  35  0
28  -26  22  0
20  26  -15  0
-21  -38  36  0
-14  39  27  0
-38  31  -36  0
-23  -24  26  0
30  16  36  0
-2  23  -6  0
-31  16  13  0
26  24  2  0
2  24  -16  0
-30  -26  35  0
3  37  38  0
15  -14  29  0
-29  -26  -5  0
13  -23  9  0
-26  2  -25  0
-1  -29  -15  0
-37  -10  9  0
-8  -18  -4  0
-28  -27  -3  0
-28  17  30  0
-19  15  5  0
38  36  -9  0
12  -39  -6  0
-10  19  -13  0
-21  -14  8  0
15  14  35  0
33  40  1  0
-27  -18  -3  0
-24  -35  7  0
-27  6  -26  0
13  -18  34  0
-18  17  19  0
-32  -21  8  0
-21  -39  34  0
-37  15  -40  0
33  -17  31  0
-39  38  27  0
22  -7  -30  0
36  -24  17  0
13  -23  -30  0
6  -1  -38  0
30  -32  -14  0
-1  32  29  0
-7  13  -25  0
29  33  39  0
35  4  38  0
-26  3  38  0
-28  -30  -6  0
-10  31  -17  0
29  -26  -38  0
-35  -6  -38  0
28  -19  -29  0
-35  -4  18  0
17  -11  25  0
3  -13  -39  0
-22  18  -11  0
-29  -17  14  0
-20  33  31  0
5  -1  26  0
15  -31  6  0
-37  38  18  0
-10  9  -36  0
37  26  36  0
-12  22  -26  0
23  25  3  0
9  24  -6  0
-25  20  4  0
6  -25  -34  0
28  -6  2  0
6  25  -16  0
5  -39  18  0
17  2  -15  0
-33  30  39  0
-13  -36  -5  0
-17  -9  -12  0
-16  30  34  0
15  -25  -36  0
-37  12  20  0
37  -36  -30  0
-36  -11  -1  0
-28  7  -8  0
23  37  36  0
-3  15  -36  0
18  17  -30  0
16  -37  -17  0
-40  -16  -21  0
13  -30  37  0
39  13  -38  0
-36  -20  37  0
30  -3  37  0
14  3  -30  0
35  13  -1  0
19  13  30  0
7  -9  -36  0
2  -39  -31  0
-27  -16  14  0
-12  -17  19  0
-15  -13  36  0
36  32  40  0
-38  28  33  0
-5  35  37  0
-4  16  -25  0
23  -40  32  0
40  -21  33  0
38  -23  12  0
-6  -27  -18  0
-14  -13  -39  0
-23  26  -3  0
32  -24  30  0
1  -16  8  0
-27  3  -40  0
-22  3  -7  0
21  -37  -9  0
-12  26  -13  0
-6  40  -35  0
11  1  -33  0
4  17  14  0
4  -20  17  0
27  11  -24  0
-22  9  -14  0
-34  -18  1  0
-3  16  5  0
-10  -22  5  0
4  -15  -3  0
14  20  -10  0
-19  22  11  0
-38  -16  34  0
-27  38  26  0
-22  21  32  0
-8  -33  -15  0
-26  -22  -38  0
-15  22  21  0
-17  9  21  0
-21  33  6  0
28  -34  23  0
16  -2  6  0
-17  23  -22  0
12  -35  -23  0
18  -9  -23  0
34  -24  14  0
-24  -35  -4  0
-31  -38  -5  0
33  4  -28  0
-2  -38  -5  0
-35  -34  22  0
18  -9  16  0
-27  25  -17  0
-34  -33  -30  0
-13  -31  26  0
-12  -25  -32  0
12  18  16  0
24  21  34  0
29  -27  -4  0
-28  -36  3  0
25  27  5  0
-28  25  17  0
32  -1  38  0
38  19  8  0
3  39  34  0
24  -36  27  0
1  9  35  0
26  -21  -31  0
