c mkcnf random cnf with seed 217782, max clause length 3
c FORCED SATISFIABLE
c 
p cnf 40  172
12  6  -13  0
-28  -36  -9  0
27  2  37  0
7  39  18  0
39  -7  40  0
-12  -40  -4  0
-31  24  -29  0
-12  23  -34  0
18  -29  23  0
-31  -23  -24  0
-39  18  -11  0
16  4  -11  0
-3  -5  19  0
-16  -2  37  0
-20  6  25  0
24  19  -5  0
11  -33  30  0
-28  -39  16  0
-26  -7  -22  0
5  27  -10  0
35  -34  -8  0
-29  -9  6  0
-37  5  -28  0
2  -30  -35  0
-18  34  12  0
-20  -12  16  0
-1  32  8  0
-16  -40  10  0
20  -1  -33  0
40  -10  20  0
25  12  3  0
31  -22  15  0
-3  2  -23  0
5  -36  34  0
-25  -17  -6  0
-7  -34  28  0
21  18  -27  0
-28  -21  20  0
36  -16  -22  0
18  -31  -34  0
30  24  23  0
28  -12  -17  0
-31  21  27  0
18  -16  19  0
9  2  -3  0
29  -35  -23  0
11  24  38  0
30  8  -32  0
4  18  -38  0
25  -17  28  0
9  -14  -6  0
-23  6  14  0
8  11  -15  0
38  -39  -25  0
19  -39  -40  0
-3  -24  -39  0
-31  -15  -32  0
-6  40  -12  0
20  -13  -8  0
-14  -16  39  0
-3  -14  30  0
-33  -12  -31  0
-38  -37  34  0
14  28  39  0
-34  23  -21  0
26  38  -22  0
3  15  19  0
24  -11  40  0
15  16  -19  0
22  -9  -17  0
22  -31  -40  0
11  30  -15  0
24  -20  29  0
25  -17  24  0
-31  -7  -1  0
2  -12  13  0
-6  16  -2  0
-37  3  -40  0
-29  -14  -21  0
-7  -30  8  0
-11  24  -13  0
6  -1  -10  0
20  -31  -40  0
-39  -28  -30  0
-2  37  40  0
-21  -20  -12  0
-1  -10  11  0
9  7  18  0
10  -2  29  0
34  40  12  0
2  -34  -24  0
2  36  -29  0
31  -15  -7  0
-1  21  4  0
14  15  2  0
-36  19  -2  0
30  21  11  0
-28  -24  29  0
19  -3  -26  0
-35  -29  -9  0
-13  19  -17  0
-5  28  -9  0
6  -39  -31  0
13  19  -29  0
-21  -30  38  0
15  1  10  0
-29  -36  22  0
-37  15  20  0
26  -19  9  0
19  7  22  0
-17  20  -5  0
-12  -5  -28  0
-11  6  -7  0
28  -39  -18  0
20  -2  37  0
-35  -3  -23  0
40  31  -39  0
15  -39  -29  0
-2  21  5  0
14  -17  11  0
23  3  37  0
-2  -11  39  0
-8  32  -39  0
2  -10  27  0
-39  40  9  0
-9  -13  28  0
-24  15  -34  0
-32  -8  -1  0
9  -23  -21  0
40  -8  -9  0
25  15  13  0
-28  11  -31  0
34  -7  35  0
-16  23  38  0
10  -24  -23  0
-22  35  -33  0
7  31  6  0
18  -12  -19  0
-34  26  -38  0
-20  -28  -31  0
-14  40  39  0
-37  -36  -7  0
26  -1  24  0
-13  -39  18  0
-36  -25  -39  0
38  34  9  0
-11  -27  9  0
4  16  -25  0
24  34  -1  0
-19  11  15  0
12  18  -9  0
19  -25  -23  0
-34  17  29  0
8  -25  -19  0
-23  -27  20  0
13  -39  32  0
-2  -32  3  0
-3  -31  -5  0
-10  -3  28  0
-35  15  -4  0
12  -14  24  0
35  -26  -30  0
5  -22  7  0
32  24  4  0
8  -29  18  0
13  38  -3  0
-29  -33  -17  0
-11  -35  3  0
26  -33  8  0
12  26  -39  0
-27  31  -29  0
-22  40  -38  0
