c mkcnf random cnf with seed 217787, max clause length 3
c FORCED SATISFIABLE
c 
p cnf 40  172
-12  30  15  0
9  32  -21  0
12  23  29  0
-30  1  -38  0
-29  19  34  0
-3  -11  -13  0
15  40  10  0
-4  -31  11  0
36  30  15  0
-26  -12  20  0
1  -24  -31  0
33  -19  -12  0
-17  20  32  0
-5  -40  4  0
-40  31  -37  0
-24  27  -7  0
-1  -12  -3  0
13  -25  1  0
34  1  32  0
18  -19  -6  0
2  -12  19  0
-2  15  19  0
-2  -18  14  0
11  -8  -22  0
3  7  12  0
-6  1  -29  0
-24  -13  -11  0
24  -20  -11  0
16  -34  31  0
-38  -13  -14  0
25  32  -39  0
5  12  -22  0
19  -17  3  0
-14  -16  -22  0
-28  -39  -8  0
-3  -16  -23  0
15  -18  -14  0
-27  13  -1  0
-7  -28  19  0
-26  21  -28  0
21  16  1  0
6  11  20  0
1  -16  40  0
14  -27  34  0
-20  -1  -10  0
15  -38  -21  0
-20  27  10  0
-22  18  37  0
-29  18  -33  0
-6  38  -15  0
8  -3  -34  0
-14  28  -15  0
-16  -39  -32  0
3  35  14  0
20  28  36  0
26  13  24  0
11  -18  -1  0
-37  -25  -24  0
-7  17  24  0
-38  -27  21  0
37  -28  -39  0
30  29  27  0
16  -30  36  0
-11  9  -31  0
-37  15  28  0
-4  -16  -19  0
-23  31  35  0
32  -33  4  0
-20  -37  -39  0
-3  13  -36  0
-34  -28  -13  0
23  13  4  0
30  -39  -11  0
-7  -25  -21  0
-33  13  -36  0
35  15  -2  0
-32  -25  8  0
4  -27  12  0
-5  -1  32  0
19  31  -32  0
-38  8  12  0
35  -4  39  0
28  18  -35  0
33  3  15  0
15  -36  -35  0
-14  28  21  0
25  18  31  0
-28  -16  31  0
5  -17  16  0
-15  20  -9  0
-29  -19  -32  0
40  2  -31  0
31  -1  15  0
10  -39  -29  0
1  -20  -36  0
23  -4  21  0
18  -6  -5  0
-2  -11  22  0
-6  -19  -24  0
39  9  -30  0
28  -23  -24  0
26  5  -29  0
-14  18  4  0
-14  5  -16  0
-27  6  -3  0
-2  -24  -13  0
-9  -14  4  0
-10  25  -34  0
3  -30  32  0
-9  -36  11  0
-9  -7  14  0
40  -1  24  0
35  -19  36  0
40  -30  -7  0
8  24  -22  0
25  -26  37  0
-35  -30  -16  0
5  3  -39  0
32  -13  -24  0
37  11  20  0
18  7  17  0
-15  22  17  0
-19  -32  -26  0
-11  -7  38  0
5  -13  -6  0
-39  -12  34  0
-13  -37  -1  0
26  -15  -16  0
24  33  -35  0
38  35  -5  0
-7  12  -9  0
-20  23  21  0
24  -25  34  0
7  -36  5  0
8  11  -17  0
-4  -5  12  0
20  3  22  0
-23  -26  14  0
39  -4  16  0
7  -27  -30  0
22  28  -19  0
-13  -26  39  0
-12  21  -5  0
31  -8  -4  0
-25  30  -22  0
6  -29  -27  0
-25  33  38  0
35  28  -13  0
32  -35  -22  0
36  -17  16  0
-40  1  -27  0
-11  -27  22  0
11  -29  -37  0
28  -25  -38  0
28  8  -6  0
7  -13  2  0
8  -29  14  0
-15  10  32  0
-4  -5  -29  0
-13  2  21  0
-22  19  -24  0
-23  3  -1  0
-37  -15  35  0
35  -36  -14  0
24  -8  1  0
35  -21  -18  0
17  13  7  0
19  40  -18  0
25  40  3  0
23  27  -13  0
-30  25  -10  0
-18  -33  -22  0
