c mkcnf random cnf with seed 217761, max clause length 3
c FORCED SATISFIABLE
c 
p cnf 40  172
-10  18  -14  0
-14  40  -8  0
14  9  17  0
27  -33  -40  0
18  -6  7  0
-17  -8  13  0
-30  -17  10  0
4  14  9  0
17  -23  1  0
-29  26  16  0
-22  -19  34  0
38  22  -9  0
-20  -38  9  0
-24  28  -4  0
-28  -33  -7  0
32  -12  20  0
-37  34  18  0
-3  -11  16  0
-31  19  -29  0
-22  -30  8  0
-10  6  11  0
-37  21  30  0
33  -28  3  0
-8  -27  15  0
35  33  13  0
-1  -23  -20  0
34  13  -28  0
37  40  -13  0
-8  -25  26  0
6  15  -16  0
-14  -15  -11  0
24  2  12  0
11  14  -26  0
39  -27  5  0
-28  8  -19  0
-19  -10  -24  0
32  -38  23  0
-36  -22  14  0
7  -16  26  0
-6  -4  -8  0
-39  38  14  0
-38  36  26  0
8  29  7  0
28  34  21  0
-32  -4  25  0
13  -12  35  0
-20  19  -26  0
-26  31  5  0
-33  -14  -7  0
-6  23  34  0
-17  -31  21  0
29  -33  -7  0
-29  11  -17  0
-28  -5  20  0
32  40  -36  0
-37  -36  27  0
33  -5  -26  0
-5  26  36  0
-20  -7  -17  0
4  -29  -39  0
21  -23  22  0
10  25  -9  0
-17  -25  -36  0
-33  -28  -23  0
-33  21  19  0
13  1  16  0
32  1  26  0
-15  -10  34  0
8  27  14  0
24  40  -10  0
18  34  -36  0
32  -31  -30  0
-12  26  17  0
-23  -20  12  0
14  16  26  0
1  -5  -20  0
22  1  -33  0
-9  29  -22  0
10  -13  28  0
-15  -8  -22  0
-24  3  -23  0
-7  25  -22  0
17  23  -8  0
-28  -29  -35  0
35  36  -1  0
-8  -2  -38  0
6  -14  -2  0
39  27  -25  0
-31  -3  -30  0
29  -36  -40  0
-34  28  -3  0
39  7  -22  0
25  4  40  0
28  -16  -27  0
-21  -30  -11  0
10  20  -27  0
32  15  -10  0
38  -11  24  0
30  -16  38  0
-1  16  -32  0
31  38  -35  0
-22  -34  8  0
-2  38  26  0
-18  12  -26  0
27  5  -29  0
20  -34  1  0
-15  11  24  0
1  20  8  0
37  39  32  0
-21  -27  18  0
-17  -28  27  0
-25  -3  10  0
-29  -13  7  0
34  9  31  0
28  32  5  0
24  -35  10  0
9  12  -17  0
-26  -22  11  0
17  23  -9  0
-12  26  -2  0
-8  26  36  0
-20  -26  -30  0
5  -37  -10  0
-10  -27  12  0
27  -16  -40  0
6  -7  -25  0
-31  -22  28  0
21  -5  -37  0
-35  37  -11  0
22  4  -38  0
19  24  38  0
-30  -4  -1  0
-21  10  -32  0
-21  -39  -34  0
13  -38  3  0
26  10  23  0
4  -31  8  0
-20  29  -3  0
-29  -31  17  0
37  -19  -31  0
21  40  -9  0
26  17  1  0
-13  -39  -15  0
24  -9  -15  0
10  2  28  0
-22  -38  -33  0
-37  -40  10  0
-20  34  1  0
26  -16  -14  0
39  -3  -28  0
23  -27  40  0
-2  8  -30  0
-34  25  14  0
-22  -12  -7  0
20  -11  25  0
-40  32  3  0
-30  -20  6  0
-13  18  40  0
-16  31  -29  0
-5  -17  -29  0
-35  7  -18  0
-31  -27  30  0
31  34  -39  0
3  17  30  0
19  -3  14  0
20  -15  -16  0
38  -31  -34  0
-14  16  2  0
29  35  2  0
15  -7  13  0
-24  37  -30  0
-36  -29  16  0
