c mkcnf random cnf with seed 217749, max clause length 3
c FORCED SATISFIABLE
c 
p cnf 40  172
-8  -25  26  0
-10  2  5  0
4  24  16  0
-22  11  1  0
18  -23  29  0
-35  -8  -16  0
-24  6  -13  0
-27  5  -30  0
16  36  -23  0
-18  8  37  0
8  -16  -10  0
-25  -39  28  0
34  26  -20  0
-35  13  19  0
17  -1  20  0
-37  -34  -21  0
-24  -7  -27  0
-20  -8  37  0
14  2  -24  0
40  29  -14  0
2  30  -16  0
-6  20  11  0
-20  -38  -28  0
23  -32  25  0
36  -39  -21  0
20  27  -8  0
33  17  28  0
40  -29  -10  0
-13  -4  16  0
-27  -3  22  0
-15  40  38  0
-28  6  13  0
3  1  -13  0
-31  27  25  0
-17  -9  19  0
24  -10  35  0
-16  -7  22  0
18  -5  34  0
33  -8  25  0
-6  17  22  0
-38  40  32  0
35  5  -20  0
28  9  -26  0
23  -32  19  0
-12  -25  31  0
11  5  36  0
23  17  -5  0
-1  -5  -6  0
27  7  -17  0
-20  -10  -24  0
-22  -29  -33  0
-22  17  -15  0
6  -4  -21  0
1  3  -17  0
-3  16  -36  0
-15  -32  34  0
-18  28  17  0
4  11  6  0
15  -33  20  0
33  -9  -5  0
22  19  -26  0
10  -21  20  0
-3  -1  -25  0
-12  34  -38  0
25  4  34  0
23  -18  28  0
20  -21  -7  0
21  -35  25  0
4  -37  17  0
16  25  19  0
-5  38  14  0
36  12  8  0
23  -10  20  0
-25  38  23  0
2  35  -9  0
33  21  -23  0
-24  6  36  0
-35  -34  -21  0
-23  -19  -15  0
17  -24  -13  0
30  39  -32  0
28  20  10  0
-36  9  -35  0
-8  -20  -26  0
24  -6  -18  0
22  7  -40  0
18  4  -36  0
28  2  -23  0
3  -30  28  0
33  16  -6  0
-2  30  4  0
5  7  26  0
13  -36  1  0
-26  8  -23  0
-19  -35  -24  0
15  -9  23  0
-4  22  -20  0
-4  29  27  0
1  -12  -40  0
-40  30  -34  0
32  6  -1  0
10  -36  34  0
26  36  5  0
-5  -4  -34  0
10  29  -34  0
25  15  37  0
-37  -20  11  0
6  -15  18  0
26  -21  -10  0
6  22  33  0
13  -25  36  0
34  -6  -2  0
-19  7  16  0
-9  6  37  0
1  35  36  0
31  -11  -12  0
28  18  -9  0
-37  -22  21  0
-40  37  -2  0
-5  35  32  0
-37  2  17  0
6  -25  29  0
26  -40  18  0
1  -20  -14  0
-18  -40  -24  0
24  -15  23  0
33  30  -32  0
16  15  39  0
-26  -39  5  0
18  -28  19  0
-5  -22  -40  0
15  22  -39  0
12  -38  -21  0
-39  -26  30  0
22  -23  9  0
-25  35  -14  0
-16  10  28  0
23  15  -26  0
-14  4  9  0
19  14  37  0
17  7  32  0
-1  -39  -16  0
39  23  36  0
39  32  24  0
-30  17  -5  0
-16  2  -25  0
-7  37  -25  0
-20  -40  -14  0
-30  -11  3  0
-28  21  34  0
36  31  -29  0
40  -9  -37  0
-40  -29  18  0
16  -35  10  0
32  24  15  0
-27  10  -16  0
23  -16  14  0
29  24  30  0
-23  33  34  0
-32  16  11  0
37  -24  13  0
-24  -4  -38  0
-20  -40  -38  0
-27  -5  37  0
-11  32  13  0
28  40  -37  0
-18  -34  24  0
-35  37  -25  0
-24  -37  32  0
25  -31  18  0
-13  -1  -36  0
-2  -21  10  0
