c mkcnf random cnf with seed 217788, max clause length 3
c FORCED SATISFIABLE
c 
p cnf 40  172
12  3  7  0
36  -29  -26  0
16  13  37  0
-10  38  30  0
16  -29  17  0
-23  -34  -14  0
22  -40  30  0
-39  -32  -5  0
-11  -2  17  0
-11  9  40  0
-1  23  3  0
-14  29  -26  0
-33  -17  34  0
-20  5  -29  0
26  -34  15  0
1  -37  -11  0
-1  -24  3  0
-27  -6  28  0
23  -15  27  0
24  -1  19  0
15  12  -14  0
29  -24  9  0
19  -14  5  0
-30  -2  -9  0
10  -7  -38  0
34  6  33  0
-14  37  17  0
34  28  30  0
31  36  22  0
21  -7  37  0
-39  13  37  0
27  15  -26  0
39  -13  -32  0
-15  -39  24  0
13  21  34  0
5  3  12  0
-28  -40  7  0
-37  -27  -13  0
-24  -26  -7  0
8  4  -34  0
-5  -25  -36  0
-6  -4  17  0
-33  -17  1  0
-18  -4  12  0
-40  -29  -23  0
-40  -36  12  0
-16  11  -40  0
-4  -37  27  0
-12  -22  26  0
28  20  -34  0
17  -1  31  0
-5  -25  -38  0
20  34  38  0
31  40  -4  0
-25  -1  36  0
-11  26  -6  0
-6  24  20  0
40  -33  39  0
13  -9  17  0
23  21  -33  0
3  -23  9  0
20  12  31  0
-13  32  21  0
38  -33  40  0
6  5  -33  0
8  -30  24  0
17  15  -37  0
-22  -25  -27  0
36  -7  -14  0
-6  2  -11  0
-37  -26  5  0
-9  -19  13  0
-10  24  32  0
-40  37  24  0
27  -14  3  0
3  -33  11  0
-35  36  -7  0
-6  -2  -12  0
-28  18  -15  0
15  -21  -26  0
-26  -19  -22  0
-32  -1  -22  0
33  -25  31  0
1  7  2  0
-35  -31  -10  0
-32  30  -27  0
-36  1  6  0
-38  16  -13  0
-6  25  28  0
-29  -7  -23  0
40  -31  -15  0
-25  37  -3  0
-36  32  29  0
36  22  -25  0
-1  5  25  0
14  -15  -4  0
7  -28  14  0
28  -34  -12  0
-10  -39  -3  0
-35  27  -16  0
-1  -36  20  0
39  10  25  0
-24  -30  -5  0
11  -18  -39  0
-31  -23  4  0
-3  -21  26  0
5  21  22  0
10  -34  -29  0
-16  -14  -11  0
37  -20  -39  0
-13  -29  15  0
31  -16  -38  0
13  -15  -40  0
5  -15  33  0
20  7  -30  0
13  -23  -25  0
9  5  26  0
19  -20  3  0
-4  -25  -26  0
31  -13  -28  0
40  -3  -23  0
23  14  21  0
30  16  -28  0
22  32  -26  0
20  11  -30  0
22  -37  -2  0
-29  -34  6  0
-14  -10  29  0
-15  -1  -35  0
-40  21  23  0
-33  -6  37  0
-19  39  -30  0
-19  -10  -29  0
10  -29  28  0
4  -3  11  0
-36  -6  -23  0
-15  -40  1  0
-33  13  -2  0
37  -3  13  0
28  -25  3  0
20  -23  40  0
-2  21  19  0
21  13  -24  0
26  15  25  0
8  22  -10  0
-10  19  16  0
14  15  -35  0
10  38  -12  0
-29  -15  36  0
40  -33  39  0
-36  -23  24  0
-20  -23  -28  0
-9  26  -33  0
17  24  34  0
-40  -39  36  0
-22  28  -8  0
-28  37  11  0
-8  20  -19  0
-30  29  7  0
-26  -23  -10  0
40  -38  -26  0
-22  9  7  0
10  -35  -4  0
15  -4  8  0
-24  20  -32  0
23  1  19  0
-5  24  27  0
-30  -40  -19  0
-9  -3  21  0
-7  -10  -5  0
-4  -36  9  0
-33  -37  6  0
