c mkcnf random cnf with seed 217769, max clause length 3
c FORCED SATISFIABLE
c 
p cnf 40  172
10  40  -32  0
-5  30  -6  0
3  21  -4  0
1  38  -24  0
12  -26  -37  0
22  -9  26  0
25  8  -20  0
30  -23  15  0
24  30  -35  0
13  38  -22  0
14  3  -30  0
29  -8  -31  0
-21  35  12  0
34  39  36  0
-7  11  3  0
7  -38  -23  0
20  -30  35  0
-34  -5  23  0
-1  -10  30  0
-12  13  -34  0
23  37  27  0
-14  31  26  0
20  -11  14  0
29  -20  27  0
-22  -7  -37  0
-39  -4  -7  0
9  19  -33  0
36  -39  9  0
-31  3  4  0
-36  -19  -20  0
-30  -22  -29  0
-39  38  -14  0
40  -37  -5  0
35  3  -7  0
28  25  15  0
-33  -6  40  0
33  -19  -5  0
-25  -30  24  0
20  13  40  0
38  -6  34  0
15  -32  39  0
-2  -4  -9  0
-18  -15  -24  0
-33  -29  11  0
12  -25  -23  0
17  9  -13  0
-21  22  -2  0
28  -35  5  0
-17  -19  -15  0
-18  35  33  0
11  26  22  0
-10  36  20  0
-3  39  -22  0
4  27  25  0
-19  3  -28  0
2  11  -6  0
-18  17  -38  0
-15  -11  33  0
19  9  1  0
8  27  25  0
4  7  -17  0
33  32  7  0
-7  37  16  0
28  16  36  0
-7  -13  6  0
-36  38  -30  0
-3  20  -6  0
-2  28  15  0
-3  -11  14  0
-38  39  34  0
37  6  -40  0
11  -9  5  0
29  24  7  0
33  7  23  0
-37  9  -19  0
40  33  -16  0
30  -19  -28  0
-15  2  37  0
1  -36  -4  0
30  33  -35  0
-3  36  25  0
14  17  7  0
34  -27  -25  0
-15  -2  -13  0
3  -6  1  0
15  -17  5  0
-26  -19  7  0
-7  16  3  0
31  -28  32  0
9  -38  -40  0
-26  -3  1  0
38  -23  6  0
10  -40  26  0
-24  36  19  0
30  -34  7  0
-22  -17  -26  0
-16  -33  19  0
-17  25  -38  0
-9  -11  27  0
-18  6  -22  0
23  33  -36  0
39  -37  -35  0
-38  7  -8  0
31  -23  -38  0
20  -16  3  0
4  6  -32  0
-10  28  -3  0
36  37  20  0
34  27  -38  0
28  8  9  0
3  -40  27  0
1  -12  3  0
-40  32  34  0
2  9  -21  0
-22  40  -27  0
21  6  -4  0
-18  10  -17  0
-31  -39  -10  0
-26  -30  36  0
17  13  -40  0
20  18  -24  0
-40  6  -8  0
-34  30  -14  0
10  -28  38  0
7  17  18  0
-26  33  39  0
-35  6  7  0
32  22  21  0
36  -32  -27  0
39  6  21  0
-27  9  -24  0
37  33  -20  0
21  -38  -23  0
-23  18  -30  0
-4  -24  10  0
22  -15  13  0
-36  3  -35  0
9  -23  5  0
31  -10  -38  0
-3  -40  8  0
-37  24  10  0
19  13  -29  0
15  -17  -1  0
17  12  22  0
32  -26  28  0
-33  -3  -22  0
16  40  -29  0
-19  -28  -33  0
10  -2  9  0
17  -8  -28  0
-27  8  29  0
-31  -6  -15  0
-31  3  -18  0
3  1  -40  0
27  -29  23  0
-27  23  -36  0
15  -7  3  0
-6  -24  14  0
-25  16  35  0
-37  -6  15  0
-4  -10  32  0
-21  5  -11  0
5  2  -30  0
13  -17  -8  0
-7  29  1  0
-17  38  4  0
9  26  -22  0
22  37  -38  0
-10  -12  -24  0
21  -30  22  0
18  37  19  0
-24  16  1  0
