c mkcnf random cnf with seed 217833, max clause length 3
c FORCED SATISFIABLE
c 
p cnf 40  172
17  -18  -23  0
4  -34  28  0
6  20  -4  0
37  23  -13  0
-1  -5  -31  0
34  35  -40  0
36  -24  -18  0
22  -26  -17  0
24  -13  32  0
32  18  35  0
-37  19  -29  0
13  -22  20  0
-15  -30  -9  0
5  40  27  0
-8  -18  -29  0
33  -1  -2  0
10  2  -21  0
-16  -39  -7  0
13  -17  26  0
-22  28  10  0
-20  28  38  0
30  36  -14  0
15  28  1  0
-39  2  -15  0
39  38  -24  0
32  -36  21  0
-20  -23  -35  0
-39  21  14  0
-14  31  19  0
-3  -6  -4  0
16  -3  -2  0
-25  -4  -24  0
29  2  16  0
18  20  21  0
-18  7  14  0
34  5  28  0
-35  -24  37  0
15  -4  -34  0
-4  -18  -28  0
11  1  -39  0
17  39  -13  0
17  33  -26  0
19  8  -12  0
-10  26  -35  0
30  -33  38  0
-24  28  3  0
-18  16  -6  0
27  40  -10  0
-33  3  30  0
-37  -21  34  0
-11  -31  -9  0
34  -23  -19  0
23  18  20  0
10  1  5  0
-26  -35  -40  0
22  -18  -8  0
31  4  -15  0
33  25  -30  0
31  12  32  0
-10  14  -37  0
25  15  -14  0
3  22  23  0
-15  7  -30  0
28  37  2  0
28  6  34  0
26  -29  -18  0
-36  -37  26  0
1  3  -24  0
37  -33  39  0
34  -16  -19  0
39  29  28  0
-7  39  36  0
19  -4  -11  0
13  -6  -15  0
34  -10  -19  0
6  19  13  0
-13  31  -20  0
-2  -27  -15  0
14  -1  16  0
-26  -2  -7  0
-32  -18  33  0
40  -30  6  0
20  -21  -4  0
-38  18  -4  0
-22  23  -3  0
-2  37  -32  0
1  -25  -30  0
22  30  31  0
21  -40  -30  0
-2  -22  29  0
34  32  -14  0
-34  20  -12  0
13  -3  -5  0
18  -29  5  0
-39  -36  17  0
-25  29  32  0
-29  -27  19  0
-31  -30  18  0
-6  -29  -1  0
-10  -25  -9  0
-33  -36  -20  0
-23  26  -19  0
-4  -30  29  0
-3  1  -16  0
-20  38  -40  0
39  -28  18  0
34  40  28  0
32  29  22  0
30  39  -14  0
20  37  -36  0
36  -22  -29  0
-36  26  10  0
30  35  -6  0
-16  33  -23  0
4  21  17  0
13  5  40  0
3  -32  -36  0
-21  27  29  0
21  -5  29  0
2  -6  13  0
-28  -1  6  0
-23  18  1  0
31  24  5  0
36  -24  20  0
22  -4  -13  0
20  27  8  0
-2  -40  -37  0
-20  -15  6  0
-31  -10  2  0
35  -29  26  0
-10  25  -36  0
-6  1  -28  0
19  5  -22  0
31  2  -40  0
14  -27  19  0
-11  27  -12  0
26  -8  -7  0
30  2  -32  0
-23  -6  26  0
6  23  -20  0
-25  -2  -3  0
8  38  9  0
-33  -8  13  0
10  -27  -11  0
-33  -8  3  0
26  -15  -34  0
-17  -36  30  0
33  29  -26  0
-29  28  -4  0
-34  37  -11  0
19  22  -27  0
-27  -39  12  0
-36  24  -1  0
-15  -11  -29  0
-8  -9  -32  0
-38  28  5  0
27  4  -20  0
-23  -13  2  0
-12  -23  13  0
-36  -19  -15  0
8  34  -5  0
28  -12  -6  0
17  14  -9  0
31  23  -33  0
17  -24  -35  0
14  39  -28  0
26  -10  -13  0
23  -3  37  0
3  2  34  0
38  -5  -25  0
6  -9  2  0
-40  -16  22  0
