c mkcnf random cnf with seed 217775, max clause length 3
c FORCED SATISFIABLE
c 
p cnf 40  172
-11  37  27  0
-13  -6  -19  0
-9  -2  33  0
-27  16  33  0
-37  -12  2  0
-7  -39  21  0
23  -3  21  0
-18  -9  24  0
-19  14  15  0
-13  33  31  0
-37  -36  8  0
-24  20  -36  0
-27  -6  38  0
-24  8  19  0
-37  -40  33  0
-40  35  2  0
4  -32  39  0
36  -34  -29  0
-9  24  -31  0
33  -5  35  0
27  -2  24  0
15  14  -3  0
13  -30  32  0
-5  19  -8  0
7  -12  30  0
-8  36  -38  0
-36  -8  38  0
-2  -23  -34  0
2  -36  32  0
10  -36  17  0
-31  -9  18  0
-27  -20  7  0
-7  39  26  0
-30  -16  9  0
-22  -18  34  0
18  -17  26  0
-12  -36  8  0
20  -11  29  0
-12  -31  11  0
-3  -20  -37  0
-29  23  1  0
38  -13  24  0
21  -23  17  0
-16  12  -18  0
7  26  -13  0
-35  -38  8  0
1  -6  32  0
-18  37  -16  0
-25  26  10  0
-33  38  -13  0
-19  27  33  0
-37  -5  -19  0
33  -40  36  0
33  19  1  0
-18  9  2  0
-21  26  7  0
5  -40  -37  0
1  40  30  0
22  -1  2  0
25  19  33  0
8  -37  9  0
16  -14  -13  0
33  6  22  0
6  -21  -22  0
5  -30  -10  0
-33  -38  -1  0
-1  39  20  0
-30  -4  32  0
-26  15  11  0
-21  39  -20  0
-12  27  -29  0
-20  -27  -36  0
17  -38  20  0
23  24  34  0
-15  -6  16  0
16  -14  18  0
6  1  25  0
20  -11  -25  0
31  16  13  0
-17  -2  26  0
-9  -24  14  0
-15  1  35  0
10  17  29  0
-31  24  -7  0
-20  -7  6  0
1  39  4  0
-32  29  -40  0
-23  8  -15  0
-17  -13  35  0
2  12  -14  0
-24  4  34  0
36  -19  -13  0
3  12  36  0
22  -21  11  0
-9  -34  16  0
2  31  30  0
5  10  -32  0
23  18  1  0
-31  6  -11  0
2  18  31  0
-32  -29  -14  0
4  12  3  0
35  -30  -33  0
-19  -17  32  0
-37  -28  31  0
36  6  -7  0
-2  27  16  0
20  35  -7  0
14  -36  35  0
23  -1  -19  0
-21  -10  -32  0
-12  13  -5  0
-9  20  25  0
38  7  20  0
34  30  -16  0
24  -27  -8  0
29  18  3  0
27  -36  -16  0
12  -28  -14  0
23  18  28  0
-13  20  -21  0
-6  -10  -21  0
-11  -23  8  0
16  -19  -37  0
23  -3  13  0
-16  -19  2  0
-29  21  14  0
35  3  -16  0
-15  -22  10  0
40  -15  -24  0
9  -40  28  0
-16  21  -1  0
31  19  -8  0
2  -4  -30  0
9  -8  22  0
-2  -13  -36  0
-24  10  3  0
-15  1  -39  0
4  17  13  0
-3  2  6  0
-1  15  10  0
37  -7  -39  0
-8  13  12  0
-32  8  20  0
-26  7  -28  0
23  -37  -38  0
-8  -2  -12  0
-31  -30  -34  0
-39  7  1  0
5  36  19  0
-23  -24  -13  0
-34  4  -29  0
22  16  10  0
-33  5  26  0
-5  22  -23  0
35  27  16  0
-20  14  6  0
-9  -30  25  0
-12  40  8  0
-1  -33  8  0
27  1  19  0
5  16  -9  0
25  13  35  0
30  27  -2  0
-37  10  29  0
32  -9  -21  0
-19  7  32  0
35  3  40  0
39  -5  36  0
27  -12  35  0
-14  35  -21  0
9  33  -18  0
