c mkcnf random cnf with seed 217819, max clause length 3
c FORCED SATISFIABLE
c 
p cnf 40  172
-16  -39  -10  0
2  -19  -3  0
-3  40  11  0
31  -23  20  0
-35  40  5  0
5  -33  -21  0
-18  38  -21  0
29  34  4  0
38  -27  7  0
-16  -31  -4  0
37  14  33  0
7  4  -37  0
-24  -31  14  0
2  -5  21  0
23  -3  36  0
17  -33  -25  0
19  40  36  0
38  37  -1  0
-2  -9  -8  0
40  12  -26  0
-6  -25  -10  0
24  33  -31  0
-4  24  35  0
6  17  40  0
-15  11  -5  0
-28  17  22  0
-39  -10  -23  0
12  -29  30  0
-4  -9  -21  0
32  28  35  0
-36  -3  -30  0
-36  -23  -40  0
-35  15  -3  0
-11  -6  39  0
-1  -19  24  0
-6  5  -1  0
20  28  21  0
-4  14  23  0
5  -25  -14  0
-14  2  -7  0
13  -11  -15  0
37  -27  -15  0
18  -37  14  0
-13  -16  -2  0
35  -16  21  0
5  -28  34  0
31  -12  -19  0
-39  13  -23  0
-10  7  -2  0
-37  -22  -21  0
38  8  -34  0
-12  1  -10  0
-20  -10  29  0
-15  36  -27  0
-1  -24  19  0
8  28  -20  0
-36  -6  -11  0
26  20  -5  0
-23  -24  27  0
20  -14  -26  0
-14  20  -31  0
32  -29  -5  0
37  33  -28  0
29  30  -5  0
5  -4  -13  0
18  15  -6  0
2  -30  -11  0
-28  23  -16  0
-16  6  33  0
-16  -9  -5  0
30  35  1  0
25  27  -7  0
31  -38  35  0
31  -16  -2  0
31  -10  -5  0
-3  30  32  0
18  -33  -9  0
-32  -26  33  0
28  -12  -24  0
-18  23  -31  0
-38  -1  -18  0
-1  -34  16  0
-15  21  -17  0
-33  27  -13  0
29  36  -26  0
-9  30  -19  0
2  -35  1  0
-7  22  31  0
-20  19  -14  0
27  16  39  0
-38  -24  -33  0
15  31  -8  0
-7  -8  29  0
-31  -33  -7  0
25  -18  17  0
-16  -32  -39  0
-34  5  -6  0
6  -36  32  0
-19  -21  -30  0
-24  14  27  0
-2  36  -3  0
14  -11  -3  0
-2  15  -20  0
-34  19  -3  0
-25  17  18  0
34  10  21  0
-22  -40  -25  0
20  7  -2  0
-36  -40  -13  0
31  32  27  0
-39  -40  21  0
-25  12  16  0
-4  24  -27  0
29  -21  -34  0
-29  -38  3  0
-38  -33  34  0
24  -14  -35  0
22  -12  8  0
19  6  -29  0
-27  3  -39  0
-6  -17  -32  0
-40  13  32  0
-24  -35  11  0
-13  24  -20  0
-26  -18  33  0
-8  28  5  0
6  16  34  0
-37  -5  31  0
2  8  -1  0
-27  28  -7  0
-2  32  -13  0
-9  19  29  0
14  -16  39  0
11  -29  35  0
-1  -34  -36  0
11  17  28  0
16  34  -3  0
36  -27  -8  0
33  10  -4  0
-6  4  21  0
-3  6  -17  0
18  28  -20  0
19  -13  -14  0
36  13  38  0
-30  27  -16  0
-39  12  -16  0
-31  -18  33  0
18  -1  15  0
31  37  16  0
32  -7  21  0
5  27  7  0
-22  4  -20  0
29  18  -17  0
18  23  38  0
38  29  -31  0
8  -33  40  0
-10  36  26  0
-7  39  34  0
-37  -15  -29  0
-1  -22  -3  0
-33  -24  -38  0
-6  33  -29  0
27  -20  -12  0
-37  -14  40  0
31  -15  -4  0
-4  21  -33  0
-25  30  27  0
-21  38  -31  0
20  34  -16  0
-9  24  -38  0
-17  -24  -23  0
34  -7  24  0
