c mkcnf random cnf with seed 217750, max clause length 3
c FORCED SATISFIABLE
c 
p cnf 40  172
9  38  -18  0
39  12  -28  0
24  27  -30  0
-1  21  26  0
-35  23  18  0
9  -10  -24  0
-20  19  -30  0
-37  7  21  0
36  -3  31  0
10  -14  -34  0
3  39  -24  0
-29  16  -18  0
-13  31  -34  0
-2  28  -7  0
27  -16  29  0
-22  38  -21  0
30  -24  -20  0
17  -18  22  0
-15  -14  27  0
-15  12  -13  0
16  4  -25  0
-15  -5  2  0
39  -16  -24  0
-32  -26  -35  0
15  16  7  0
7  19  13  0
15  -7  -11  0
5  -26  -38  0
22  -12  -11  0
9  -29  4  0
29  -31  -28  0
34  8  9  0
-10  26  -30  0
-12  23  -36  0
9  -11  -7  0
-38  -39  -13  0
-6  -10  22  0
-8  25  40  0
-35  3  13  0
-10  -9  -21  0
-24  -23  30  0
-35  31  5  0
-28  20  6  0
-36  8  -19  0
-10  -32  39  0
21  -12  -19  0
-33  12  27  0
34  -38  20  0
-2  15  -33  0
14  32  -8  0
36  -3  38  0
-24  -3  -40  0
-13  -38  26  0
18  15  -36  0
-18  -17  32  0
-24  34  -28  0
6  31  -25  0
-2  31  -6  0
25  -34  -9  0
-35  9  -2  0
-22  -27  -30  0
-14  -8  31  0
-7  -26  9  0
-7  -26  6  0
-20  16  38  0
-11  -9  25  0
-14  23  -2  0
-32  -11  21  0
4  11  -34  0
-39  -38  -19  0
-25  40  -1  0
-18  24  -28  0
32  6  21  0
-2  -6  39  0
8  39  -34  0
10  -22  35  0
17  -35  -31  0
-2  -27  25  0
31  -6  -38  0
-20  -3  22  0
19  15  -17  0
38  -3  -18  0
-33  40  -15  0
-39  34  32  0
-12  -21  -26  0
-25  36  -30  0
-34  -27  -20  0
17  32  6  0
29  3  40  0
-39  -21  4  0
-17  35  -5  0
15  -23  -17  0
1  26  -16  0
26  37  31  0
-37  -1  29  0
-36  -21  -9  0
-30  -25  28  0
2  25  1  0
24  38  -19  0
39  31  26  0
-26  -29  -30  0
-15  29  5  0
-31  13  40  0
-27  -16  -20  0
-5  11  29  0
-21  -16  7  0
-29  16  -25  0
-38  -23  -6  0
2  -20  -14  0
29  -19  26  0
15  -24  26  0
-11  -6  8  0
-1  27  3  0
-25  21  39  0
7  25  -14  0
-34  3  -10  0
30  12  15  0
22  16  -6  0
39  -38  -18  0
-26  25  39  0
11  -14  9  0
-6  -4  19  0
-13  -25  27  0
-26  -27  35  0
38  40  -30  0
-20  -17  -3  0
23  -40  -5  0
-35  -9  12  0
7  30  4  0
-23  -38  10  0
-10  40  -8  0
2  6  31  0
-4  -28  29  0
-21  3  17  0
-38  8  32  0
-25  8  -23  0
-17  27  18  0
40  -34  7  0
-6  -23  -28  0
39  -28  -26  0
34  -25  24  0
30  -4  -8  0
19  -16  23  0
-22  -2  8  0
20  11  7  0
-15  14  -3  0
6  5  -20  0
35  34  31  0
3  7  35  0
-26  6  19  0
-8  7  10  0
-12  17  26  0
3  25  19  0
13  26  -16  0
-12  26  -38  0
-29  34  -11  0
-15  38  11  0
36  38  32  0
32  25  -2  0
12  -13  2  0
16  7  6  0
22  1  11  0
-35  -24  15  0
-13  -12  21  0
-19  -4  -27  0
-20  -4  -17  0
-2  24  10  0
-3  29  8  0
-16  -9  -1  0
-10  19  -9  0
4  -36  -15  0
7  9  -19  0
