c mkcnf random cnf with seed 217784, max clause length 3
c FORCED SATISFIABLE
c 
p cnf 40  172
-12  -32  -38  0
-7  15  -11  0
31  -34  -29  0
20  -15  40  0
8  -3  14  0
-15  40  36  0
36  17  -30  0
17  12  -4  0
-17  3  29  0
24  -32  40  0
3  -22  15  0
35  8  7  0
-36  25  -34  0
39  -21  -12  0
21  17  -37  0
-39  36  6  0
-27  31  6  0
-13  39  -1  0
24  -28  -27  0
-5  12  -29  0
-26  -3  36  0
-33  4  -39  0
23  8  -28  0
1  -15  -7  0
-35  -4  -30  0
26  39  9  0
-11  -39  -37  0
-5  -38  -11  0
19  15  -33  0
-32  -8  -22  0
-38  18  21  0
19  20  14  0
-4  -16  9  0
-31  17  -28  0
8  37  -28  0
38  -10  -6  0
-21  25  32  0
-27  -1  16  0
16  7  -20  0
30  37  -36  0
27  -35  5  0
27  -21  3  0
-12  -27  -20  0
18  24  -13  0
-31  -9  -1  0
-6  -33  28  0
12  -21  35  0
-31  29  12  0
29  32  24  0
20  -25  8  0
-7  -37  -1  0
-30  -16  19  0
-36  32  1  0
-36  -3  -8  0
-21  40  -28  0
-31  25  -3  0
28  6  31  0
7  -24  -1  0
9  26  -18  0
-29  31  2  0
19  -7  -34  0
10  39  -6  0
1  -12  -26  0
1  -17  -25  0
-1  -11  34  0
32  30  22  0
-3  -13  33  0
8  -39  19  0
-1  -3  -12  0
-32  -19  35  0
-32  -14  -18  0
-32  17  -21  0
-19  -8  21  0
-39  28  -26  0
-13  -19  -9  0
10  24  28  0
-35  40  13  0
-29  7  11  0
-2  4  23  0
6  -25  28  0
-24  40  -33  0
26  21  -31  0
18  38  -3  0
-37  -2  -7  0
15  37  -23  0
23  9  28  0
-3  -5  16  0
-26  -11  -31  0
30  25  1  0
33  -6  18  0
-11  -24  -1  0
-39  36  -21  0
-24  -32  -13  0
1  22  -2  0
-39  -13  -34  0
2  34  -6  0
28  38  2  0
-36  10  -19  0
-35  -10  -5  0
13  9  -6  0
40  -1  3  0
11  32  23  0
11  32  -20  0
-16  11  -22  0
3  -22  -4  0
-18  -21  30  0
-10  -9  36  0
-30  21  -20  0
18  -33  -40  0
-1  15  25  0
8  -32  3  0
11  -35  -28  0
5  36  30  0
20  16  10  0
33  26  17  0
-21  14  12  0
-30  20  -35  0
3  -25  15  0
34  28  29  0
20  22  -1  0
12  -37  -8  0
-10  33  -8  0
16  -14  -25  0
5  3  29  0
-24  -14  -1  0
-11  15  36  0
-13  -38  -25  0
-17  39  12  0
-6  -34  -36  0
-36  -20  6  0
-24  33  16  0
33  20  21  0
-39  19  35  0
-17  4  36  0
-4  -13  1  0
-11  23  9  0
38  10  -32  0
14  3  -32  0
-33  6  21  0
-30  32  28  0
24  3  34  0
-4  29  -37  0
10  -39  -38  0
-14  -34  -29  0
-28  -20  21  0
27  6  -28  0
-14  -23  11  0
28  17  -38  0
-20  -6  -17  0
10  -24  -6  0
34  -11  39  0
-22  -11  26  0
16  1  -6  0
21  7  -28  0
2  21  9  0
18  37  24  0
-15  -14  -5  0
-37  10  -36  0
9  25  11  0
32  -34  -25  0
-21  31  19  0
-16  -26  -3  0
-2  14  -6  0
-5  -17  21  0
-9  27  23  0
-20  33  26  0
-1  -35  -8  0
-33  -17  26  0
-13  24  40  0
34  13  1  0
25  20  37  0
-22  19  -1  0
