c mkcnf random cnf with seed 217758, max clause length 3
c FORCED SATISFIABLE
c 
p cnf 40  172
9  20  -37  0
26  -2  22  0
-38  -8  -12  0
8  25  4  0
28  16  39  0
-13  4  10  0
24  2  6  0
19  9  -14  0
32  -9  24  0
15  -12  -5  0
9  24  -5  0
5  19  35  0
-38  4  -28  0
-20  3  -21  0
5  3  -17  0
-22  23  -6  0
14  10  33  0
34  3  25  0
27  38  30  0
-17  -39  7  0
-14  3  -34  0
-21  -2  32  0
33  36  30  0
-2  24  7  0
1  -32  -6  0
34  -37  3  0
-19  -21  18  0
30  -15  17  0
-7  -35  10  0
-22  12  20  0
13  4  24  0
-25  -31  -34  0
6  -37  -1  0
35  22  28  0
19  -34  33  0
10  -35  38  0
1  25  3  0
32  12  9  0
21  34  13  0
18  -22  3  0
-28  -1  -20  0
7  24  -13  0
34  -24  -21  0
-20  -14  -7  0
-19  -9  -39  0
22  -19  16  0
29  -4  26  0
3  33  -11  0
-35  -9  -5  0
2  -33  8  0
38  16  15  0
1  21  23  0
-40  -1  -20  0
8  -38  26  0
31  -28  1  0
-38  14  -22  0
11  -1  32  0
-10  27  -1  0
5  -12  -24  0
24  -20  -18  0
-24  -18  22  0
-31  -3  17  0
34  33  20  0
2  26  -8  0
1  36  22  0
-2  23  3  0
14  38  30  0
-15  29  5  0
-31  -5  -4  0
37  -29  23  0
-40  38  -9  0
-32  -34  -11  0
34  7  16  0
-29  -22  24  0
-40  -31  14  0
24  -16  -20  0
-17  -14  37  0
4  24  -17  0
37  -6  15  0
22  38  -37  0
35  -9  -20  0
2  27  15  0
24  -21  -37  0
17  4  -9  0
-23  -40  4  0
-22  9  -8  0
26  4  10  0
-9  -13  14  0
-35  27  -13  0
13  -28  19  0
4  22  9  0
-15  17  -32  0
1  -2  13  0
-6  39  3  0
-16  28  -29  0
36  -12  -4  0
-7  -14  -28  0
21  -32  -14  0
-6  -7  -16  0
-30  -26  -2  0
30  -5  -3  0
19  10  22  0
13  8  24  0
-6  -32  -22  0
1  -22  -19  0
1  40  -30  0
-33  20  35  0
-26  11  33  0
37  11  -3  0
-25  -37  -40  0
-20  7  4  0
-2  -19  5  0
-32  14  4  0
10  16  26  0
-9  40  26  0
13  1  -16  0
-14  22  21  0
-15  4  10  0
-21  -29  -40  0
-14  38  -35  0
40  26  -29  0
34  32  39  0
-5  -38  -28  0
3  5  -36  0
-10  -5  -7  0
39  40  -33  0
21  -30  27  0
-7  -25  21  0
-5  -1  31  0
-21  30  -3  0
34  8  12  0
-32  -20  -9  0
-19  -36  31  0
-16  5  -32  0
12  29  -15  0
38  34  33  0
-19  -2  12  0
22  -17  38  0
-29  39  1  0
-5  30  -19  0
-33  27  18  0
-20  28  -38  0
32  -5  26  0
26  10  -11  0
6  -18  -22  0
12  -27  39  0
-25  -10  -15  0
34  31  5  0
-25  -15  -37  0
4  -3  2  0
-3  5  19  0
6  -15  33  0
-33  -19  18  0
-11  21  -27  0
38  3  -8  0
11  36  -5  0
31  -17  24  0
-36  -38  7  0
15  -30  -23  0
8  -6  33  0
20  -31  17  0
-13  20  26  0
-33  3  -8  0
-31  4  11  0
-12  31  38  0
-16  28  -8  0
6  -26  16  0
-15  -36  -28  0
38  -29  -2  0
-7  10  -25  0
27  21  5  0
-30  -11  12  0
