c mkcnf random cnf with seed 217803, max clause length 3
c FORCED SATISFIABLE
c 
p cnf 40  172
14  -35  12  0
12  17  40  0
39  -29  -26  0
-19  33  -11  0
17  10  23  0
-27  -21  -36  0
-1  -26  -25  0
23  -40  -22  0
-40  13  6  0
24  13  38  0
16  35  -39  0
-4  -24  -27  0
29  -18  13  0
-3  -21  -25  0
-11  -16  10  0
-25  -13  -35  0
15  -10  -19  0
-27  35  -21  0
7  31  20  0
-27  -10  -2  0
12  -1  -28  0
-38  -24  32  0
1  -13  20  0
3  -9  -39  0
-38  11  26  0
-32  2  37  0
20  9  4  0
-30  -1  -2  0
-33  -38  -20  0
9  14  -25  0
-24  18  -1  0
-37  24  10  0
-14  1  19  0
37  -25  -33  0
26  4  -6  0
6  -34  -15  0
38  -39  20  0
7  24  -17  0
-19  23  -4  0
-25  -26  -16  0
-12  -22  -36  0
-5  -7  -21  0
36  -17  -31  0
32  -15  -39  0
25  -20  30  0
12  -20  2  0
-3  -34  31  0
-10  31  12  0
26  40  25  0
-23  -19  -30  0
-39  -40  -21  0
-8  10  -15  0
-13  -31  39  0
-9  -40  -34  0
39  38  23  0
-9  34  23  0
15  -38  3  0
-27  19  -29  0
17  -39  -5  0
-29  33  8  0
-10  -6  -4  0
28  3  -23  0
19  38  20  0
-32  3  9  0
30  21  4  0
34  23  -25  0
33  6  -8  0
-16  -10  -38  0
-1  16  -3  0
7  32  4  0
-17  36  -34  0
31  -7  -20  0
22  -30  -39  0
9  -7  -33  0
14  -24  -37  0
30  23  -27  0
-39  26  -40  0
-34  -13  26  0
-2  -23  -4  0
-5  -23  -31  0
-14  -16  30  0
-37  -5  -1  0
-29  16  30  0
6  4  -3  0
37  18  12  0
-10  -30  -13  0
-22  4  37  0
-39  -30  -11  0
8  37  -35  0
-21  25  26  0
-39  -33  -16  0
-36  -26  -17  0
-21  11  15  0
37  -14  33  0
17  9  -31  0
-26  -14  8  0
-37  24  -28  0
39  33  7  0
-18  13  17  0
9  -33  -5  0
-13  -39  -26  0
-11  -17  13  0
-27  -39  15  0
-26  -8  28  0
-6  -38  25  0
27  -10  -13  0
34  28  10  0
-15  -30  31  0
-18  -2  -8  0
-21  -12  13  0
1  -15  14  0
-16  -22  -30  0
39  12  40  0
-10  38  15  0
-35  26  -12  0
-15  27  31  0
28  -40  33  0
-27  11  -38  0
-20  -24  -13  0
31  33  19  0
-22  15  5  0
32  -8  36  0
-1  -24  -8  0
-20  -31  -34  0
-18  -10  -24  0
-28  -29  -12  0
12  32  -9  0
9  10  37  0
-37  38  4  0
-19  -9  -7  0
-31  -8  6  0
33  21  13  0
-20  34  4  0
-12  14  -28  0
36  40  31  0
35  -2  -39  0
11  -2  -31  0
8  14  17  0
7  -14  -16  0
-27  9  17  0
26  38  9  0
-21  -40  4  0
-20  -39  13  0
22  28  34  0
1  -8  28  0
21  -5  39  0
13  -11  -3  0
-34  5  10  0
38  36  8  0
-12  11  -8  0
-32  -24  35  0
-17  22  -23  0
-7  4  39  0
-10  36  30  0
29  -30  11  0
25  32  4  0
-38  24  -16  0
28  -30  -20  0
-28  12  37  0
5  3  -4  0
-20  -6  31  0
-26  -39  40  0
13  -20  1  0
-8  18  9  0
-34  -3  20  0
-7  3  -2  0
4  21  -11  0
22  -11  7  0
-4  -36  -32  0
-17  -19  -2  0
10  -9  20  0
-22  9  21  0
