c mkcnf random cnf with seed 217751, max clause length 3
c FORCED SATISFIABLE
c 
p cnf 40  172
9  -10  -39  0
25  -11  -31  0
-39  40  -12  0
3  -20  36  0
40  -18  1  0
6  -16  -29  0
7  -39  -6  0
5  22  -27  0
-2  18  -16  0
-7  -22  19  0
3  22  7  0
2  40  -23  0
1  -35  -2  0
6  -33  13  0
26  -5  -16  0
-37  -16  8  0
14  25  -28  0
26  35  -12  0
17  -31  10  0
-33  37  24  0
9  -27  -34  0
7  -25  24  0
-1  -9  35  0
-33  -38  -32  0
10  28  -36  0
-2  26  15  0
-2  -4  -1  0
-15  -39  21  0
-7  -25  -37  0
-4  30  -8  0
-23  -21  11  0
38  -12  29  0
-30  10  4  0
-34  -16  3  0
-38  29  -19  0
-21  31  -40  0
37  -9  -1  0
38  -15  -10  0
16  -32  -7  0
20  -2  -28  0
10  23  5  0
28  16  21  0
-6  -38  13  0
6  -30  31  0
35  -37  -4  0
-37  19  -30  0
1  -21  -17  0
-19  -26  28  0
-4  6  -11  0
17  -20  28  0
-38  -23  -18  0
4  -13  14  0
32  34  -25  0
27  -34  35  0
-5  16  -11  0
22  -39  -31  0
-12  19  22  0
14  27  16  0
-35  10  40  0
-34  -14  18  0
-36  -1  -14  0
40  -17  36  0
-38  -23  22  0
-40  35  15  0
27  -14  11  0
-9  35  -10  0
-22  5  12  0
25  -19  35  0
-6  21  31  0
-2  -32  -7  0
-17  -13  -34  0
-32  20  6  0
17  38  -13  0
-9  18  21  0
-29  31  10  0
-3  29  -26  0
32  -10  -33  0
-21  -1  -2  0
28  -40  -38  0
-25  9  -39  0
21  -6  -34  0
-34  -26  -29  0
15  34  37  0
-21  30  20  0
7  34  19  0
14  9  -2  0
30  26  12  0
16  39  -18  0
18  -21  -29  0
27  -30  16  0
-36  -18  2  0
18  36  32  0
28  -30  9  0
-6  -3  35  0
1  35  -7  0
-39  -30  3  0
-22  16  -31  0
-9  -8  -17  0
30  2  -24  0
-8  6  -12  0
-23  -13  -24  0
-11  24  -28  0
33  -24  29  0
27  29  -12  0
7  -16  -27  0
-37  -22  28  0
-16  -27  -21  0
33  40  -18  0
-14  -31  -10  0
9  -16  23  0
40  35  -28  0
1  40  2  0
12  5  36  0
26  32  2  0
7  4  10  0
-16  7  -2  0
-4  39  2  0
10  -27  6  0
-30  -10  37  0
-9  1  11  0
35  -31  -38  0
31  4  28  0
10  -6  -31  0
-30  -31  24  0
28  8  18  0
9  -39  -33  0
-17  34  -20  0
-8  -3  -23  0
25  -15  5  0
-7  1  14  0
29  -25  35  0
40  18  11  0
3  -24  -26  0
-37  -19  12  0
37  27  24  0
-29  -34  -22  0
-9  -8  -31  0
-7  24  -13  0
-5  10  19  0
-14  -1  8  0
23  -6  16  0
37  -39  28  0
1  36  -17  0
-24  -40  -36  0
21  -9  10  0
-26  -28  -32  0
-9  -7  -32  0
-27  -28  5  0
-32  6  40  0
-40  -39  -24  0
9  25  -8  0
-33  1  -13  0
-31  16  -38  0
-10  1  3  0
20  26  25  0
-34  10  -25  0
37  26  33  0
25  31  -29  0
-2  6  -12  0
1  34  19  0
-21  3  -5  0
-26  5  -24  0
9  -29  -35  0
17  -7  -22  0
30  -7  2  0
-33  -14  -3  0
4  13  21  0
-2  -39  1  0
-2  23  -22  0
-34  12  -27  0
3  35  -40  0
-22  2  35  0
