c mkcnf random cnf with seed 217804, max clause length 3
c FORCED SATISFIABLE
c 
p cnf 40  172
14  7  -5  0
-27  -35  30  0
-21  20  -5  0
-39  22  -33  0
-40  -17  -11  0
15  2  3  0
34  -22  33  0
15  25  -8  0
-26  35  -9  0
-39  34  -21  0
-1  -26  -34  0
8  38  21  0
-7  -6  9  0
30  17  18  0
36  13  19  0
11  18  24  0
15  -4  12  0
-5  -30  33  0
-39  -13  37  0
-30  -21  -35  0
1  -39  -35  0
-33  -15  22  0
-30  25  8  0
-15  17  -13  0
2  -11  27  0
24  23  7  0
-9  34  -25  0
9  30  -28  0
-4  -12  -8  0
-13  40  -30  0
6  30  -24  0
-37  11  -25  0
30  15  22  0
-36  19  -9  0
-9  27  -22  0
-16  18  -17  0
-37  -24  31  0
-11  18  27  0
26  -3  -2  0
-29  14  -15  0
12  1  19  0
4  38  -33  0
39  -38  -19  0
35  -8  29  0
34  -30  -12  0
-17  -14  -22  0
-11  -37  -30  0
28  5  -7  0
-17  -13  -23  0
-6  17  -33  0
19  -30  35  0
22  27  -21  0
26  18  4  0
-29  28  -30  0
38  20  -23  0
-24  10  2  0
31  -3  10  0
-37  -23  -30  0
4  -16  -3  0
24  -21  11  0
-7  21  32  0
-37  38  8  0
17  -21  35  0
13  -28  39  0
37  8  4  0
-38  29  11  0
8  -40  -37  0
-20  -2  11  0
-35  -14  23  0
18  -31  -28  0
18  40  37  0
6  -34  18  0
26  21  20  0
35  -2  14  0
-36  40  8  0
-21  28  -7  0
11  -24  -1  0
-28  -27  -16  0
-10  7  -15  0
26  -24  32  0
-13  -33  -36  0
-5  16  -32  0
-3  -28  29  0
3  29  25  0
9  -33  -30  0
31  38  18  0
20  6  -26  0
-39  27  -4  0
23  1  -7  0
-19  4  15  0
18  -19  37  0
13  -21  -20  0
-33  12  15  0
40  33  -12  0
-26  -24  -13  0
-21  26  -20  0
33  36  31  0
-24  6  4  0
-25  -28  -36  0
-10  29  -19  0
5  -26  -15  0
1  13  -12  0
-2  -5  -29  0
-35  -31  -10  0
-30  17  -22  0
14  12  26  0
36  20  9  0
9  -4  -3  0
-26  -7  -36  0
-1  -12  -8  0
-25  36  14  0
-8  35  -15  0
-34  17  8  0
-8  -22  -21  0
21  -17  35  0
15  -2  -6  0
-14  -33  -9  0
-23  25  29  0
16  -40  -30  0
10  -40  -32  0
-35  2  -5  0
-5  38  26  0
-27  -10  18  0
-25  22  33  0
21  -23  -17  0
-1  -33  5  0
18  -3  -15  0
-37  10  23  0
23  32  25  0
-7  -38  -9  0
-36  -28  -14  0
18  -21  37  0
-27  -20  -39  0
-6  9  -37  0
3  -37  -22  0
9  -40  14  0
35  10  18  0
27  2  17  0
-32  -2  27  0
-33  2  -3  0
26  -36  35  0
6  20  14  0
-34  17  -19  0
-17  21  22  0
-29  -26  21  0
24  35  -30  0
-11  -5  21  0
-10  -22  -14  0
-38  35  -28  0
6  27  -21  0
-2  -38  -5  0
36  35  11  0
-10  -2  17  0
-37  13  11  0
29  10  -39  0
31  -1  -36  0
11  -31  -33  0
-37  36  -24  0
-28  8  4  0
-32  -24  -33  0
19  -4  -12  0
34  -26  1  0
-17  23  -11  0
-23  9  -31  0
18  1  -31  0
35  -29  4  0
40  -26  38  0
20  23  15  0
5  22  35  0
27  -40  23  0
20  29  17  0
16  1  8  0
