c mkcnf random cnf with seed 217807, max clause length 3
c FORCED SATISFIABLE
c 
p cnf 40  172
14  -6  -22  0
-8  26  12  0
8  15  35  0
-27  -23  -8  0
35  -20  11  0
24  -9  21  0
5  -36  -38  0
35  -32  26  0
-15  -11  35  0
24  28  1  0
-34  -11  -9  0
-21  20  39  0
12  -30  -37  0
-28  -29  -27  0
2  26  -3  0
6  38  -19  0
35  -26  8  0
-32  14  30  0
17  -30  -12  0
11  2  14  0
-29  -12  31  0
-11  34  32  0
28  -19  17  0
4  -39  -40  0
-39  -3  4  0
36  -21  30  0
-35  -36  -29  0
-20  15  -33  0
26  31  -2  0
-4  -2  -32  0
-9  -7  14  0
23  -15  -37  0
-32  5  6  0
-16  -4  38  0
-27  -12  38  0
-28  -19  -16  0
11  -31  17  0
16  22  33  0
-16  22  -1  0
-10  23  22  0
22  34  18  0
25  19  -26  0
-33  28  -22  0
8  39  -14  0
31  -22  -7  0
15  -3  26  0
-30  -40  21  0
30  -14  -28  0
17  -12  -19  0
-28  -34  11  0
-3  33  15  0
39  -11  -17  0
19  37  2  0
32  15  -39  0
23  -7  15  0
-20  -24  28  0
-30  7  11  0
3  23  39  0
36  1  -19  0
-16  -6  36  0
9  -1  27  0
10  8  14  0
20  3  26  0
8  -18  22  0
-7  12  1  0
38  3  40  0
19  12  -15  0
-12  -26  21  0
25  5  -18  0
3  -4  10  0
-24  -13  3  0
-23  -37  15  0
39  -1  23  0
14  1  25  0
19  -35  -30  0
-25  -3  -15  0
20  40  -9  0
31  23  -10  0
-27  24  -38  0
32  -16  -36  0
-8  -9  -33  0
9  -3  -35  0
29  32  15  0
-38  -19  -10  0
25  11  -8  0
15  -7  33  0
-24  -7  -21  0
-25  31  -17  0
-7  20  -34  0
9  -20  6  0
31  3  8  0
19  -22  40  0
2  -33  14  0
2  -37  -30  0
-11  -10  40  0
-34  7  -19  0
-12  -33  17  0
12  5  23  0
-23  22  -17  0
13  -10  -31  0
14  1  -35  0
-28  -36  32  0
-4  38  -28  0
24  27  -36  0
10  39  -9  0
-18  7  -19  0
25  -13  10  0
-26  39  28  0
18  16  15  0
15  17  25  0
32  34  4  0
-34  20  37  0
-38  -27  -36  0
-29  39  14  0
20  -11  -36  0
-40  34  -25  0
-11  25  32  0
-27  -7  13  0
12  29  35  0
-21  11  -28  0
-11  8  1  0
-9  2  39  0
21  -30  4  0
17  -21  5  0
-7  40  -22  0
-35  30  -16  0
-16  23  -27  0
-24  2  -7  0
20  -32  38  0
-39  20  -9  0
-37  -12  -15  0
-10  24  1  0
-2  35  -7  0
32  22  -4  0
28  -9  -26  0
-29  26  -37  0
-34  -16  40  0
24  -36  2  0
30  -33  4  0
15  -27  -29  0
8  19  -14  0
-14  -2  10  0
27  -10  36  0
8  -29  -13  0
7  -15  -29  0
-16  31  -20  0
23  -19  28  0
36  -31  -30  0
-5  -20  38  0
-9  16  40  0
-11  31  36  0
19  1  31  0
7  -5  -37  0
20  -11  -23  0
9  -12  -35  0
18  -35  8  0
-9  12  -38  0
11  18  -2  0
-19  26  -31  0
-2  31  26  0
-25  33  1  0
-16  38  24  0
36  -18  16  0
-38  -31  32  0
19  -10  9  0
36  7  -13  0
-21  -38  37  0
30  19  -33  0
23  18  -1  0
-40  -4  33  0
-25  -21  -26  0
-18  22  14  0
