c mkcnf random cnf with seed 217785, max clause length 3
c FORCED SATISFIABLE
c 
p cnf 40  172
12  5  30  0
-35  36  10  0
33  -39  -11  0
10  40  25  0
11  -22  -4  0
34  7  36  0
-28  36  -8  0
-12  -39  -13  0
-3  -16  -28  0
-2  -24  -28  0
40  -1  38  0
7  -26  9  0
-32  -20  33  0
26  -18  -21  0
-7  15  -23  0
11  -7  16  0
-29  1  -21  0
-35  3  10  0
-21  9  27  0
14  -12  -18  0
-24  1  -7  0
-15  24  -27  0
-39  -8  -25  0
27  13  -12  0
-26  3  36  0
-12  34  -30  0
36  6  -1  0
-40  -38  -25  0
-19  35  -20  0
-27  -33  -9  0
-16  -10  36  0
-27  8  15  0
28  -2  -8  0
25  2  35  0
-22  -3  -25  0
9  -20  37  0
15  7  -20  0
23  12  10  0
-5  -7  -24  0
7  -24  -18  0
38  -9  20  0
32  -31  -18  0
8  24  36  0
-2  -38  20  0
37  -7  -32  0
20  -9  39  0
-10  -6  35  0
17  -29  19  0
13  28  -36  0
-22  -23  9  0
-12  -27  -22  0
9  11  -6  0
33  25  -7  0
-2  36  -31  0
-29  -11  39  0
-16  -18  -36  0
-9  24  40  0
-21  -26  38  0
-34  24  38  0
20  -8  34  0
13  16  28  0
-27  26  31  0
18  25  27  0
11  39  -24  0
-12  -9  -15  0
28  8  36  0
21  -7  27  0
10  -11  -16  0
15  -6  -19  0
32  28  13  0
-36  -3  -35  0
-39  -40  -9  0
14  -27  -11  0
-10  -13  21  0
15  31  19  0
-18  12  -5  0
14  35  16  0
38  -29  -8  0
34  -11  26  0
-12  -28  -16  0
35  18  -6  0
11  27  14  0
-21  -40  -3  0
19  -4  -20  0
16  -13  -9  0
33  -9  28  0
6  -39  2  0
-3  7  -33  0
38  -15  -32  0
-6  -23  -33  0
-34  31  -26  0
-38  -6  32  0
-9  15  26  0
25  13  -34  0
37  -3  1  0
36  28  4  0
-15  -18  1  0
19  38  -33  0
-9  27  -1  0
27  -2  38  0
-39  -38  27  0
-10  -31  -1  0
18  21  2  0
-38  -25  31  0
-35  22  27  0
23  -29  -3  0
15  32  -26  0
30  34  -1  0
-38  12  -5  0
-25  -26  11  0
20  14  -40  0
-4  -37  -30  0
5  -3  12  0
31  -11  1  0
-11  37  -2  0
24  37  -33  0
12  2  30  0
24  -19  -28  0
-17  7  -19  0
14  31  34  0
21  -2  8  0
38  -28  -13  0
33  -1  23  0
32  -13  3  0
15  25  -8  0
31  19  -26  0
5  -8  -1  0
-19  1  -7  0
13  23  -34  0
10  11  1  0
31  5  35  0
-20  16  -14  0
5  38  21  0
-13  -31  6  0
34  -5  -18  0
8  14  31  0
34  -36  2  0
-22  21  9  0
-16  -28  -8  0
-29  -6  14  0
-27  21  17  0
24  28  27  0
-11  27  -35  0
-1  -38  -33  0
-36  -20  -29  0
-5  -13  11  0
1  -5  25  0
-37  -20  -23  0
-4  21  35  0
-13  -38  32  0
2  37  -23  0
40  -28  -29  0
-38  -34  -17  0
-36  4  -39  0
-34  16  23  0
2  17  -39  0
32  -5  15  0
19  -12  -8  0
-35  6  -34  0
6  -33  9  0
36  17  -13  0
8  24  -18  0
39  38  28  0
8  -17  30  0
37  -5  25  0
-38  14  28  0
-20  28  -3  0
-11  9  13  0
5  -28  -20  0
6  30  -5  0
-11  10  4  0
-20  -30  -23  0
