c mkcnf random cnf with seed 217802, max clause length 3
c FORCED SATISFIABLE
c 
p cnf 40  172
14  22  20  0
13  40  20  0
11  6  13  0
-27  7  39  0
3  -11  25  0
-13  -24  -21  0
-27  -32  -34  0
40  3  -28  0
28  -15  -16  0
2  -4  -27  0
17  -16  32  0
24  17  39  0
-34  13  -31  0
11  -7  26  0
12  5  -18  0
36  31  -34  0
-27  -24  35  0
5  -40  -39  0
-7  -14  -11  0
26  -29  -7  0
23  33  -24  0
-14  20  16  0
-5  -1  -37  0
-2  6  32  0
19  -31  -33  0
34  2  6  0
14  -5  10  0
-21  11  -18  0
39  24  15  0
38  19  32  0
-18  -27  1  0
-5  -1  21  0
10  21  -16  0
12  1  -40  0
-2  13  12  0
-28  -21  -31  0
36  -38  23  0
11  -33  -8  0
37  -36  -8  0
10  -5  20  0
-4  -39  -12  0
-17  19  1  0
-38  -5  -33  0
-2  -39  -3  0
9  30  -32  0
-39  21  40  0
8  7  15  0
-30  2  -13  0
-37  13  28  0
-13  -24  27  0
-14  6  -12  0
-11  35  33  0
30  -19  26  0
24  33  25  0
-38  -21  -22  0
38  -1  13  0
-24  27  -39  0
-3  21  12  0
11  -5  7  0
38  -39  31  0
-16  31  7  0
6  -36  -2  0
-8  22  38  0
-40  34  -21  0
37  27  23  0
-20  40  -5  0
36  17  -5  0
16  11  28  0
40  -13  -22  0
15  33  -37  0
3  30  -14  0
-22  6  -26  0
-38  28  12  0
38  32  26  0
-18  -24  -20  0
-22  35  -11  0
-8  13  3  0
-32  14  -23  0
35  24  19  0
-27  11  -14  0
25  3  -27  0
2  34  -31  0
14  -39  -35  0
-12  17  -20  0
-38  -32  14  0
-16  4  -14  0
28  -18  34  0
-35  23  -20  0
11  7  -17  0
-26  -19  22  0
-16  -13  34  0
32  2  21  0
-37  -11  -16  0
16  14  -27  0
38  -15  1  0
13  38  37  0
-33  -34  24  0
17  11  35  0
-16  -26  -27  0
17  -29  15  0
26  31  -12  0
30  26  -5  0
1  34  14  0
30  33  38  0
-3  -33  -14  0
-38  15  -23  0
21  8  -2  0
33  30  37  0
-19  16  6  0
24  9  5  0
13  -4  -25  0
-2  -16  17  0
-29  -36  -28  0
13  -11  -38  0
36  -21  7  0
-36  -30  24  0
-3  -12  -29  0
9  1  16  0
-5  -38  13  0
-24  15  21  0
-9  28  -1  0
-11  -16  -23  0
33  3  29  0
-33  -26  -40  0
-26  -23  11  0
-28  -17  -5  0
13  -4  -1  0
-8  -32  -14  0
8  13  29  0
-33  17  19  0
-13  17  -37  0
-25  20  27  0
36  -25  29  0
-36  -5  -11  0
30  31  -1  0
39  19  -33  0
-27  -5  24  0
31  22  -14  0
27  13  -31  0
-17  37  -15  0
16  -5  -4  0
-5  -2  -24  0
33  40  -24  0
-24  -13  38  0
26  -27  30  0
-34  24  13  0
13  -26  -19  0
-26  32  -35  0
18  37  -20  0
-12  -1  -23  0
10  -5  13  0
28  22  7  0
3  1  -15  0
12  -17  30  0
1  6  31  0
-1  -4  -2  0
-5  -4  -38  0
18  -17  -25  0
-9  -4  -24  0
-24  5  -17  0
-27  16  26  0
16  6  -13  0
-9  -19  13  0
-10  -7  40  0
-16  -27  -17  0
1  -37  -4  0
-24  -5  -30  0
39  -9  10  0
36  -32  26  0
21  -32  24  0
-24  -32  22  0
8  4  -21  0
