c mkcnf random cnf with seed 217772, max clause length 3
c FORCED SATISFIABLE
c 
p cnf 40  172
11  -39  -10  0
4  -15  -36  0
9  17  36  0
39  5  -33  0
-24  8  1  0
-23  22  7  0
31  -6  -27  0
27  -18  -28  0
14  3  23  0
27  30  -7  0
-39  13  -26  0
-39  -30  -18  0
17  -29  -25  0
-13  -40  -22  0
6  24  -22  0
13  17  6  0
-15  14  34  0
-7  -39  -21  0
3  -8  -19  0
23  -11  -10  0
-14  35  3  0
22  -23  21  0
29  -27  -15  0
19  -15  23  0
11  -20  -3  0
13  -25  -19  0
2  32  20  0
39  9  24  0
23  12  33  0
-21  -23  -35  0
10  9  25  0
13  -28  -35  0
10  16  -30  0
-35  -11  9  0
-23  -25  -6  0
4  19  -24  0
-24  32  -14  0
-23  34  13  0
-27  9  16  0
-38  27  -39  0
5  -29  16  0
-12  -3  -30  0
7  13  -19  0
1  13  11  0
-29  -5  31  0
33  -11  -22  0
-1  16  -9  0
40  39  9  0
-19  -26  -8  0
11  -16  3  0
21  5  6  0
35  -1  5  0
8  22  3  0
2  20  -16  0
23  19  -21  0
-14  35  39  0
-9  -21  -35  0
-15  7  13  0
20  -1  34  0
31  -29  24  0
36  -28  29  0
-5  29  -20  0
-3  -20  -22  0
-37  22  -30  0
33  15  -21  0
29  -16  -2  0
19  4  -32  0
-25  6  -14  0
15  -24  -1  0
-25  -2  -26  0
-36  -15  25  0
-22  26  25  0
7  9  36  0
-14  15  28  0
-6  -2  -37  0
34  37  33  0
39  -4  -12  0
27  3  20  0
-24  19  -7  0
25  14  13  0
4  11  -13  0
-15  -13  -17  0
-40  -8  6  0
24  -34  -27  0
-13  12  -9  0
-26  -33  23  0
-10  -25  23  0
-29  -40  -30  0
-7  17  -12  0
-32  23  -5  0
-35  -11  -1  0
-33  -30  39  0
24  -6  -9  0
19  13  -22  0
18  10  -29  0
-31  34  32  0
-39  3  8  0
13  31  -38  0
-19  -16  -12  0
24  -5  38  0
-26  -3  23  0
-32  -39  34  0
13  -3  -35  0
16  -36  4  0
4  20  13  0
2  -8  10  0
-13  -15  36  0
5  -34  -37  0
20  -6  -9  0
26  -36  -28  0
30  -16  35  0
-27  -5  21  0
-28  6  -1  0
-7  -2  40  0
-1  3  19  0
-14  -38  15  0
17  -20  -12  0
19  13  34  0
-33  16  3  0
4  -2  -9  0
24  -13  19  0
40  13  -1  0
-37  17  -30  0
32  -20  11  0
11  -25  3  0
1  26  21  0
-22  -3  27  0
2  35  -6  0
-28  -25  -39  0
-35  -36  -14  0
-38  28  -6  0
-31  21  -35  0
35  30  -5  0
24  -28  31  0
35  19  -4  0
-23  20  40  0
-9  25  -19  0
-31  -8  29  0
-21  -16  -37  0
-6  35  -39  0
21  -11  17  0
-20  33  -36  0
17  -23  18  0
37  -10  4  0
-3  -26  -32  0
30  -38  -22  0
12  6  -7  0
7  39  6  0
5  20  25  0
-18  -15  32  0
7  -5  14  0
13  36  -25  0
29  2  -40  0
-11  -19  -37  0
-38  39  18  0
-24  -9  5  0
-32  22  -10  0
-17  1  23  0
13  5  1  0
33  8  37  0
-21  13  -5  0
-35  34  21  0
29  30  -15  0
-30  39  31  0
9  24  -30  0
-7  -9  -21  0
12  17  22  0
2  17  21  0
-7  5  -13  0
19  -13  1  0
16  -4  34  0
14  38  -27  0
