c mkcnf random cnf with seed 217832, max clause length 3
c FORCED SATISFIABLE
c 
p cnf 40  172
17  -5  -30  0
27  11  25  0
5  -37  1  0
20  -6  19  0
27  8  4  0
24  -29  -28  0
17  -21  30  0
-12  28  23  0
-39  22  37  0
29  -8  24  0
20  -5  26  0
23  -40  -16  0
8  20  -2  0
-4  -9  23  0
29  -19  21  0
-19  4  14  0
31  22  32  0
14  -23  -30  0
-31  -3  -20  0
-5  33  -37  0
-17  -24  -13  0
-24  19  -40  0
13  18  31  0
9  22  38  0
38  -22  -37  0
27  38  6  0
-24  16  1  0
-38  -26  33  0
-18  -4  -7  0
-21  18  -31  0
24  -37  -5  0
-1  -17  -18  0
24  -15  35  0
-10  19  15  0
-7  26  20  0
-17  -32  -12  0
5  -26  -1  0
28  17  13  0
-19  -35  38  0
-10  28  -35  0
-37  2  24  0
-35  24  -7  0
-5  -22  -25  0
-25  -12  28  0
-1  -7  36  0
20  -30  -17  0
13  19  6  0
-3  16  -39  0
20  31  -3  0
-15  -13  7  0
2  31  -14  0
5  12  -24  0
39  -14  -40  0
34  -11  -24  0
39  -24  -9  0
19  -35  -4  0
17  -28  33  0
3  31  -30  0
26  -36  -3  0
21  35  -16  0
12  33  28  0
40  7  -39  0
23  18  1  0
-13  9  39  0
-12  -16  -33  0
8  10  -9  0
34  1  17  0
2  29  20  0
37  32  5  0
-13  34  14  0
-17  -40  -24  0
19  38  -13  0
37  -31  -22  0
14  26  8  0
-12  -40  6  0
10  12  8  0
34  9  -37  0
10  23  -15  0
-29  -3  31  0
-13  36  -25  0
-39  -18  -38  0
6  36  -24  0
-33  -29  34  0
-26  39  7  0
23  -34  -9  0
-13  23  -8  0
4  27  -29  0
20  -13  8  0
-1  17  18  0
-38  32  3  0
6  -19  -11  0
24  -33  4  0
40  34  20  0
19  6  40  0
-5  22  -31  0
-40  -17  -20  0
-24  -32  16  0
16  19  -8  0
-23  13  2  0
-4  36  13  0
5  35  -34  0
20  31  -17  0
-9  29  3  0
-5  34  37  0
37  33  -4  0
15  7  14  0
-9  -26  15  0
11  27  -12  0
33  31  -8  0
32  14  26  0
-8  28  -27  0
33  22  11  0
39  4  21  0
-5  16  -6  0
-10  -19  -28  0
-30  -36  34  0
-19  39  9  0
6  -9  -32  0
-32  1  -11  0
18  -6  -30  0
35  15  19  0
10  -36  38  0
-3  -17  -23  0
-36  14  -24  0
16  -35  1  0
-35  6  10  0
22  21  32  0
-14  -8  21  0
-35  -33  -12  0
13  -15  29  0
32  34  13  0
25  17  -14  0
25  37  -15  0
18  19  -39  0
-16  -32  6  0
4  -6  -1  0
6  16  8  0
20  -9  1  0
26  -33  39  0
-22  -4  -36  0
36  -21  11  0
3  1  31  0
5  -18  -17  0
10  -7  -22  0
-22  -2  24  0
-40  35  -34  0
-2  9  -13  0
-32  -34  -16  0
32  -22  25  0
-14  -5  -32  0
38  -11  -24  0
-25  16  40  0
-27  -1  -2  0
36  -37  -27  0
-23  -15  8  0
28  8  12  0
31  7  -32  0
-32  -4  -20  0
-10  -22  25  0
32  -28  6  0
8  10  -3  0
-4  -7  -30  0
18  7  -28  0
20  -40  -15  0
4  17  21  0
23  33  27  0
6  21  -25  0
2  -34  13  0
16  -38  25  0
-38  -1  -36  0
39  -30  -7  0
-24  -7  -34  0
