c mkcnf random cnf with seed 217783, max clause length 3
c FORCED SATISFIABLE
c 
p cnf 40  172
-12  19  5  0
30  -32  -8  0
-7  -26  -9  0
7  -30  -32  0
36  -22  -28  0
-7  -15  24  0
-31  24  -6  0
-8  28  34  0
-21  -18  5  0
-2  37  -24  0
4  -21  12  0
-22  -19  23  0
-6  -18  -13  0
27  -18  23  0
-17  -39  -31  0
25  32  16  0
17  -22  -38  0
-10  -15  -4  0
-40  -29  -21  0
4  -5  -13  0
18  -16  -11  0
14  -29  35  0
33  8  -5  0
-37  40  -25  0
-1  7  -5  0
19  -21  17  0
-23  -26  33  0
-31  -7  25  0
29  -9  -25  0
31  24  26  0
-12  16  38  0
-18  33  34  0
-1  13  39  0
13  -14  10  0
-2  -27  24  0
18  37  -32  0
-27  -35  19  0
-17  9  33  0
-9  -1  -2  0
24  -20  -12  0
-31  -2  -17  0
-40  14  30  0
4  -38  16  0
13  -33  -26  0
10  27  -35  0
29  4  22  0
35  -22  -5  0
6  -5  -33  0
-25  -6  -37  0
-40  6  38  0
-40  -6  15  0
-35  32  6  0
-5  9  30  0
-17  18  -20  0
1  15  20  0
-22  6  -21  0
-29  31  37  0
3  -20  -22  0
10  2  6  0
-4  -25  -13  0
-13  -10  -35  0
-26  -27  -19  0
3  13  16  0
-32  -3  16  0
9  3  -20  0
35  -28  -8  0
-1  7  14  0
3  -18  -34  0
2  12  5  0
-14  -29  39  0
16  -17  3  0
33  -17  39  0
-40  39  33  0
-38  -33  -36  0
-16  2  -25  0
-37  -39  10  0
-30  17  -5  0
33  37  31  0
-6  29  34  0
-38  6  40  0
26  -40  -21  0
28  6  31  0
35  6  -23  0
5  34  39  0
-35  5  23  0
-3  -30  -25  0
13  25  -2  0
21  -3  18  0
25  -13  -36  0
26  -36  27  0
6  -1  2  0
11  -39  -28  0
-37  1  -36  0
40  -16  -26  0
33  36  -39  0
5  -33  15  0
-9  -28  10  0
-24  -26  33  0
31  12  -35  0
-33  -20  4  0
16  40  -3  0
-11  12  -5  0
14  33  -4  0
18  29  -35  0
-30  23  -40  0
17  9  -39  0
1  16  33  0
5  -35  37  0
34  -2  16  0
-15  9  -30  0
-18  26  5  0
-30  23  -3  0
-38  -13  -17  0
16  -24  -35  0
12  16  7  0
-30  -38  -10  0
6  -3  38  0
15  11  1  0
29  1  27  0
20  26  12  0
31  39  -8  0
-17  26  39  0
-40  -11  29  0
-5  -8  7  0
-28  15  10  0
4  -36  32  0
11  16  -32  0
19  38  -32  0
15  -22  -6  0
-23  -20  37  0
13  21  16  0
-21  10  31  0
-3  18  -12  0
-25  -21  37  0
8  -31  39  0
25  27  -11  0
14  23  -39  0
-28  11  8  0
-8  34  -21  0
38  -12  -26  0
11  19  3  0
37  27  -19  0
-25  9  -30  0
-12  9  3  0
27  22  -20  0
-3  -1  38  0
21  -16  -23  0
-7  30  -37  0
-2  26  -6  0
-5  38  8  0
-15  30  -2  0
6  34  -1  0
-38  12  -27  0
-36  3  -26  0
21  29  6  0
14  11  36  0
-20  32  35  0
-20  -10  33  0
-40  4  9  0
-24  32  16  0
24  -37  19  0
22  -16  7  0
-37  -9  26  0
-14  -35  -22  0
27  13  -21  0
10  25  -28  0
-21  19  -27  0
-7  2  6  0
-6  40  5  0
25  32  40  0
29  18  24  0
-27  9  -6  0
