c mkcnf random cnf with seed 217825, max clause length 3
c FORCED SATISFIABLE
c 
p cnf 40  172
16  36  -4  0
27  8  39  0
20  1  23  0
16  -12  37  0
-6  -39  -20  0
5  -23  2  0
22  -12  -13  0
10  -19  22  0
21  -15  25  0
20  40  -10  0
-18  -10  33  0
-3  6  -16  0
-32  -25  -24  0
-34  15  14  0
1  -5  -8  0
-17  37  23  0
-9  -17  12  0
-27  38  -33  0
40  19  27  0
-18  37  27  0
-39  11  -13  0
15  -34  2  0
6  25  -18  0
20  -9  -25  0
-21  -25  -15  0
-24  -9  25  0
32  -16  -33  0
34  17  -33  0
-36  -6  33  0
3  -12  11  0
25  30  -33  0
20  34  13  0
-39  36  15  0
-4  23  12  0
-21  -19  -7  0
-12  13  18  0
-14  26  12  0
-21  15  -33  0
28  -27  -12  0
-19  -40  -9  0
-40  18  36  0
32  -17  20  0
23  -26  -18  0
37  16  -10  0
37  -1  -16  0
36  -8  7  0
38  -19  -35  0
-37  15  16  0
24  14  -19  0
-14  13  -15  0
27  -29  -26  0
-40  -15  31  0
30  37  4  0
-8  -29  39  0
35  -14  -24  0
7  26  3  0
19  16  -26  0
-37  14  -20  0
-13  -28  -34  0
29  28  39  0
35  -9  33  0
23  11  39  0
-11  -39  18  0
-7  24  5  0
28  21  12  0
10  37  -35  0
-26  -36  32  0
3  21  -5  0
-28  -26  -36  0
-21  -24  30  0
-31  39  5  0
2  -10  14  0
8  33  -10  0
13  38  -20  0
19  -10  33  0
-35  8  -24  0
1  -20  -32  0
12  27  5  0
-35  31  2  0
-12  21  40  0
28  -13  -27  0
5  8  7  0
16  18  -23  0
-23  40  -8  0
-22  24  11  0
-26  24  -18  0
40  -24  -33  0
40  -37  -5  0
30  5  28  0
8  -5  -9  0
40  -6  -19  0
-40  5  -16  0
-18  -22  6  0
37  7  39  0
-39  27  36  0
34  -4  -18  0
-2  39  -20  0
4  -17  12  0
-12  3  2  0
30  -36  -21  0
-28  -38  36  0
12  8  23  0
-35  -34  -31  0
18  -39  24  0
10  30  12  0
-4  5  -17  0
20  -19  -39  0
25  -3  -15  0
5  -26  20  0
-13  3  -29  0
11  10  -5  0
32  -17  -19  0
-14  21  -13  0
15  40  30  0
-27  25  15  0
-18  4  38  0
35  2  36  0
-15  -9  -34  0
-24  -5  4  0
-4  -6  -23  0
7  21  27  0
36  25  -40  0
-4  11  -16  0
24  40  -16  0
-40  37  21  0
-40  -14  -33  0
21  12  -18  0
40  6  33  0
26  -9  17  0
17  12  -24  0
30  4  -11  0
32  5  -33  0
-8  -21  18  0
-28  -17  24  0
24  8  -22  0
38  16  30  0
-18  17  36  0
-19  -31  -12  0
-18  7  -35  0
-6  -37  -21  0
-19  -10  -8  0
-23  22  -27  0
21  40  -17  0
38  -10  29  0
6  -9  -15  0
37  13  -17  0
-8  -33  1  0
-10  36  -26  0
12  31  25  0
6  -1  -39  0
22  36  -31  0
-9  34  20  0
33  -13  7  0
-27  -14  -26  0
38  11  15  0
-27  9  28  0
-7  6  -23  0
-16  -1  -19  0
-29  -17  -13  0
-23  -2  4  0
17  11  21  0
30  -40  19  0
20  -15  -30  0
40  -7  -15  0
34  -3  39  0
-17  -11  35  0
-37  12  -1  0
31  -15  -12  0
-2  38  28  0
-19  4  7  0
-40  -8  18  0
4  31  -8  0
