c mkcnf random cnf with seed 217827, max clause length 3
c FORCED SATISFIABLE
c 
p cnf 40  172
-16  -21  28  0
-7  26  -31  0
-39  10  23  0
-11  7  -33  0
-32  16  -31  0
-35  11  5  0
-14  18  -37  0
6  7  -11  0
-9  -4  32  0
-20  -33  -5  0
7  -13  32  0
-24  -33  9  0
34  1  -2  0
-24  -32  -34  0
-34  23  -2  0
-33  10  -24  0
26  36  19  0
30  17  -2  0
31  -13  28  0
38  -18  15  0
29  -34  3  0
8  14  36  0
-4  -17  32  0
-5  -26  -18  0
26  -17  19  0
-39  -8  -34  0
27  1  -15  0
-10  -36  1  0
13  28  8  0
30  24  15  0
10  25  -29  0
7  -8  20  0
-27  -13  17  0
-8  25  31  0
-15  10  38  0
-34  -20  38  0
-10  6  26  0
5  1  -29  0
-30  -11  -28  0
-1  33  17  0
16  25  -22  0
17  -19  -36  0
20  -25  -3  0
36  30  9  0
-13  32  39  0
-23  12  14  0
30  -21  -38  0
-5  -14  -13  0
23  -3  -17  0
-30  -6  -36  0
13  -32  -33  0
25  -2  15  0
36  9  6  0
-35  28  -33  0
19  -10  -32  0
-36  34  12  0
-8  25  32  0
-30  28  21  0
4  13  -11  0
36  7  18  0
-35  -9  22  0
-19  -8  -34  0
-18  36  9  0
22  5  34  0
38  35  -26  0
-39  -13  26  0
9  -1  -28  0
-1  31  29  0
16  -25  -24  0
35  29  10  0
24  -35  20  0
38  -26  -12  0
-6  23  25  0
24  30  -38  0
-24  -36  30  0
33  28  -25  0
7  -9  24  0
2  -19  3  0
-39  16  -19  0
5  38  1  0
34  29  1  0
-19  -35  23  0
18  -36  -11  0
31  17  13  0
26  37  -8  0
34  38  -11  0
1  -17  2  0
-37  34  12  0
8  -31  -35  0
-8  22  -1  0
2  39  40  0
21  12  -9  0
7  25  -24  0
37  24  -18  0
10  -23  -17  0
-13  -11  34  0
21  -29  37  0
-27  -19  -29  0
-18  -12  -22  0
33  5  15  0
-28  -30  8  0
-36  25  -30  0
-34  -11  -26  0
-8  28  -22  0
14  -26  12  0
-18  15  -30  0
36  10  13  0
32  -22  -8  0
39  35  -13  0
11  29  -14  0
-29  -9  -38  0
16  -36  33  0
2  8  -1  0
15  19  3  0
-40  -9  6  0
10  8  2  0
11  35  25  0
15  -14  6  0
32  -3  9  0
9  -22  -27  0
-10  32  3  0
36  -19  28  0
-11  -23  22  0
10  36  28  0
-12  -14  -25  0
22  17  -12  0
-26  -29  27  0
-37  9  -35  0
3  -6  -11  0
-35  -21  -1  0
23  30  -8  0
-8  -26  -29  0
-1  5  -33  0
-7  -27  -5  0
-37  19  -25  0
28  -36  -26  0
-6  22  21  0
-4  40  11  0
36  34  35  0
-26  16  -9  0
-5  17  -21  0
31  -18  34  0
17  -28  26  0
9  4  -10  0
-29  35  1  0
28  3  35  0
8  -27  -22  0
-23  -1  40  0
22  30  23  0
-11  15  1  0
13  14  2  0
37  -30  1  0
33  -18  15  0
-25  36  -31  0
-40  34  10  0
-24  -36  30  0
-1  -18  11  0
-24  33  -17  0
-21  31  -33  0
20  10  -27  0
-29  -6  12  0
-24  -3  17  0
-37  -3  -8  0
5  3  -24  0
-31  18  -39  0
24  -38  29  0
-24  23  5  0
-35  39  5  0
-4  22  27  0
38  -33  29  0
-32  -7  20  0
24  7  4  0
