c mkcnf random cnf with seed 217776, max clause length 3
c FORCED SATISFIABLE
c 
p cnf 40  172
-11  10  19  0
31  29  -22  0
-37  -24  6  0
12  -13  33  0
-26  -3  -35  0
-28  25  -34  0
36  7  21  0
-6  4  21  0
24  30  4  0
-31  -25  24  0
-19  33  13  0
-37  -27  15  0
-28  -4  34  0
-7  -28  -9  0
-30  -11  40  0
26  -33  12  0
35  -2  23  0
-22  20  16  0
39  -32  7  0
-34  18  40  0
-32  -36  33  0
-26  38  10  0
37  17  15  0
19  11  24  0
21  12  -15  0
26  21  -32  0
-13  -38  37  0
7  -3  23  0
-5  -7  -20  0
37  2  -39  0
10  4  23  0
-10  9  11  0
-39  35  -17  0
31  -28  1  0
12  29  -9  0
33  35  -9  0
40  -4  30  0
22  14  -15  0
33  -10  34  0
-10  -3  -5  0
30  -3  -8  0
-6  31  12  0
35  -10  -27  0
-31  -13  -24  0
27  -39  18  0
-4  -9  -16  0
-36  38  -37  0
-40  -7  9  0
30  -4  5  0
3  6  13  0
12  -32  33  0
-38  -16  35  0
-24  -29  -1  0
1  36  40  0
-22  -32  15  0
-37  -19  11  0
-32  -6  -2  0
8  20  26  0
-17  -3  14  0
-35  37  20  0
-19  -2  -20  0
-5  -1  16  0
9  13  -2  0
25  -24  4  0
5  40  4  0
-27  19  38  0
-24  13  16  0
-20  31  -10  0
24  33  29  0
38  25  -37  0
-31  -10  27  0
-40  14  16  0
9  27  34  0
-12  -3  -25  0
23  -36  -26  0
-13  -37  -35  0
31  17  -24  0
26  25  16  0
-18  -27  -12  0
4  28  -8  0
19  27  -14  0
12  18  -37  0
-21  11  29  0
-30  -15  31  0
-2  36  -21  0
23  -11  40  0
32  -17  -39  0
10  18  38  0
33  35  -5  0
-28  -9  -8  0
-35  -32  7  0
4  -28  10  0
8  -28  14  0
-1  3  22  0
18  -34  8  0
-4  -21  29  0
-36  -9  -25  0
-33  39  22  0
34  25  16  0
-13  29  30  0
30  -18  10  0
-8  -40  38  0
-4  12  -2  0
-12  13  -20  0
17  30  15  0
7  23  33  0
40  16  -2  0
37  4  31  0
22  -35  -38  0
5  17  29  0
-28  -10  -18  0
-7  -31  28  0
-14  3  2  0
14  12  19  0
22  36  25  0
33  40  10  0
-26  -6  35  0
30  6  -14  0
29  -12  -37  0
-4  38  34  0
14  -2  22  0
17  -12  -32  0
36  22  33  0
22  -28  21  0
15  40  38  0
-26  7  6  0
-34  -10  -14  0
31  27  33  0
-40  34  14  0
-17  -6  34  0
22  -39  15  0
-36  30  -9  0
13  24  -31  0
6  -20  2  0
25  -8  34  0
3  17  -20  0
36  -40  -17  0
7  16  28  0
-11  25  -36  0
37  -34  -4  0
-33  -18  25  0
20  11  18  0
4  6  12  0
10  34  -19  0
-14  7  -39  0
-23  1  -37  0
10  -11  8  0
-36  -37  39  0
22  38  24  0
-35  -20  2  0
-28  -36  25  0
-3  30  -9  0
16  -17  29  0
15  6  7  0
31  -16  -15  0
12  -31  6  0
34  -5  40  0
-28  -37  19  0
-14  -23  -36  0
31  10  -4  0
-37  21  3  0
-33  18  34  0
15  22  21  0
6  25  4  0
-6  24  -17  0
14  -28  -21  0
17  16  2  0
-5  -9  -28  0
-2  -25  18  0
10  40  -32  0
-24  33  14  0
-40  32  -17  0
