c mkcnf random cnf with seed 217831, max clause length 3
c FORCED SATISFIABLE
c 
p cnf 40  172
-17  32  38  0
10  27  -21  0
-29  15  19  0
12  -10  -29  0
-18  30  -16  0
33  -24  -7  0
-31  4  -40  0
-11  6  -27  0
-20  -38  17  0
-33  -27  31  0
28  -30  -8  0
-34  -27  -10  0
-29  -24  25  0
-38  -27  32  0
-14  -22  -39  0
27  -12  -39  0
-20  -18  -11  0
-39  14  22  0
-34  32  -26  0
-17  14  -36  0
-9  36  -8  0
24  10  -27  0
-25  32  -8  0
12  -30  23  0
17  30  -35  0
-7  35  -38  0
-1  3  22  0
29  14  -23  0
-26  19  -32  0
20  -16  35  0
12  31  34  0
5  35  2  0
-29  35  34  0
-16  -33  20  0
36  -3  -25  0
9  10  6  0
26  34  11  0
-35  12  -7  0
-8  2  37  0
-23  19  8  0
34  11  -18  0
-14  -21  -15  0
32  -40  -21  0
38  39  15  0
5  -19  -40  0
3  -17  29  0
20  -2  -34  0
-24  -37  36  0
-29  5  -27  0
-26  3  39  0
24  23  7  0
-38  -28  36  0
-37  14  20  0
-31  25  -27  0
-19  -13  -1  0
4  19  -37  0
9  -22  -28  0
-34  8  19  0
9  29  6  0
21  -8  -1  0
7  36  33  0
-2  8  37  0
13  32  -21  0
-20  -23  7  0
8  21  10  0
-8  35  -33  0
-29  6  31  0
22  -26  -18  0
-33  -3  -1  0
-18  -9  16  0
30  17  -27  0
-30  27  20  0
38  -40  18  0
-4  -29  14  0
-11  -36  20  0
7  -16  40  0
39  18  -21  0
-25  -4  -14  0
7  40  -1  0
-27  -26  31  0
20  16  -37  0
30  11  -40  0
-29  12  33  0
-30  14  17  0
-23  13  -36  0
26  23  -31  0
23  -18  -28  0
14  30  -8  0
-7  28  27  0
-5  29  -38  0
15  -17  -31  0
17  21  37  0
21  18  36  0
38  19  -29  0
-21  -8  -22  0
-40  -7  17  0
39  -20  27  0
33  -24  -6  0
-16  -4  39  0
38  35  -36  0
23  31  16  0
-15  34  -21  0
-9  38  28  0
13  -40  16  0
26  -3  -20  0
-30  40  16  0
23  -29  18  0
-20  -7  -6  0
-29  24  -8  0
23  9  -13  0
-34  -40  1  0
-10  11  -29  0
-40  36  -39  0
14  -37  -4  0
30  -35  -11  0
12  23  -11  0
-20  -34  10  0
-37  22  32  0
-4  39  -30  0
-21  7  -22  0
-24  -26  -22  0
-30  -14  39  0
23  3  -13  0
25  -2  -20  0
35  -12  34  0
-40  -4  -13  0
12  -33  4  0
24  36  16  0
-37  -15  14  0
3  5  6  0
37  40  -27  0
24  8  16  0
5  18  1  0
14  -13  -9  0
12  -40  -24  0
-2  -16  7  0
27  -36  32  0
-18  34  -20  0
16  38  7  0
-14  -4  30  0
-21  -13  25  0
-6  -21  20  0
-6  23  15  0
-34  31  -14  0
21  -8  -37  0
15  -5  -39  0
18  40  -16  0
30  -12  -9  0
-32  -13  1  0
34  -5  27  0
16  -19  -34  0
8  -20  25  0
-18  35  8  0
36  -20  -9  0
2  4  38  0
4  26  -9  0
26  -40  -32  0
2  13  11  0
-9  22  30  0
-20  1  9  0
-16  8  12  0
-40  -21  29  0
-10  13  8  0
-8  -29  -3  0
40  1  -10  0
34  -31  -5  0
20  4  -9  0
-18  -15  -34  0
21  30  40  0
33  15  -30  0
40  11  36  0
1  -18  28  0
