c mkcnf random cnf with seed 217754, max clause length 3
c FORCED SATISFIABLE
c 
p cnf 40  172
9  27  -24  0
8  15  38  0
-9  -40  -3  0
-19  20  2  0
-19  32  10  0
-11  35  -19  0
-30  24  -39  0
-33  -21  -16  0
1  23  30  0
21  26  40  0
32  12  -35  0
-33  11  10  0
34  23  21  0
-25  5  -2  0
5  -36  34  0
29  2  -31  0
-29  -18  -38  0
34  -23  27  0
18  7  -2  0
5  -30  33  0
39  12  25  0
38  28  -6  0
-20  12  -28  0
10  -26  3  0
7  -13  38  0
-33  -23  -39  0
-33  -1  -19  0
-37  15  26  0
18  -5  -33  0
1  14  -39  0
5  9  -8  0
-9  16  -37  0
-7  -27  39  0
3  -19  -4  0
-22  -10  19  0
-20  -6  -28  0
-32  -30  33  0
-28  11  12  0
-26  3  -16  0
-34  -21  -37  0
-4  -14  12  0
-12  40  7  0
-31  -29  1  0
-22  -34  -12  0
37  29  9  0
-22  -25  -29  0
13  -18  36  0
-15  1  -31  0
-8  21  -7  0
-18  -27  13  0
-40  1  3  0
38  -9  33  0
37  29  -30  0
29  30  -40  0
-15  -10  24  0
-37  -33  13  0
-5  -19  -29  0
14  -16  5  0
-15  6  3  0
-4  9  -16  0
-20  4  27  0
16  11  -25  0
21  11  36  0
34  24  -22  0
22  23  -4  0
-14  -13  36  0
-25  -11  -22  0
25  -35  -40  0
25  -8  23  0
30  17  -28  0
-23  -21  33  0
-23  15  -10  0
-31  -1  -2  0
32  26  -25  0
-33  -3  26  0
-18  3  -20  0
34  5  39  0
-10  -2  -26  0
-31  13  3  0
29  38  20  0
-4  21  18  0
30  -32  -6  0
39  12  38  0
-9  -31  1  0
-36  -33  19  0
3  29  32  0
34  4  -25  0
35  1  14  0
26  23  27  0
32  -18  -21  0
12  36  22  0
-19  7  -32  0
37  18  -36  0
-21  9  -14  0
6  24  23  0
32  40  -18  0
3  -30  25  0
8  -4  22  0
-34  -6  39  0
9  -39  -40  0
-5  15  -27  0
2  19  13  0
-23  27  33  0
-28  21  40  0
26  -1  34  0
3  37  -29  0
17  25  -18  0
16  5  -14  0
40  -34  14  0
23  32  6  0
3  23  33  0
-7  -10  -9  0
30  -6  -36  0
38  11  -7  0
36  -1  -26  0
7  -22  -13  0
-34  15  19  0
-19  36  3  0
25  22  10  0
31  -30  -2  0
26  9  -15  0
26  -25  -9  0
-9  -29  -10  0
15  -16  -9  0
-33  32  -30  0
20  -37  27  0
-26  37  -32  0
-6  2  -20  0
18  -33  26  0
15  21  -29  0
-24  8  10  0
18  -17  20  0
-15  -8  -22  0
4  14  30  0
-31  20  -19  0
25  31  38  0
35  -33  22  0
-39  35  -25  0
-30  38  -6  0
-14  36  24  0
-29  1  26  0
-37  -24  8  0
14  -8  -18  0
-9  38  -12  0
15  17  7  0
-28  39  -16  0
-18  -11  5  0
28  -14  9  0
-33  -36  38  0
-14  33  34  0
10  32  18  0
16  4  31  0
22  5  4  0
19  25  6  0
-19  -23  11  0
3  -37  -38  0
38  37  8  0
23  11  -16  0
-14  34  6  0
-30  31  -26  0
-30  -22  -15  0
-4  -20  -29  0
24  29  26  0
-3  -38  -2  0
2  -10  24  0
20  14  17  0
4  -32  29  0
-3  -20  4  0
34  -24  27  0
-31  -37  9  0
-23  -29  36  0
-28  36  -38  0
