c mkcnf random cnf with seed 217798, max clause length 3
c FORCED SATISFIABLE
c 
p cnf 40  172
13  -11  -10  0
13  28  30  0
35  27  29  0
-40  -33  22  0
20  -11  -29  0
12  -9  -40  0
35  36  28  0
-19  13  -29  0
3  36  32  0
-21  -18  36  0
-2  -22  -9  0
-24  15  21  0
-18  -15  -1  0
-10  -12  6  0
-4  -16  -12  0
8  -1  29  0
17  30  -18  0
7  28  -15  0
-21  -9  -7  0
-7  21  23  0
-13  -17  36  0
-35  -39  24  0
23  -7  -37  0
-22  30  31  0
-3  37  -5  0
-1  7  -17  0
2  31  27  0
17  -39  -23  0
13  -34  30  0
35  -29  30  0
-24  -21  16  0
29  -2  -17  0
-32  -28  12  0
-28  13  5  0
-7  -27  20  0
2  -27  -7  0
10  -30  15  0
-18  29  2  0
-9  -33  25  0
25  -11  -16  0
-18  35  -38  0
33  10  39  0
17  -30  5  0
-28  40  36  0
-40  -19  37  0
33  -28  -29  0
6  26  -18  0
22  -4  -29  0
29  -36  9  0
36  30  -17  0
-2  -18  -40  0
34  -29  15  0
-30  5  -2  0
2  -7  35  0
-39  17  -5  0
14  -38  26  0
12  -6  -36  0
-25  -8  -12  0
-2  6  -31  0
2  -21  4  0
-3  7  39  0
39  -12  19  0
31  40  10  0
21  15  7  0
-3  -28  -17  0
-10  -30  40  0
-26  8  -13  0
25  5  -39  0
26  11  -30  0
-32  -6  -24  0
-6  -2  34  0
-8  -1  7  0
29  19  26  0
-2  22  -4  0
39  18  30  0
15  31  7  0
26  -16  38  0
-30  -13  14  0
38  15  -7  0
-19  -30  -22  0
14  -12  11  0
-5  -7  -12  0
-2  -26  -18  0
-24  -26  -18  0
-38  -19  20  0
1  29  -30  0
17  -20  -22  0
23  -11  -39  0
28  22  -16  0
31  2  14  0
-12  2  -27  0
17  31  -36  0
1  29  -12  0
-9  31  -32  0
-11  -7  12  0
-38  -6  33  0
24  13  33  0
-24  -4  14  0
18  40  -10  0
10  32  -20  0
3  29  13  0
-3  20  21  0
39  25  35  0
-16  -11  -7  0
18  -37  -34  0
-1  28  -2  0
-28  10  14  0
38  25  -26  0
27  -37  20  0
3  28  -30  0
-27  -9  -20  0
29  -17  -5  0
-30  -27  -8  0
1  -26  3  0
24  -14  -19  0
-23  16  -31  0
-32  -4  20  0
34  6  36  0
-3  34  29  0
9  40  -27  0
32  14  30  0
24  33  -17  0
-17  -22  14  0
26  33  18  0
-7  30  37  0
-20  -22  -13  0
-23  -11  -4  0
-34  -14  2  0
8  9  23  0
8  30  -10  0
-33  -11  3  0
-32  5  16  0
-30  -20  2  0
8  -2  4  0
38  4  -19  0
8  -34  -4  0
-15  -12  33  0
-9  24  -11  0
30  21  -28  0
5  13  -14  0
-28  -32  -2  0
31  -28  -25  0
-20  39  6  0
14  -16  25  0
10  36  -37  0
8  -15  38  0
-31  -8  33  0
-22  9  18  0
20  -21  -28  0
-24  25  -8  0
-4  36  -29  0
-10  -17  24  0
-1  -20  22  0
29  -6  25  0
25  -14  6  0
33  30  1  0
22  14  -10  0
-32  1  -18  0
-17  33  -30  0
29  -25  -34  0
14  -7  -25  0
-18  30  -29  0
-5  18  40  0
-20  -34  26  0
-17  -6  37  0
-31  34  40  0
-13  34  -40  0
-12  -3  -37  0
-27  -3  13  0
15  17  -32  0
-40  32  29  0
-6  -26  15  0
