c mkcnf random cnf with seed 217780, max clause length 3
c FORCED SATISFIABLE
c 
p cnf 40  172
12  -21  -28  0
21  7  24  0
-1  -22  -24  0
-31  -8  13  0
31  -7  26  0
-22  -6  -12  0
-9  30  2  0
-14  34  8  0
27  -17  18  0
-11  9  26  0
22  -32  -21  0
-32  27  37  0
14  -34  -18  0
-12  11  26  0
-22  -23  15  0
-29  33  -28  0
-1  -32  -35  0
15  -18  -4  0
11  -19  -37  0
23  20  11  0
21  -32  9  0
-20  30  -11  0
13  22  33  0
40  -38  11  0
-13  -24  -22  0
32  26  19  0
40  17  21  0
28  33  -37  0
28  40  -36  0
26  -3  17  0
-37  -15  4  0
7  -8  -39  0
-4  1  -38  0
-29  -35  38  0
-40  16  -26  0
28  36  19  0
13  -3  -21  0
-7  16  28  0
-14  -11  -25  0
-3  37  4  0
16  14  -7  0
6  -12  -2  0
9  -22  29  0
-23  1  -16  0
-14  18  4  0
-17  -20  2  0
22  -11  -24  0
-25  1  17  0
10  -16  5  0
40  -20  -35  0
-29  36  34  0
-35  28  4  0
-34  23  -30  0
-18  -1  11  0
-30  -7  -38  0
17  21  -13  0
14  4  -39  0
4  -33  -2  0
3  -28  35  0
-5  -15  -36  0
-20  -31  9  0
2  18  -12  0
-15  7  -37  0
6  37  18  0
13  16  -2  0
-35  -36  17  0
16  4  9  0
-23  13  -22  0
-19  9  -2  0
-39  -15  -9  0
13  -27  4  0
37  -33  14  0
35  -36  -13  0
8  -30  -25  0
-28  -3  5  0
13  9  24  0
20  9  13  0
-36  29  20  0
-15  29  -17  0
29  14  -26  0
-15  -27  -37  0
-2  25  19  0
-5  8  37  0
8  14  -31  0
-20  9  11  0
-40  -4  31  0
-33  18  -29  0
23  -34  -18  0
10  31  5  0
8  -12  -1  0
38  31  -32  0
16  -1  -7  0
-9  30  -11  0
8  30  23  0
-27  -21  -2  0
-28  5  32  0
17  -15  -32  0
15  -27  30  0
10  -5  22  0
-2  15  33  0
9  -19  -6  0
14  -31  -38  0
19  -1  -2  0
36  -33  -15  0
5  -30  -4  0
34  32  -38  0
-23  37  30  0
21  5  7  0
-2  -12  31  0
16  -25  11  0
18  6  28  0
-22  -18  -35  0
10  8  19  0
15  29  27  0
28  -4  -6  0
35  -3  30  0
-39  12  29  0
-34  -27  15  0
-30  26  29  0
-15  5  30  0
20  29  2  0
-1  -35  -17  0
24  17  -30  0
4  -18  3  0
-8  -3  25  0
-23  -29  21  0
-40  30  -8  0
-35  4  3  0
6  -8  21  0
-15  34  -5  0
-12  -37  -17  0
15  3  16  0
-33  -9  23  0
-14  -33  20  0
14  -1  29  0
-26  7  2  0
25  -26  12  0
-25  -37  5  0
-3  32  34  0
16  24  -34  0
-26  33  -40  0
-24  -5  -25  0
5  2  31  0
12  -18  -22  0
2  -7  5  0
-35  -9  -12  0
6  3  -34  0
-18  -9  -6  0
-11  -10  -12  0
-3  30  40  0
7  -11  -26  0
-3  -12  18  0
1  6  9  0
-39  32  -7  0
-2  19  -5  0
-13  18  -39  0
17  -29  28  0
-33  15  -16  0
-26  25  -22  0
-9  -18  14  0
-11  -7  -33  0
15  -1  -20  0
16  -15  31  0
-16  4  3  0
-20  2  -31  0
4  -15  -22  0
-5  22  -14  0
34  -2  -29  0
-33  22  -5  0
34  6  -37  0
1  12  6  0
2  28  3  0
