c mkcnf random cnf with seed 217774, max clause length 3
c FORCED SATISFIABLE
c 
p cnf 40  172
-11  -24  -34  0
-36  23  15  0
21  -20  -31  0
-30  -37  38  0
-28  5  1  0
34  31  33  0
29  6  35  0
-2  -40  8  0
6  14  -37  0
-29  1  5  0
-12  -29  26  0
32  -9  11  0
-39  -35  -16  0
26  16  40  0
-24  -21  26  0
22  -9  2  0
10  40  12  0
-19  37  -38  0
-18  25  -9  0
-40  -19  3  0
6  -11  -15  0
-11  37  -9  0
36  -35  -40  0
12  -40  33  0
18  2  26  0
15  39  11  0
35  -26  -38  0
21  4  -36  0
28  35  -34  0
-22  -20  -17  0
29  -3  -16  0
11  -30  23  0
-16  3  -28  0
-7  -10  -29  0
-11  -23  40  0
-14  34  -21  0
13  16  8  0
10  -16  1  0
38  -4  -30  0
-34  17  26  0
32  -12  -23  0
2  -1  -36  0
31  21  -26  0
-39  -11  -36  0
-26  -32  -24  0
13  25  16  0
-6  -18  34  0
36  -3  -24  0
39  -16  7  0
8  36  26  0
-10  -3  37  0
-29  5  17  0
-14  33  17  0
-4  -9  -29  0
-7  -16  -40  0
-11  32  4  0
12  -36  29  0
3  -33  -19  0
34  -18  -9  0
-12  -16  -5  0
-35  15  -29  0
8  -34  12  0
38  -7  -22  0
26  -33  -22  0
36  -39  37  0
20  -21  -3  0
-7  -19  23  0
10  -9  33  0
-29  9  -18  0
-18  6  15  0
38  22  12  0
-20  -17  38  0
-27  -17  -21  0
-12  27  35  0
1  13  30  0
6  40  -7  0
-26  5  35  0
-18  -21  38  0
-16  -34  19  0
-1  32  37  0
5  -14  23  0
18  -27  28  0
18  6  14  0
-40  -11  -8  0
-2  -8  5  0
-30  -16  -6  0
-20  -16  13  0
-19  18  -1  0
-22  -7  -5  0
32  -22  16  0
5  -39  32  0
-37  24  8  0
-34  32  18  0
38  8  -32  0
-26  38  4  0
-15  18  -28  0
-14  -8  4  0
-32  9  -7  0
23  -20  -10  0
35  2  -8  0
4  -20  -12  0
5  -24  19  0
-3  -1  32  0
-22  -10  19  0
-6  -38  27  0
-28  -34  -19  0
-37  -5  -20  0
14  -7  12  0
-5  12  6  0
19  21  36  0
29  26  13  0
9  39  -3  0
-21  10  -12  0
22  -19  -30  0
25  19  -36  0
-20  16  -25  0
-12  34  -23  0
8  12  11  0
37  13  32  0
38  -15  40  0
-34  24  5  0
1  -17  -4  0
8  -19  -15  0
-17  -6  -8  0
-28  -29  37  0
40  8  30  0
20  -7  19  0
39  15  -8  0
13  -11  16  0
-29  -5  -37  0
34  -35  -9  0
11  3  13  0
-1  29  -18  0
27  -24  -10  0
11  -17  14  0
20  30  -31  0
-34  9  -27  0
-2  -8  -18  0
16  34  -5  0
-18  -12  -8  0
-24  32  6  0
-11  -29  -39  0
9  -29  -32  0
34  10  -7  0
39  27  29  0
-19  -15  -11  0
-30  -23  28  0
-32  5  -30  0
19  12  -31  0
-10  -17  27  0
-34  -27  -32  0
-4  40  -22  0
-27  -11  31  0
26  39  -19  0
15  -10  -35  0
-19  -29  11  0
7  -16  -32  0
-4  19  -25  0
-30  39  24  0
1  28  -37  0
-29  -34  -30  0
16  12  35  0
-22  15  30  0
-7  1  -36  0
23  18  -5  0
-21  12  4  0
34  2  6  0
-21  40  10  0
39  5  -25  0
-15  37  35  0
33  -4  -11  0
30  -10  29  0
