c mkcnf random cnf with seed 217781, max clause length 3
c FORCED SATISFIABLE
c 
p cnf 40  172
12  -34  -21  0
-8  4  -29  0
18  16  -29  0
33  -27  20  0
23  -15  1  0
-8  18  -30  0
-9  -37  -30  0
-37  -23  11  0
-24  2  -4  0
29  2  -17  0
35  -39  21  0
23  24  -1  0
12  9  15  0
-20  -32  15  0
-14  -4  -3  0
21  33  23  0
-14  12  -21  0
9  38  8  0
28  4  -24  0
17  19  39  0
1  -10  8  0
-2  -21  4  0
36  24  -27  0
11  15  9  0
-24  36  29  0
6  7  31  0
-19  -7  -36  0
-2  -26  15  0
8  37  -9  0
29  -17  -33  0
-11  4  -3  0
34  27  -6  0
2  40  -36  0
13  20  36  0
-5  20  36  0
-12  7  -1  0
27  -35  -5  0
-18  28  40  0
17  37  -14  0
-9  -27  40  0
3  -40  8  0
34  -37  -28  0
-26  -13  -19  0
-33  35  19  0
-11  2  15  0
-32  -7  -6  0
-1  27  10  0
12  -11  8  0
31  6  14  0
-13  -21  -1  0
-33  37  35  0
4  24  -26  0
-26  -19  -27  0
-25  -29  -23  0
17  -11  30  0
-31  -4  18  0
-40  2  15  0
-40  -36  -29  0
-11  3  8  0
-12  -19  40  0
-27  34  6  0
40  -25  22  0
26  31  9  0
-17  27  -14  0
7  25  38  0
-14  -9  -35  0
19  6  -23  0
27  -29  10  0
-1  7  -35  0
-9  -36  39  0
-14  29  -21  0
14  32  36  0
39  -20  -11  0
9  -16  29  0
-29  -2  -32  0
31  14  -35  0
12  13  4  0
-29  16  4  0
28  10  -37  0
-4  33  25  0
11  -23  21  0
39  26  10  0
6  2  -19  0
25  2  -24  0
-37  22  7  0
-10  -24  16  0
36  -4  -13  0
5  -6  21  0
-1  -7  -20  0
21  -36  -5  0
33  -30  7  0
-36  21  38  0
-1  -12  -32  0
-1  10  -6  0
26  18  20  0
-15  -40  -3  0
21  -27  13  0
9  36  3  0
-21  6  33  0
-35  27  -6  0
9  20  14  0
24  39  -32  0
-3  7  -8  0
-9  23  6  0
-8  34  -17  0
36  -38  -14  0
11  -38  -31  0
-11  4  26  0
37  -31  24  0
-32  -37  29  0
2  -28  26  0
-30  17  21  0
7  -21  34  0
1  16  32  0
-7  10  5  0
37  -5  -28  0
-28  11  26  0
28  2  -33  0
19  -6  38  0
-13  -15  19  0
-37  22  -36  0
-23  15  -33  0
-37  -1  3  0
29  -36  -7  0
14  22  38  0
21  -30  -26  0
-14  -30  29  0
27  -33  5  0
18  29  -37  0
-8  -31  36  0
-19  -33  -2  0
13  -19  -8  0
9  -15  16  0
-15  8  40  0
-38  -30  26  0
-25  -16  8  0
6  -2  -24  0
38  -11  -16  0
-16  6  39  0
34  -22  14  0
-1  -28  36  0
5  14  -36  0
13  -30  22  0
26  -38  33  0
-19  8  -1  0
-29  37  -13  0
-31  29  -35  0
13  -9  -29  0
8  40  -17  0
23  -35  30  0
-4  40  -12  0
-18  5  25  0
-6  -22  25  0
-38  -34  -4  0
33  14  16  0
15  -8  27  0
24  -4  -10  0
-9  2  -17  0
1  -21  29  0
39  -14  -3  0
-12  5  -1  0
-21  32  15  0
17  22  -38  0
-21  9  -2  0
-32  -6  39  0
13  -19  -35  0
31  -6  36  0
29  -4  -13  0
-35  26  -3  0
24  10  -38  0
-23  -2  -24  0
-8  36  -14  0
