c mkcnf random cnf with seed 217813, max clause length 3
c FORCED SATISFIABLE
c 
p cnf 40  172
15  -2  -16  0
-1  -13  32  0
25  16  12  0
24  -25  26  0
25  20  23  0
-28  29  31  0
26  21  20  0
34  -4  18  0
-25  -9  -8  0
-31  34  -4  0
-19  -29  -23  0
-16  40  21  0
2  -11  18  0
33  -34  26  0
-11  26  -17  0
25  -21  -8  0
-5  16  37  0
-15  21  -38  0
-26  24  -7  0
-36  -14  -1  0
29  -30  -40  0
-27  2  -9  0
23  12  -17  0
35  -21  -23  0
-13  -35  -11  0
-21  10  40  0
35  -23  -3  0
13  40  -22  0
-31  -39  -18  0
-2  20  5  0
34  -2  40  0
-31  -36  37  0
-39  25  24  0
12  2  31  0
18  -7  -21  0
10  24  -33  0
-22  16  6  0
-1  -34  -2  0
-20  -12  -16  0
-27  -12  -11  0
40  -1  13  0
-7  -40  -3  0
-27  33  31  0
-37  -13  -29  0
38  19  -9  0
-33  11  40  0
-28  22  29  0
6  -14  38  0
-10  18  -28  0
28  -29  5  0
-8  -22  32  0
32  -40  -22  0
3  26  -12  0
-20  -37  -11  0
7  11  35  0
9  12  7  0
34  -23  -4  0
29  32  -30  0
-23  -33  -12  0
-21  6  -2  0
39  -5  -33  0
-37  4  32  0
-12  -39  35  0
-15  -33  22  0
23  -24  18  0
31  35  -22  0
27  9  20  0
-24  22  -12  0
-31  -39  -6  0
-10  35  -23  0
-16  38  -3  0
-11  20  2  0
37  -1  26  0
1  -2  -17  0
-25  -2  8  0
18  21  19  0
-27  9  12  0
4  10  -16  0
-33  -12  -25  0
-38  -40  30  0
-4  -14  38  0
25  -18  24  0
-35  6  -27  0
11  24  22  0
-24  30  -8  0
-1  -33  -14  0
-3  20  -6  0
19  -34  1  0
-13  35  22  0
27  16  -37  0
20  -23  34  0
-7  -8  22  0
-40  -30  -8  0
-18  -8  -19  0
-3  -23  11  0
25  2  -39  0
32  10  -13  0
8  7  35  0
19  -10  -37  0
5  -13  -18  0
15  -18  -20  0
35  2  4  0
-4  -27  37  0
-33  -20  -15  0
4  11  -30  0
-18  -29  16  0
19  -6  4  0
-14  -1  -9  0
-6  -18  -22  0
28  16  37  0
35  32  -3  0
-13  32  -1  0
5  14  28  0
8  -15  -9  0
5  39  13  0
1  3  -38  0
-33  -28  -38  0
-1  26  -33  0
23  5  -33  0
28  -15  11  0
22  -25  11  0
-15  23  39  0
-34  -1  -28  0
-24  -5  23  0
-34  18  -32  0
22  -32  34  0
-3  14  21  0
-33  8  -34  0
-5  16  7  0
-6  7  36  0
-3  34  23  0
15  -18  -6  0
31  -32  6  0
-26  32  35  0
-25  -17  24  0
14  -7  -4  0
-14  30  36  0
-2  24  40  0
-3  36  18  0
-34  -4  17  0
-39  -25  -2  0
-28  20  -6  0
-28  -2  -5  0
-34  28  -7  0
15  -4  -40  0
35  25  -13  0
16  -25  24  0
26  -10  -24  0
-18  30  19  0
-23  -24  4  0
-10  -2  38  0
-19  -36  -26  0
9  18  5  0
39  -7  -20  0
33  -34  -12  0
-1  -21  -7  0
29  -28  4  0
30  39  25  0
12  -37  -1  0
23  5  -27  0
32  -31  7  0
-6  -24  39  0
32  -28  17  0
-6  8  -23  0
-26  8  28  0
-28  -9  -38  0
37  12  9  0
-17  27  -19  0
-31  32  39  0
-17  -39  31  0
-8  -27  -4  0
5  -23  -28  0
