c mkcnf random cnf with seed 217815, max clause length 3
c FORCED SATISFIABLE
c 
p cnf 40  172
-15  -28  -40  0
3  12  8  0
23  25  6  0
4  35  -24  0
12  -2  -16  0
-22  3  -39  0
15  -22  -10  0
-21  -1  9  0
11  10  39  0
28  3  -40  0
-21  32  39  0
-9  -18  -22  0
-23  29  27  0
31  3  22  0
35  12  36  0
-6  31  -15  0
14  -31  32  0
-22  19  18  0
17  35  -12  0
24  -27  -17  0
35  -9  -21  0
27  33  32  0
15  30  13  0
-5  -14  18  0
-6  13  35  0
20  17  33  0
-28  32  27  0
12  7  -14  0
-35  1  -25  0
35  -5  4  0
11  -40  32  0
-12  -28  -27  0
24  22  -33  0
24  -13  -21  0
-18  -24  32  0
-3  -34  -30  0
-9  -36  -6  0
-34  -23  36  0
-1  21  -19  0
6  -28  -23  0
20  -2  -12  0
14  -32  30  0
-12  -36  18  0
28  -34  -26  0
36  30  26  0
9  -25  11  0
3  -19  11  0
-33  28  -40  0
-23  -21  18  0
-14  -3  -36  0
18  -34  28  0
14  11  -36  0
20  -1  39  0
31  -4  36  0
-22  -2  14  0
18  5  -13  0
-19  17  14  0
-17  16  -22  0
8  33  39  0
-6  10  -32  0
-18  5  -28  0
24  -32  25  0
11  6  39  0
12  15  3  0
19  16  14  0
-4  6  2  0
33  -15  12  0
19  -35  -17  0
16  -30  40  0
4  -30  -17  0
22  -28  -18  0
36  -13  27  0
23  -32  28  0
-21  1  -5  0
-28  32  -15  0
-25  -8  11  0
28  -9  -13  0
32  17  25  0
-20  -37  -2  0
1  -40  -14  0
-18  -26  33  0
-14  12  5  0
18  -32  14  0
-8  -22  -21  0
26  -6  -30  0
-9  -1  -29  0
-32  33  3  0
17  24  -12  0
29  -25  -31  0
13  11  36  0
-21  -40  37  0
33  3  39  0
39  -40  1  0
-22  12  -10  0
13  18  -37  0
-2  -7  -31  0
15  -2  -40  0
-24  -39  25  0
13  -21  -1  0
19  31  -13  0
-37  1  -34  0
-40  14  12  0
23  14  -8  0
9  -16  31  0
27  2  -36  0
-8  35  -10  0
11  -26  19  0
19  -6  27  0
10  -36  5  0
11  -31  -9  0
-32  -34  17  0
33  34  4  0
-3  17  10  0
30  -12  -1  0
-21  18  -24  0
11  -17  -15  0
-9  16  7  0
-32  -17  -4  0
-5  -34  33  0
-17  -26  -5  0
25  -9  -27  0
-26  -20  19  0
-8  27  -9  0
-31  -35  -27  0
18  4  -40  0
35  -39  7  0
29  -28  -10  0
2  32  -12  0
1  25  5  0
-4  32  -16  0
-15  37  -36  0
-36  17  -31  0
-34  -18  -11  0
-7  -17  37  0
-2  -27  25  0
-36  35  23  0
29  10  17  0
-7  -17  16  0
8  4  -3  0
-13  20  2  0
28  -20  3  0
-20  40  13  0
-21  -12  17  0
30  20  -24  0
-2  8  -36  0
-36  -2  -38  0
33  -31  -14  0
1  19  -27  0
-10  -26  13  0
8  -15  4  0
-16  9  -3  0
-20  32  -35  0
-21  -16  9  0
-26  17  35  0
32  -30  17  0
37  11  -32  0
18  -40  -15  0
-19  15  -18  0
21  -3  31  0
32  -34  -14  0
32  -10  -39  0
35  -31  38  0
-10  -20  -38  0
8  13  37  0
25  39  1  0
-33  8  -37  0
-34  24  -5  0
18  -14  -38  0
-22  28  -13  0
40  5  -33  0
26  -19  -36  0
8  -10  12  0
