c mkcnf random cnf with seed 217770, max clause length 3
c FORCED SATISFIABLE
c 
p cnf 40  172
-11  13  25  0
32  28  12  0
-2  -26  12  0
-24  40  -29  0
22  24  -13  0
-8  -9  18  0
-11  -21  7  0
-23  -32  -20  0
-16  -36  23  0
-18  11  23  0
-39  -1  -5  0
-34  31  13  0
-40  -4  -27  0
15  13  6  0
30  -27  -8  0
-12  -38  26  0
33  2  26  0
-9  -30  17  0
-33  -32  2  0
15  -37  -32  0
-11  -36  -12  0
5  39  20  0
-19  -10  11  0
34  -9  12  0
-1  -34  -39  0
-4  5  33  0
-14  -16  -25  0
24  -33  -32  0
4  9  16  0
-15  36  14  0
29  17  13  0
-15  -39  -18  0
28  -5  -26  0
-33  -12  -1  0
-25  -39  -20  0
37  -12  29  0
-5  -23  -24  0
-8  -15  -35  0
-9  5  -16  0
28  15  -23  0
-2  -3  27  0
35  19  4  0
-38  5  -20  0
27  -1  -9  0
20  5  -26  0
39  -14  37  0
-7  22  -19  0
-24  29  -30  0
22  23  -30  0
36  -33  38  0
-22  31  -30  0
12  24  -38  0
31  -39  -29  0
-11  -33  21  0
25  39  -40  0
40  1  37  0
9  -18  33  0
32  8  -4  0
27  -15  21  0
-6  35  22  0
1  -24  39  0
38  -34  12  0
14  32  38  0
-31  24  -11  0
-16  -27  -37  0
26  -40  -32  0
13  -14  25  0
-26  28  -4  0
6  29  -33  0
6  31  -25  0
-17  28  1  0
19  5  16  0
23  -36  2  0
40  23  36  0
-5  40  22  0
-10  -16  -36  0
22  -38  32  0
3  28  -12  0
6  37  -33  0
33  -35  -9  0
-13  3  -24  0
28  40  -35  0
22  -23  -17  0
-4  -17  26  0
-21  -5  -30  0
-23  -39  22  0
14  39  -5  0
-31  15  8  0
-5  33  -13  0
-9  39  7  0
-11  34  -35  0
-36  -12  16  0
4  14  -38  0
40  15  9  0
18  4  20  0
-19  34  -22  0
-29  2  -22  0
5  33  8  0
-10  16  -20  0
7  -32  -2  0
-13  20  29  0
-24  22  -33  0
28  -22  -34  0
23  -21  -5  0
-30  -15  33  0
-22  30  -40  0
-17  38  19  0
-4  24  3  0
11  -36  -31  0
4  -1  33  0
-1  40  20  0
-3  -39  -12  0
-17  -7  -38  0
-40  -7  18  0
36  -25  -38  0
13  34  14  0
-14  -19  20  0
17  22  -13  0
2  -13  27  0
28  21  19  0
26  -28  -39  0
13  -18  -33  0
30  6  12  0
22  7  14  0
36  34  -17  0
14  18  -37  0
-21  -23  5  0
-8  -25  31  0
33  31  3  0
-3  15  -31  0
-14  38  -13  0
-24  -26  4  0
25  8  30  0
-8  -23  11  0
32  -13  15  0
14  10  7  0
7  -6  -25  0
-20  9  -33  0
32  35  -11  0
31  -17  -29  0
23  -3  12  0
27  -40  -31  0
18  -8  -14  0
-37  26  27  0
11  -29  6  0
19  3  26  0
25  10  -1  0
-17  -20  23  0
1  -20  -33  0
40  -17  8  0
8  -19  -23  0
-38  -37  13  0
22  -20  39  0
-36  -30  33  0
15  -2  -30  0
-23  6  17  0
-27  -37  -22  0
37  -31  -7  0
35  -21  18  0
-22  -34  12  0
8  9  -10  0
-34  17  9  0
37  -23  -8  0
-21  29  -38  0
31  -38  -7  0
-5  -26  -10  0
-4  -22  2  0
-13  -39  12  0
-2  -32  37  0
-23  32  -15  0
-10  -35  20  0
25  -6  -1  0
