c mkcnf random cnf with seed 217764, max clause length 3
c FORCED SATISFIABLE
c 
p cnf 40  172
-10  -16  -31  0
-26  -30  -19  0
19  36  15  0
28  6  -20  0
-1  23  -28  0
-17  -38  18  0
32  -9  -6  0
17  12  27  0
-40  35  -24  0
-5  -7  12  0
-2  23  15  0
29  25  23  0
3  -32  -22  0
-12  -38  -39  0
-26  30  -13  0
9  -27  15  0
-34  17  -38  0
-25  -14  1  0
-12  -11  -8  0
27  -1  -35  0
1  35  -20  0
33  -29  -39  0
24  -37  -9  0
-24  -37  -20  0
21  -11  15  0
19  30  -6  0
18  -12  16  0
23  32  6  0
-2  -12  22  0
-1  23  -11  0
-36  -31  -17  0
-37  -30  4  0
7  -4  -14  0
25  30  -6  0
-6  -18  -25  0
24  -19  -40  0
-40  27  13  0
30  -31  -23  0
-4  -12  37  0
40  27  -15  0
-32  29  -15  0
15  -25  30  0
-36  -19  10  0
-38  27  23  0
-12  19  15  0
7  -32  -31  0
23  -28  -9  0
-14  -37  1  0
31  15  -13  0
-9  12  11  0
-37  -24  -39  0
9  -23  17  0
-39  1  28  0
-12  22  -26  0
2  22  19  0
-1  -17  -13  0
-10  35  28  0
-16  1  17  0
-29  12  25  0
4  34  -33  0
-10  1  -25  0
-15  -34  13  0
21  -28  10  0
-5  6  36  0
-15  19  -16  0
26  -16  38  0
36  38  -14  0
-26  -10  -7  0
-13  18  37  0
-31  29  -21  0
18  23  14  0
-22  9  5  0
-34  38  -5  0
-29  -20  40  0
-39  -11  -6  0
24  -27  29  0
29  -11  -9  0
-32  -26  -35  0
30  -37  3  0
22  -6  38  0
-15  -27  -1  0
-25  8  -15  0
-23  2  31  0
-39  36  21  0
40  30  2  0
-26  -15  -36  0
24  29  35  0
7  39  31  0
-2  -4  8  0
-34  33  30  0
-35  -13  9  0
-32  -34  -40  0
23  16  34  0
6  -3  -12  0
-19  39  38  0
15  -27  5  0
36  -37  32  0
-13  -35  27  0
3  -25  34  0
-11  29  20  0
-1  -6  37  0
-30  37  -32  0
37  -14  -10  0
17  -6  31  0
-5  13  -20  0
26  -37  20  0
5  -6  31  0
32  1  29  0
-36  23  16  0
-40  39  -16  0
-27  15  24  0
8  13  -17  0
-37  -38  13  0
15  -38  22  0
-29  -30  24  0
-27  -25  36  0
-15  11  -17  0
-21  20  23  0
-14  -33  -36  0
35  -27  -24  0
-14  34  -3  0
40  -38  26  0
-12  18  33  0
-40  7  27  0
-2  31  6  0
28  -36  -22  0
-20  -13  -34  0
36  10  -24  0
22  -2  -11  0
-35  29  -38  0
-11  30  14  0
29  23  -16  0
-26  40  10  0
21  -39  31  0
-19  26  32  0
37  -19  -34  0
-27  36  17  0
-21  -28  11  0
-27  28  -5  0
-15  32  -38  0
38  -1  -32  0
-37  15  18  0
33  -24  29  0
18  14  -12  0
30  -39  -19  0
-9  -33  4  0
-10  -21  -37  0
-31  30  -1  0
-4  -24  -35  0
36  19  7  0
29  28  7  0
-4  12  31  0
23  3  -24  0
-2  4  -10  0
38  -20  -15  0
24  19  5  0
9  40  4  0
27  -3  31  0
13  37  -34  0
-21  32  -30  0
-28  -36  38  0
7  -17  2  0
4  -1  39  0
-33  -32  17  0
-14  -23  -40  0
-37  -32  25  0
36  6  20  0
-38  17  -32  0
6  7  30  0
-12  -30  -14  0
20  -16  -3  0
17  -19  -8  0
