c mkcnf random cnf with seed 217763, max clause length 3
c FORCED SATISFIABLE
c 
p cnf 40  172
-10  -4  -38  0
3  15  9  0
15  8  30  0
20  -8  17  0
-23  6  9  0
-31  -34  29  0
1  3  -19  0
10  -31  28  0
7  31  23  0
-26  37  31  0
21  19  37  0
22  -21  -27  0
-6  -25  28  0
-24  -17  -7  0
-36  -30  -40  0
16  32  -23  0
-17  -36  -5  0
-8  38  -13  0
-13  -32  2  0
-35  -19  -15  0
3  30  -38  0
17  -22  -18  0
17  35  36  0
-10  -38  -26  0
-25  28  -36  0
30  -21  25  0
24  -37  -34  0
-22  40  31  0
11  -30  -9  0
12  15  -23  0
2  -9  22  0
-31  9  -7  0
31  -1  -12  0
-38  37  26  0
-9  36  -26  0
39  10  18  0
-14  -27  35  0
5  -15  -31  0
-19  -23  13  0
14  -37  -39  0
14  -31  -8  0
-33  19  31  0
13  -33  -29  0
3  -20  19  0
13  2  1  0
34  -13  2  0
-23  36  -12  0
24  -20  15  0
3  17  -40  0
13  30  -11  0
6  -25  20  0
28  -6  -29  0
-19  6  30  0
37  -32  15  0
20  4  -34  0
-36  38  -27  0
-33  32  16  0
-36  17  -26  0
34  -2  27  0
-28  -40  29  0
8  13  -11  0
-31  23  -39  0
-12  -3  25  0
-9  -33  -20  0
34  -1  -36  0
33  28  5  0
-2  -10  33  0
-6  -37  -34  0
-17  -15  -34  0
26  -4  29  0
34  40  -28  0
22  7  5  0
-37  -21  -34  0
-23  -19  -6  0
20  7  3  0
-28  -38  23  0
12  15  -40  0
18  29  2  0
3  -34  -20  0
-21  28  34  0
6  -18  -16  0
20  15  -39  0
40  3  -29  0
-33  -5  -3  0
8  29  -5  0
-33  -15  1  0
27  -35  -18  0
-7  -5  36  0
-26  -8  -28  0
-16  -14  3  0
8  6  28  0
-2  30  -27  0
23  5  35  0
-37  -16  -24  0
15  -29  -1  0
20  6  -36  0
-2  -1  -36  0
-34  -7  28  0
23  -7  10  0
-5  -35  20  0
-30  -4  17  0
35  17  25  0
39  -16  -2  0
-28  37  17  0
3  -34  -30  0
-38  -21  -1  0
-33  4  -16  0
-39  22  -29  0
37  7  27  0
-19  -4  30  0
-12  -13  -40  0
-21  11  -22  0
12  36  -13  0
40  32  10  0
3  25  10  0
23  -34  -31  0
-28  -23  30  0
-15  16  -19  0
25  -2  33  0
-8  6  22  0
-36  -2  -29  0
18  16  40  0
17  36  -40  0
-29  27  10  0
21  5  -3  0
-23  19  29  0
-23  30  -7  0
-16  23  36  0
-33  -39  32  0
-15  16  -8  0
-6  -10  36  0
2  -1  -37  0
-13  28  -12  0
-4  18  -11  0
31  4  30  0
3  -8  -7  0
19  -10  -17  0
-36  10  39  0
-17  33  30  0
40  33  34  0
-29  27  7  0
-6  -5  -23  0
22  23  -25  0
2  6  4  0
-16  -15  1  0
-14  -11  -3  0
20  -3  38  0
40  -27  26  0
40  39  3  0
-12  -21  31  0
-37  39  31  0
20  6  39  0
5  4  -26  0
18  23  8  0
7  1  19  0
16  9  -6  0
-13  18  32  0
-6  5  33  0
-14  -9  -34  0
-29  -39  22  0
19  12  -24  0
15  12  -6  0
35  -20  -1  0
-1  16  -24  0
6  35  1  0
-18  39  31  0
-14  20  39  0
-8  5  -34  0
-38  21  -26  0
8  -14  37  0
-8  12  37  0
16  17  11  0
