c mkcnf random cnf with seed 217845, max clause length 3
c FORCED SATISFIABLE
c 
p cnf 40  172
18  11  3  0
28  6  9  0
31  -21  28  0
-34  -27  5  0
33  18  -28  0
-40  10  24  0
27  -35  15  0
24  39  13  0
40  13  6  0
-11  -26  17  0
8  24  -30  0
35  -7  6  0
-6  7  23  0
27  -38  3  0
10  -1  -5  0
31  -34  -33  0
5  -29  38  0
37  -15  6  0
-11  -31  -19  0
7  15  -17  0
-2  -15  22  0
-30  -33  31  0
3  9  6  0
23  -38  8  0
-10  12  -4  0
17  -37  34  0
1  -20  -12  0
-3  27  -35  0
3  -13  -29  0
15  -9  1  0
-6  -15  14  0
20  -37  -19  0
7  35  -40  0
-25  -40  -9  0
3  25  -8  0
2  -13  16  0
20  27  -19  0
5  -37  -36  0
-14  -37  40  0
-16  15  -26  0
6  30  -13  0
-31  13  3  0
-34  17  -3  0
-14  -39  -23  0
-14  39  13  0
3  -5  24  0
13  26  -20  0
-15  40  -28  0
37  21  31  0
35  -22  28  0
-34  -35  13  0
15  14  37  0
-32  8  -18  0
6  7  31  0
36  15  -10  0
-25  33  -2  0
12  -27  37  0
5  19  28  0
11  -31  35  0
-25  -5  4  0
-5  -36  4  0
-11  -16  25  0
25  40  -24  0
-39  1  36  0
16  -7  -38  0
26  -9  -38  0
25  -23  -24  0
-25  4  16  0
-24  7  -22  0
-37  28  -38  0
-11  -25  37  0
-34  -30  32  0
-18  -24  15  0
-25  -2  15  0
31  -4  -28  0
-24  3  5  0
-20  -24  32  0
-24  31  -19  0
30  18  -4  0
38  23  -17  0
-4  -12  -3  0
36  -15  -3  0
3  -32  -8  0
10  -18  -25  0
-21  17  33  0
10  -31  -14  0
7  -13  10  0
-16  -6  -33  0
40  34  -32  0
23  -16  5  0
13  -1  -9  0
-1  -36  -24  0
6  8  38  0
39  26  25  0
14  -9  -10  0
-30  25  -20  0
32  28  -15  0
33  -19  28  0
25  14  37  0
-7  -40  -29  0
22  7  1  0
18  -6  -10  0
-37  -26  33  0
-37  -29  38  0
-24  38  4  0
8  18  -4  0
-18  -19  -25  0
-30  -21  -25  0
29  27  -33  0
-10  -15  -22  0
-3  5  -2  0
37  33  -39  0
5  -8  39  0
-20  36  15  0
-12  -33  38  0
-22  21  -37  0
15  25  17  0
38  29  20  0
11  -36  2  0
-38  14  18  0
-31  32  19  0
-5  6  -36  0
-36  -29  -32  0
5  -27  -35  0
40  38  5  0
7  35  -10  0
31  37  23  0
24  9  34  0
-31  13  -4  0
28  34  11  0
-32  35  40  0
-32  -28  -15  0
8  14  -10  0
37  16  30  0
11  14  -33  0
-4  -36  -37  0
-26  38  27  0
-12  7  -5  0
-28  -18  -6  0
-5  28  40  0
-30  -37  15  0
-11  -12  2  0
1  -35  -40  0
-31  -23  -8  0
-32  27  -8  0
-23  16  2  0
32  -17  -27  0
31  5  36  0
-38  37  4  0
-29  -4  24  0
20  12  -28  0
37  -12  -6  0
4  -20  10  0
23  -39  26  0
-16  39  -21  0
-8  17  -18  0
-17  8  -12  0
27  -18  31  0
10  25  23  0
-21  27  -30  0
-27  36  -22  0
-26  -29  -24  0
32  -2  10  0
27  25  -21  0
23  14  -39  0
-40  -17  -2  0
-1  -5  24  0
6  -37  -5  0
18  -14  15  0
9  35  36  0
3  1  -8  0
-1  34  17  0
