c mkcnf random cnf with seed 217839, max clause length 3
c FORCED SATISFIABLE
c 
p cnf 40  172
-18  15  17  0
10  -1  -14  0
-33  21  -6  0
34  37  -23  0
-21  29  36  0
5  -29  1  0
24  26  32  0
-29  25  -34  0
24  5  -35  0
40  -32  -30  0
38  -34  -27  0
-17  24  -36  0
13  -25  40  0
31  -25  -6  0
-11  31  27  0
28  38  -12  0
39  36  8  0
-13  23  -33  0
-19  36  38  0
-1  28  -40  0
14  17  -10  0
38  13  30  0
7  -21  -13  0
-19  -24  39  0
-25  -37  -9  0
-17  9  -18  0
-36  15  34  0
-16  9  39  0
-23  32  29  0
1  -4  -9  0
-3  5  20  0
22  -34  -11  0
-28  -30  -35  0
-11  18  -28  0
-6  -20  26  0
-4  26  40  0
27  -39  3  0
27  8  -20  0
-13  -12  11  0
8  -2  -33  0
6  -11  9  0
-32  3  26  0
40  32  -12  0
-16  15  -32  0
6  -3  24  0
30  -39  1  0
-7  23  36  0
-35  22  23  0
8  40  -29  0
6  28  -40  0
-13  -28  21  0
28  23  -9  0
14  10  -15  0
16  -10  29  0
-34  -15  -10  0
35  -15  13  0
-28  -26  25  0
30  -23  29  0
40  -17  1  0
-12  34  40  0
-26  -32  -5  0
19  -10  28  0
-15  -10  13  0
-35  -36  26  0
27  2  15  0
25  33  -7  0
10  -32  11  0
-1  -23  -27  0
19  14  -37  0
-38  -8  33  0
13  22  2  0
20  35  -34  0
-39  22  -30  0
-31  27  -10  0
-33  -12  -14  0
15  13  28  0
22  -24  14  0
-36  19  -15  0
35  39  4  0
-31  -25  -20  0
-15  14  -22  0
33  -38  -2  0
-29  33  -32  0
-34  -15  5  0
24  -36  1  0
-32  -19  -29  0
-24  -23  3  0
9  -4  -2  0
-16  40  -25  0
-19  5  -28  0
-38  -11  36  0
20  -35  -38  0
24  23  33  0
-1  -16  -29  0
-4  9  6  0
-39  -14  -1  0
-21  18  -36  0
-32  -9  24  0
17  12  8  0
-2  -37  -14  0
-2  -34  -30  0
-28  -14  1  0
31  3  17  0
32  -8  29  0
-26  35  16  0
-19  -30  9  0
-4  21  -6  0
-31  -34  17  0
6  27  36  0
39  5  -1  0
7  39  -22  0
27  36  35  0
-13  39  14  0
-35  -2  -25  0
33  -32  -30  0
36  30  -6  0
21  18  38  0
22  19  -29  0
14  -20  21  0
-29  -28  -31  0
-33  16  12  0
-30  -7  18  0
-24  -30  -40  0
-37  -23  19  0
-9  27  -6  0
-21  -37  35  0
14  23  -39  0
-4  15  -14  0
-36  22  -38  0
25  -23  21  0
-17  -34  -26  0
-7  9  -30  0
24  -36  -30  0
-24  1  18  0
-9  -40  -35  0
34  22  -2  0
-36  40  25  0
-9  30  11  0
1  6  -17  0
31  -5  -33  0
-25  -39  -28  0
37  4  17  0
8  16  24  0
13  -10  -4  0
-4  10  32  0
-18  -2  -20  0
-8  18  -40  0
31  20  -35  0
-20  19  36  0
-31  -12  -5  0
-1  31  3  0
23  -5  22  0
37  -21  13  0
10  22  27  0
11  -37  -16  0
-22  -28  -34  0
-38  -40  20  0
40  -19  15  0
-30  31  10  0
-32  30  -4  0
-37  -27  -21  0
39  -20  17  0
-25  -24  36  0
11  -16  -34  0
5  16  -10  0
-23  -27  35  0
38  -39  -8  0
39  -18  16  0
-33  -9  -39  0
12  14  -22  0
-19  -15  28  0
-5  27  4  0
