c mkcnf random cnf with seed 217800, max clause length 3
c FORCED SATISFIABLE
c 
p cnf 40  172
-14  -36  -35  0
40  -27  29  0
-35  2  28  0
-2  -34  -15  0
-39  19  7  0
-26  31  -14  0
-27  -17  10  0
-29  28  30  0
9  -33  38  0
19  -40  -9  0
-10  14  19  0
-15  31  16  0
-21  -32  23  0
26  14  -16  0
-11  -19  23  0
-9  -2  14  0
23  -26  -4  0
-5  -16  36  0
1  -17  34  0
17  -12  -7  0
-38  18  21  0
-15  -27  -9  0
-5  -37  35  0
-27  -12  -29  0
-38  -7  -12  0
-7  -35  -8  0
-4  -39  22  0
-39  -36  1  0
1  -25  -27  0
22  10  32  0
-25  -22  21  0
-2  6  -11  0
-17  -7  -25  0
-12  39  -40  0
-24  23  14  0
-12  -35  11  0
-3  -27  24  0
-38  -11  5  0
-4  30  -16  0
27  10  8  0
-32  1  30  0
33  -2  -31  0
-7  9  12  0
8  3  -9  0
-4  -31  25  0
-12  -20  4  0
22  3  28  0
30  40  -5  0
37  15  -23  0
39  -27  -19  0
-32  8  31  0
34  30  -28  0
-13  -6  -17  0
-3  -25  -34  0
-31  -26  10  0
-13  -27  20  0
35  -11  23  0
-36  -5  -26  0
-13  -9  1  0
-17  19  -15  0
-28  -7  37  0
-23  30  -22  0
22  -1  17  0
14  18  7  0
12  -15  -34  0
-21  38  -17  0
-2  9  29  0
24  17  -28  0
27  -7  -12  0
-10  -7  3  0
-21  14  15  0
7  4  -18  0
14  -12  39  0
20  19  24  0
-40  -24  20  0
12  37  3  0
40  -20  -12  0
-29  24  32  0
-15  25  -7  0
34  33  -31  0
4  10  27  0
8  25  1  0
-23  -17  12  0
2  18  -11  0
-33  -31  -27  0
-12  -34  38  0
3  -8  -34  0
-29  -8  -4  0
-6  -13  39  0
28  23  1  0
-12  -39  40  0
-19  -37  35  0
18  38  -12  0
39  -26  7  0
-8  -34  2  0
-33  -8  -24  0
-10  26  -40  0
-20  40  10  0
-5  16  38  0
-5  21  13  0
-5  36  -35  0
40  2  -3  0
12  37  14  0
12  -24  29  0
22  2  17  0
-22  28  -38  0
37  14  -16  0
26  -40  -14  0
-36  34  -2  0
12  -39  3  0
39  8  31  0
-5  -37  -34  0
1  37  14  0
20  19  24  0
-10  1  -32  0
-4  -13  25  0
12  10  11  0
1  -35  15  0
35  3  -4  0
24  -3  -5  0
-6  36  30  0
-2  -28  12  0
18  -24  -4  0
22  -33  -23  0
4  36  10  0
-4  27  19  0
-37  -6  -30  0
-6  38  -30  0
23  38  -22  0
5  -12  -7  0
-9  -2  -27  0
-34  32  27  0
-8  -5  -34  0
-31  12  -3  0
20  24  -35  0
32  -23  3  0
5  6  -1  0
-21  16  -17  0
-20  3  22  0
40  37  -13  0
35  -32  7  0
9  7  18  0
1  35  26  0
-14  -9  -27  0
-16  13  3  0
-24  -28  -22  0
31  -28  27  0
23  -29  35  0
-15  37  -1  0
35  -14  32  0
17  -6  34  0
13  -34  4  0
-9  23  -7  0
12  -3  20  0
-26  -38  -39  0
40  -34  30  0
29  -16  -11  0
-21  -26  -29  0
-1  -26  14  0
-26  -2  30  0
-5  36  -9  0
3  30  -20  0
-11  30  34  0
18  12  6  0
20  2  -40  0
33  35  29  0
-2  28  -5  0
23  18  38  0
-37  15  -8  0
6  20  36  0
-12  -11  -6  0
39  23  -11  0
