c mkcnf random cnf with seed 217753, max clause length 3
c FORCED SATISFIABLE
c 
p cnf 40  172
-9  -36  35  0
38  15  19  0
10  2  -19  0
-30  34  38  0
-2  -16  -32  0
-17  -15  30  0
7  9  -29  0
-22  -8  -7  0
31  1  24  0
40  3  16  0
14  10  -26  0
24  -34  -3  0
19  -38  -39  0
34  15  -33  0
-22  20  8  0
-7  -15  35  0
8  -23  15  0
-14  34  -25  0
36  -37  20  0
4  33  30  0
16  -37  26  0
13  39  -1  0
27  -16  -26  0
-28  -2  39  0
-5  1  -20  0
3  -21  31  0
-36  23  -18  0
-7  -12  -32  0
-16  -35  40  0
-29  22  7  0
-32  -40  36  0
13  26  36  0
8  -25  -36  0
15  -3  -22  0
6  22  -36  0
9  38  31  0
40  11  30  0
13  -31  16  0
26  -15  -33  0
32  15  -18  0
-14  40  -35  0
-23  -38  16  0
-26  -11  -24  0
3  16  -14  0
-35  26  -37  0
37  -4  -19  0
35  -32  -3  0
33  30  -8  0
-28  -11  -37  0
-30  -2  24  0
9  22  -31  0
-9  40  25  0
-38  -27  18  0
-10  26  1  0
-12  -14  -13  0
20  8  35  0
13  -7  26  0
-6  36  -11  0
-13  4  -1  0
12  31  25  0
-8  -27  5  0
-10  -29  -16  0
11  -40  -33  0
11  32  24  0
-30  36  7  0
20  -29  6  0
40  21  22  0
1  12  8  0
21  -29  11  0
-11  9  16  0
-27  5  22  0
3  -31  8  0
-27  -13  17  0
19  -30  36  0
31  34  -13  0
-10  15  4  0
38  -29  15  0
7  -5  8  0
-17  -24  -26  0
34  30  28  0
-24  21  -6  0
-9  1  -14  0
16  17  29  0
-36  8  -10  0
-11  -33  -13  0
-20  38  -8  0
28  34  30  0
-2  11  8  0
-25  33  12  0
16  14  -11  0
-38  4  -15  0
-13  35  22  0
12  -7  -17  0
-9  30  -14  0
37  -18  -6  0
-8  -2  32  0
16  -39  7  0
-25  32  -30  0
-1  19  -9  0
-37  -27  17  0
12  -20  13  0
28  18  4  0
-6  3  -15  0
37  39  -28  0
-10  36  -8  0
20  -22  -9  0
-9  7  24  0
-30  -23  -1  0
14  -7  23  0
20  21  -19  0
-4  -24  38  0
30  -20  40  0
-16  -23  -34  0
-31  -8  -36  0
-34  -29  3  0
-40  -2  -26  0
14  9  -2  0
-26  29  -9  0
30  -22  3  0
12  26  -40  0
-11  3  -32  0
17  39  6  0
-24  1  9  0
-37  -22  -35  0
-12  -13  -20  0
39  37  40  0
-39  24  -6  0
-5  -11  39  0
17  3  4  0
15  17  -36  0
-10  -27  -18  0
5  -30  38  0
15  2  22  0
-12  -13  11  0
-39  5  34  0
34  36  -19  0
28  -36  19  0
22  -8  37  0
-28  -37  -24  0
-23  33  7  0
-26  -3  33  0
27  4  24  0
-15  -34  40  0
36  -19  16  0
-9  12  -2  0
6  -3  30  0
-4  -22  10  0
35  -37  -36  0
-25  -26  24  0
-24  -27  13  0
-38  -2  6  0
-39  20  16  0
-6  -30  -39  0
-22  20  31  0
15  8  22  0
-32  1  -34  0
-27  10  -21  0
-8  15  -6  0
37  -22  21  0
-39  23  40  0
27  3  -35  0
31  36  19  0
12  -25  20  0
15  34  -13  0
5  8  -14  0
-17  -16  36  0
6  21  -34  0
-16  -29  -10  0
-30  -14  -12  0
8  -7  -3  0
-15  -4  12  0
30  31  38  0
