c mkcnf random cnf with seed 217826, max clause length 3
c FORCED SATISFIABLE
c 
p cnf 40  172
16  -9  -36  0
-20  28  -26  0
38  -15  -25  0
4  37  -38  0
-28  -12  -29  0
-39  29  -35  0
28  -40  -14  0
14  15  -6  0
25  7  -1  0
-8  31  -22  0
-10  -8  -19  0
14  18  34  0
34  8  15  0
29  -25  21  0
-14  34  36  0
-31  -17  15  0
-3  25  -8  0
-27  8  28  0
-3  -14  -40  0
7  10  21  0
21  -30  19  0
-12  -38  23  0
-2  -16  23  0
-9  -21  -31  0
7  29  38  0
-18  -14  26  0
-5  -34  -37  0
-22  40  3  0
37  -5  19  0
-22  40  17  0
28  -1  2  0
-12  34  -25  0
19  34  -1  0
31  2  16  0
28  39  -40  0
-22  16  26  0
15  -14  -5  0
38  -22  -18  0
-23  -24  -25  0
22  -12  -8  0
-27  -24  10  0
-17  13  -3  0
-10  24  21  0
21  -28  35  0
-28  -9  39  0
17  -10  26  0
-14  35  11  0
-16  3  15  0
20  -28  -32  0
6  15  -34  0
39  -6  -22  0
-21  -13  -4  0
16  -10  -4  0
-7  36  8  0
31  1  -8  0
24  38  -23  0
29  2  -17  0
11  -1  13  0
8  -34  -25  0
15  17  -20  0
-17  9  -32  0
-10  37  -29  0
-14  -21  -27  0
35  -28  -8  0
9  10  2  0
-23  -39  10  0
-15  22  36  0
13  -1  22  0
-13  37  15  0
5  40  -7  0
8  36  -29  0
6  -2  -14  0
-9  -31  -39  0
-26  1  29  0
-36  7  -2  0
35  -29  38  0
4  -40  7  0
-36  -22  6  0
2  -12  -39  0
30  13  14  0
-27  10  -28  0
-32  -6  39  0
10  -17  -24  0
32  -35  29  0
16  40  27  0
18  6  -38  0
-21  7  18  0
-29  -25  15  0
-2  -34  -22  0
4  -15  39  0
39  25  -32  0
33  34  29  0
3  -20  26  0
22  -8  10  0
-18  -16  36  0
-15  -34  3  0
-4  -13  7  0
4  22  19  0
8  38  3  0
-1  39  -32  0
11  -9  -14  0
13  -37  4  0
-19  14  -23  0
-36  13  -39  0
28  -13  7  0
10  -19  -2  0
39  32  24  0
3  -14  -18  0
14  -25  -33  0
38  1  37  0
-8  37  -10  0
-15  25  -34  0
-18  13  -25  0
4  -35  -1  0
-11  3  -12  0
-11  3  21  0
-23  5  36  0
-18  -17  7  0
30  37  -8  0
21  -5  7  0
-22  -24  -8  0
29  26  30  0
38  -4  -19  0
5  -33  35  0
30  3  34  0
-13  -36  -11  0
5  15  -24  0
21  -27  26  0
-11  -38  13  0
21  -27  30  0
-11  15  -13  0
-20  22  -40  0
9  -30  -15  0
25  33  3  0
-12  18  -4  0
-31  5  -30  0
13  -16  14  0
39  -11  30  0
-7  20  29  0
-32  -17  -16  0
-22  12  -18  0
-25  12  10  0
15  2  -25  0
33  -25  40  0
12  -1  25  0
17  4  -16  0
-10  5  32  0
3  35  -32  0
36  -24  -26  0
21  -27  -37  0
-4  -22  11  0
-5  -30  7  0
31  14  -40  0
-40  1  -9  0
3  -13  -22  0
16  6  9  0
-14  1  4  0
-34  21  -39  0
13  20  -32  0
-25  -14  -2  0
21  3  2  0
5  24  -33  0
-5  -12  -28  0
1  40  9  0
28  18  -33  0
12  23  -16  0
35  27  -19  0
23  -19  -27  0
8  24  39  0
9  -32  37  0
5  -25  -31  0
24  -17  -6  0
