c mkcnf random cnf with seed 826662, max clause length 3
c FORCED SATISFIABLE
c 
p cnf 60  258
36  29  46  0
-25  59  -56  0
34  -38  -46  0
45  2  50  0
20  -55  29  0
18  43  9  0
-10  20  -52  0
-21  -59  9  0
-45  -19  -21  0
-1  -53  -59  0
8  -38  -31  0
-4  7  19  0
57  10  -56  0
-57  -4  -31  0
42  13  -17  0
-58  -33  -3  0
30  -31  -40  0
-4  -45  -46  0
-56  -50  47  0
-51  58  -16  0
48  50  -55  0
27  33  18  0
-42  -20  -5  0
30  28  -42  0
24  -55  -53  0
-26  28  -12  0
35  26  4  0
-14  -36  28  0
-25  -40  -44  0
-14  36  -21  0
45  -37  18  0
-11  -1  2  0
-1  -59  40  0
-31  52  -51  0
-38  -10  29  0
-45  22  12  0
26  -7  -48  0
-23  6  -15  0
33  -38  -24  0
-59  37  42  0
48  -7  -26  0
-24  -43  37  0
-43  30  -20  0
47  14  -19  0
-45  -55  -3  0
52  11  -17  0
14  3  -24  0
-37  40  -59  0
17  -23  -40  0
22  1  45  0
44  37  -49  0
42  25  32  0
33  -5  48  0
60  40  29  0
-56  44  -21  0
-14  18  30  0
-8  -20  -43  0
-45  47  52  0
-11  -25  2  0
45  27  9  0
28  -27  14  0
-28  -54  51  0
36  -14  -21  0
-29  -19  -13  0
4  2  -50  0
-29  -35  27  0
-27  36  53  0
-30  31  46  0
-11  27  41  0
25  -24  -17  0
56  37  55  0
-8  48  46  0
-13  19  -37  0
8  10  46  0
-53  41  -29  0
-13  -10  -22  0
44  54  -49  0
-1  28  -16  0
-44  -10  43  0
-38  1  36  0
4  5  -19  0
18  45  56  0
59  4  -8  0
-48  -46  -57  0
13  29  51  0
-35  52  44  0
-37  6  16  0
-40  -15  -9  0
-31  -25  -7  0
22  -7  8  0
57  -38  5  0
-20  31  -38  0
34  39  -16  0
-33  -53  36  0
-4  -40  -18  0
-37  -8  55  0
-55  -6  41  0
11  -33  48  0
-38  24  32  0
-5  -59  -48  0
55  23  -42  0
-46  50  55  0
27  -34  -15  0
52  -23  59  0
-52  -19  -24  0
-17  51  24  0
-51  14  -17  0
36  -7  34  0
48  11  -18  0
-18  11  60  0
-46  -54  15  0
-6  -26  -43  0
-37  57  7  0
25  38  -36  0
-21  19  -47  0
53  46  15  0
-23  28  44  0
-41  11  -4  0
-25  3  47  0
-20  58  7  0
38  1  7  0
-38  -50  -47  0
60  -26  8  0
-2  -56  -27  0
2  -51  -49  0
15  -10  54  0
-34  12  42  0
31  -27  39  0
-5  52  -11  0
54  -4  5  0
-37  -55  -6  0
-57  30  -12  0
10  -39  6  0
-54  -11  15  0
44  57  55  0
-41  46  60  0
-37  4  -12  0
14  -11  -23  0
-43  17  36  0
-46  14  -48  0
10  47  46  0
-54  -2  -18  0
-4  -47  23  0
-1  -43  12  0
-4  -43  -17  0
5  -43  -36  0
40  -60  37  0
-19  57  45  0
30  22  -57  0
39  29  59  0
31  -30  22  0
20  9  -1  0
27  46  -28  0
-29  -30  -2  0
41  -52  1  0
-15  53  20  0
49  56  -51  0
-5  -56  -34  0
-38  -2  -40  0
24  53  41  0
-58  43  -16  0
-6  -56  -2  0
7  38  -33  0
-35  25  -4  0
-39  -9  54  0
42  -53  -2  0
46  -47  -56  0
17  -31  -38  0
-57  -10  38  0
-7  -57  33  0
18  -36  35  0
-19  17  54  0
20  15  -11  0
-19  -53  11  0
17  -53  -41  0
-1  55  -49  0
-22  43  39  0
-25  4  -10  0
-18  -31  37  0
-44  41  -20  0
-44  -29  -27  0
-47  -49  50  0
-9  60  20  0
-16  3  -56  0
18  -37  -10  0
-25  33  19  0
34  42  53  0
-35  9  -41  0
-54  23  -46  0
-16  -26  -50  0
32  19  -31  0
25  9  -59  0
27  1  -49  0
23  -25  -5  0
-32  3  17  0
-43  -7  18  0
11  -58  -39  0
-30  -5  -40  0
20  11  -60  0
-21  -59  48  0
-7  -3  -47  0
9  -34  -27  0
50  6  -43  0
-12  -41  -16  0
55  8  -36  0
-39  -56  18  0
-37  -47  43  0
-21  47  -7  0
48  -27  41  0
51  -57  8  0
-16  34  26  0
-5  51  14  0
-35  4  43  0
47  -1  34  0
24  55  22  0
47  -52  -10  0
-4  20  -5  0
-37  42  31  0
-32  -54  -17  0
41  -13  -56  0
-39  -27  -24  0
-44  55  1  0
40  -3  53  0
-32  19  17  0
31  52  28  0
-15  -1  53  0
-32  11  -6  0
19  11  13  0
-29  -41  60  0
-37  56  53  0
-11  -60  -41  0
57  -32  -49  0
-29  -35  -36  0
37  -43  46  0
-8  -56  -16  0
14  10  -6  0
-4  54  19  0
-13  6  -3  0
-35  -25  8  0
4  -40  33  0
51  42  -11  0
-59  -51  15  0
19  11  39  0
44  -12  -56  0
42  -44  41  0
51  -1  52  0
-14  28  60  0
-39  34  49  0
45  -52  -11  0
20  -8  59  0
-49  10  40  0
6  15  19  0
-54  -23  9  0
-40  58  -17  0
58  32  -20  0
-31  -33  -24  0
-51  14  5  0
-43  -24  19  0
