c mkcnf random cnf with seed 826658, max clause length 3
c FORCED SATISFIABLE
c 
p cnf 60  258
-57  -13  8  0
13  3  22  0
40  12  -31  0
-20  -47  17  0
-7  -34  14  0
-10  -47  29  0
42  -7  -55  0
-36  58  35  0
5  8  28  0
-49  -58  -46  0
-5  32  -54  0
53  29  -39  0
7  8  -25  0
-20  48  18  0
-21  -2  -46  0
-7  56  -29  0
27  42  -28  0
23  54  -44  0
-51  38  54  0
39  56  -53  0
-36  -59  1  0
20  26  -6  0
4  -28  -55  0
-32  -39  51  0
57  -43  53  0
55  -45  -24  0
-60  -18  -23  0
-35  -10  -53  0
41  57  -32  0
-25  -5  -11  0
-38  -16  -29  0
-21  27  -2  0
37  42  -41  0
2  -12  22  0
-13  26  42  0
-9  -7  -39  0
13  -57  -60  0
-58  -28  -42  0
-22  -51  -17  0
-18  -28  19  0
-27  19  24  0
29  -49  51  0
48  30  -53  0
28  -41  -31  0
-29  -19  -60  0
21  -4  37  0
14  52  -18  0
-36  29  -30  0
-43  -15  -27  0
-9  -46  -42  0
-10  19  -55  0
17  48  60  0
25  34  55  0
-45  -38  4  0
1  50  23  0
-58  -56  -44  0
-55  -54  42  0
-2  -54  42  0
-30  -44  -52  0
-42  -46  -24  0
47  58  -30  0
53  -18  26  0
-27  -5  40  0
1  -47  31  0
-36  -23  37  0
2  17  43  0
7  8  -45  0
-53  -10  -16  0
-51  3  -52  0
37  5  9  0
-12  20  54  0
-12  13  28  0
29  -15  -51  0
30  -11  3  0
51  -36  -44  0
-29  -14  39  0
48  -58  -2  0
-39  -60  -46  0
16  -39  5  0
-43  54  -57  0
-33  37  34  0
-41  -32  -36  0
-22  -44  47  0
43  7  -24  0
43  -31  52  0
3  42  -24  0
-25  38  57  0
-51  18  -36  0
14  -58  8  0
32  37  6  0
-37  15  38  0
-48  -44  -9  0
-3  37  -39  0
-41  37  -4  0
-42  -13  7  0
-10  -42  54  0
30  31  -10  0
-20  56  6  0
-14  -41  55  0
-11  51  -15  0
-55  -53  33  0
-49  4  11  0
20  24  -56  0
25  58  49  0
-37  55  56  0
-53  40  -37  0
-50  -59  16  0
-46  -60  -11  0
29  25  46  0
38  -11  -46  0
6  48  51  0
-47  41  59  0
-25  35  41  0
-8  -33  -38  0
55  27  49  0
3  -52  39  0
-58  2  53  0
25  -7  -18  0
-57  -42  47  0
-31  -41  26  0
-38  8  34  0
16  11  -22  0
-47  48  -19  0
45  60  35  0
-2  26  39  0
15  -21  9  0
-40  -14  -16  0
-57  54  -16  0
24  -59  45  0
7  -18  -41  0
-38  12  18  0
-52  -37  16  0
-42  -7  32  0
49  -54  18  0
-9  4  -51  0
-12  9  -35  0
-47  -15  -30  0
56  -4  20  0
-42  -9  53  0
-10  3  -11  0
-29  21  40  0
-27  -19  -8  0
-2  47  -56  0
1  37  54  0
-7  -38  41  0
-55  -58  -45  0
-52  -55  -46  0
57  6  18  0
7  3  -50  0
-10  -43  -57  0
31  46  52  0
59  -56  -45  0
43  -27  -51  0
25  -47  -18  0
-12  3  -37  0
-27  36  41  0
11  -36  -60  0
35  12  23  0
-19  -49  52  0
-18  58  5  0
1  44  -27  0
-59  -37  10  0
56  -54  4  0
60  42  -8  0
-59  46  10  0
58  -3  -35  0
36  -46  30  0
27  7  -20  0
-22  -39  -44  0
-50  -16  21  0
-50  -13  -18  0
-44  -39  -56  0
24  14  31  0
43  60  28  0
-10  50  -4  0
-29  17  -27  0
-27  -32  -43  0
-9  22  51  0
-38  35  -59  0
-11  28  -52  0
17  -29  -32  0
-41  -11  -57  0
49  29  28  0
37  9  -8  0
-54  7  37  0
-25  22  32  0
6  -53  17  0
35  -32  -34  0
-6  34  -7  0
25  -24  54  0
1  22  -26  0
-2  7  -29  0
31  -13  -10  0
55  7  -21  0
-35  -14  -9  0
53  5  -43  0
54  -5  -1  0
45  -42  16  0
-38  47  -29  0
-43  -40  -6  0
21  -35  -29  0
50  28  -10  0
41  -54  4  0
57  37  -18  0
-26  -18  54  0
25  -57  43  0
-36  -59  27  0
-57  -34  -7  0
-18  -16  -11  0
31  -43  -53  0
-29  -58  -55  0
20  -5  52  0
55  50  -38  0
31  40  -39  0
-44  -10  -15  0
2  59  12  0
-32  24  -43  0
-32  -40  27  0
-11  38  53  0
-38  -25  -58  0
21  42  39  0
-40  -13  -7  0
32  49  -51  0
40  -23  22  0
56  -12  -20  0
23  41  -51  0
-40  48  -24  0
16  44  -45  0
10  -1  -30  0
46  34  -50  0
-5  49  30  0
-40  35  52  0
33  19  -28  0
33  -53  -29  0
-14  -27  -8  0
-1  60  14  0
-19  -57  -30  0
-31  -42  28  0
24  -17  2  0
-7  -26  11  0
-51  12  -5  0
25  50  -56  0
-40  5  -13  0
-60  -36  -3  0
41  49  22  0
-19  1  -2  0
-54  -53  18  0
-2  22  32  0
42  -21  6  0
33  46  -10  0
60  -57  -28  0
38  -47  -22  0
-17  46  -54  0
60  -26  -44  0
45  -35  44  0
-13  -29  -15  0
16  54  -49  0
21  -32  14  0
