c mkcnf random cnf with seed 826672, max clause length 3
c FORCED SATISFIABLE
c 
p cnf 60  258
14  38  -21  0
26  50  -52  0
39  -26  -52  0
-52  -26  25  0
17  44  7  0
-60  -5  48  0
41  16  -54  0
19  -30  11  0
-52  53  -41  0
40  44  -18  0
36  45  -12  0
57  -21  46  0
-31  -42  20  0
-40  -34  -28  0
-48  -54  5  0
15  -3  43  0
39  -21  12  0
33  43  -37  0
30  -7  -31  0
27  22  40  0
-59  -24  -29  0
38  -34  26  0
49  -41  -29  0
9  -7  -15  0
53  29  -11  0
59  -57  13  0
-38  -21  36  0
27  15  -20  0
-43  -7  52  0
-10  -9  40  0
21  16  -55  0
42  -11  -18  0
20  54  1  0
-38  -40  -4  0
-16  51  -46  0
-16  -34  -4  0
36  -56  -58  0
30  -18  36  0
16  54  -9  0
-59  -42  33  0
55  11  51  0
10  30  25  0
22  38  -15  0
47  58  -27  0
-40  32  42  0
9  -46  27  0
-44  47  32  0
-23  -8  -2  0
15  24  -55  0
32  -35  -54  0
14  18  53  0
-8  28  -32  0
-50  -59  34  0
51  -33  -49  0
-27  58  33  0
5  -4  15  0
-17  -29  47  0
-19  -2  -7  0
18  5  -40  0
-37  -36  -14  0
36  -53  -59  0
-58  46  44  0
57  40  2  0
43  -42  5  0
2  6  35  0
18  -47  35  0
21  -47  38  0
40  58  -4  0
-11  19  -38  0
15  -53  -48  0
-53  -11  33  0
-39  -45  12  0
23  -18  54  0
41  -36  -15  0
22  38  34  0
-12  -18  9  0
-32  54  -31  0
46  41  35  0
-44  1  -18  0
5  -12  34  0
-59  36  44  0
-21  17  -45  0
-27  -25  19  0
-41  18  -20  0
-34  -18  44  0
42  52  -41  0
43  14  -24  0
-35  -45  -54  0
49  43  54  0
-32  -18  -29  0
-1  -2  -54  0
-30  -55  -9  0
-29  38  26  0
-33  -52  -18  0
-41  3  24  0
17  -41  56  0
-27  43  -58  0
-2  -56  51  0
-15  -11  -42  0
-56  9  27  0
-35  16  59  0
32  9  -16  0
-58  60  14  0
20  -52  16  0
33  -38  19  0
49  -1  -30  0
-25  -54  6  0
-45  -60  -28  0
15  38  -56  0
51  28  -1  0
56  47  -33  0
-48  14  51  0
43  40  56  0
14  47  -48  0
60  -39  37  0
11  -28  12  0
24  6  -13  0
-36  -28  -39  0
38  41  57  0
-31  53  -41  0
10  46  51  0
11  58  56  0
-53  2  57  0
2  57  -8  0
5  -28  6  0
-7  25  38  0
34  -6  1  0
13  -47  53  0
-22  -5  55  0
-32  31  -23  0
-38  51  6  0
-53  29  56  0
-18  -30  35  0
-35  30  -21  0
-20  34  -17  0
56  32  14  0
8  13  -12  0
-30  36  -58  0
-30  20  -8  0
-57  29  19  0
30  39  8  0
-14  -51  38  0
6  -28  26  0
-14  -33  52  0
-23  -50  -30  0
-9  -49  -35  0
2  -4  6  0
-28  -52  39  0
-28  44  54  0
6  7  5  0
44  -54  -16  0
38  -1  -6  0
-38  -42  12  0
-47  59  22  0
-43  -52  -42  0
2  52  32  0
48  -41  -44  0
30  -5  -43  0
59  -45  -26  0
44  50  -31  0
1  43  38  0
34  4  42  0
49  -19  13  0
55  15  -51  0
59  -47  32  0
51  -17  12  0
24  53  30  0
-27  45  14  0
-7  50  57  0
54  43  -21  0
33  -58  19  0
7  31  -33  0
-18  -54  42  0
-31  46  20  0
15  -11  45  0
55  50  -27  0
27  31  -33  0
17  -20  -10  0
-41  -38  -20  0
-33  31  -49  0
-28  -14  -21  0
-32  6  4  0
-3  -20  51  0
-21  -24  -40  0
-12  45  -33  0
-49  -21  53  0
37  27  56  0
-48  60  -33  0
3  34  18  0
-25  49  57  0
33  -34  45  0
1  35  -49  0
-27  -55  25  0
-57  -48  3  0
1  -28  -50  0
-32  14  39  0
56  9  -30  0
-37  10  45  0
42  3  -60  0
-42  54  -41  0
-9  -18  -22  0
-14  -23  -47  0
9  21  -2  0
-59  5  -12  0
-59  -30  -58  0
6  -40  -55  0
-38  -24  -22  0
-1  40  28  0
-57  31  28  0
-49  -32  -51  0
-39  24  -15  0
40  26  25  0
30  39  -52  0
44  -15  21  0
-36  25  -2  0
-3  -35  -54  0
-12  55  -54  0
33  31  14  0
-43  19  22  0
26  2  11  0
57  45  30  0
43  44  -42  0
41  40  4  0
-45  -16  -35  0
11  32  13  0
-33  45  -58  0
-17  -42  56  0
11  29  -56  0
-57  45  -10  0
36  52  21  0
-13  -21  23  0
-47  12  36  0
56  -10  43  0
16  21  -17  0
1  39  21  0
-31  41  14  0
-43  -8  -1  0
-22  19  54  0
-47  9  -46  0
-6  13  26  0
50  -21  22  0
39  -58  21  0
-51  12  -45  0
18  36  -34  0
40  46  -15  0
33  38  52  0
48  45  -14  0
48  -47  52  0
-24  11  47  0
44  12  -4  0
-24  36  -55  0
14  53  -44  0
16  -43  48  0
2  -9  -28  0
33  -41  12  0
34  -53  46  0
-54  13  -48  0
19  5  36  0
