c mkcnf random cnf with seed 826681, max clause length 3
c FORCED SATISFIABLE
c 
p cnf 60  258
-42  -58  17  0
46  -7  31  0
-8  33  12  0
53  6  44  0
-26  42  -56  0
-3  11  -54  0
12  37  8  0
-11  35  46  0
32  47  51  0
-53  -26  -25  0
-51  -28  -7  0
18  -15  42  0
-37  -30  -13  0
-15  4  -42  0
-39  -10  45  0
1  3  7  0
54  -51  -42  0
30  51  27  0
-54  -19  18  0
-40  -58  -17  0
2  -30  23  0
6  22  17  0
-44  56  30  0
-39  34  7  0
-44  21  30  0
-29  -56  23  0
-16  25  -20  0
-51  -5  -25  0
-13  42  11  0
-42  19  23  0
25  20  -58  0
58  -27  -49  0
-20  -59  -2  0
-36  -51  -5  0
13  -19  -42  0
47  18  -25  0
50  -25  -41  0
-12  -46  57  0
-10  -6  42  0
-13  26  -32  0
55  25  5  0
-56  -13  -47  0
26  -56  -35  0
36  -45  -60  0
-56  25  -16  0
-37  22  41  0
55  -35  47  0
24  -21  7  0
60  -2  57  0
17  30  40  0
-8  -30  46  0
-57  -18  44  0
58  -7  60  0
-41  57  -6  0
-27  33  -29  0
17  10  3  0
-47  24  54  0
17  18  31  0
-2  -22  40  0
18  13  -4  0
-55  15  5  0
-35  21  47  0
-22  -53  -2  0
-29  56  9  0
-44  43  -45  0
-53  14  45  0
55  6  50  0
53  59  15  0
-25  -46  -9  0
16  6  -4  0
-13  -11  41  0
46  -33  32  0
41  22  57  0
31  -43  15  0
-45  -27  50  0
39  14  40  0
36  12  50  0
-6  46  38  0
-36  -19  -20  0
-19  16  -8  0
-53  27  -55  0
-54  -34  -41  0
-58  18  -25  0
-44  -55  56  0
19  18  57  0
-33  -40  52  0
-41  -23  -11  0
29  4  -35  0
-3  -46  -38  0
41  53  -7  0
-57  45  17  0
-58  -45  -23  0
31  -54  -20  0
14  -49  -11  0
55  57  2  0
52  -15  -53  0
-45  53  34  0
-55  -53  -51  0
36  6  60  0
15  -31  37  0
53  41  14  0
-47  20  -12  0
-37  -53  -2  0
-8  -16  -30  0
-21  -40  12  0
35  -51  10  0
-41  17  21  0
23  19  31  0
42  16  2  0
2  -8  29  0
-42  49  -32  0
-24  -42  23  0
-53  -5  -55  0
-42  -12  -55  0
-8  15  42  0
-9  57  -41  0
-14  53  -54  0
-42  -26  48  0
9  -44  57  0
1  -52  -50  0
-5  38  -39  0
-10  21  16  0
22  27  45  0
53  52  7  0
-33  20  -41  0
59  -27  -56  0
-22  -29  -56  0
52  -26  -42  0
34  12  48  0
22  -39  -35  0
-55  -31  -48  0
34  -46  -47  0
-35  -13  58  0
-26  -18  2  0
33  -22  52  0
-3  50  18  0
-36  -14  -33  0
30  -9  -47  0
57  41  15  0
-3  -35  39  0
-58  -51  -50  0
46  -25  59  0
24  -46  -14  0
24  -28  50  0
-4  37  8  0
34  24  -41  0
14  56  29  0
-13  -36  -46  0
22  -10  40  0
-54  25  -32  0
7  -4  11  0
-19  24  35  0
23  43  -22  0
30  5  58  0
40  35  -15  0
11  56  33  0
-58  -5  60  0
-16  -2  46  0
47  58  24  0
38  -52  -18  0
10  -14  27  0
13  11  -53  0
-19  31  46  0
52  15  -41  0
55  58  -8  0
-16  -30  42  0
-58  -20  -57  0
40  14  46  0
59  -33  15  0
-34  47  30  0
-60  23  -43  0
7  37  -14  0
55  29  -20  0
-3  -6  26  0
-11  10  -12  0
15  -33  59  0
37  25  34  0
8  44  -7  0
44  -12  35  0
-23  3  1  0
-10  -42  59  0
-44  3  -37  0
-31  -8  -29  0
-21  -53  13  0
17  43  15  0
-11  38  14  0
16  -29  -4  0
-32  -14  -53  0
-13  -8  -45  0
-20  23  -38  0
15  42  39  0
40  -1  27  0
-1  19  -27  0
-41  56  9  0
-43  17  5  0
-1  -13  -60  0
-19  27  40  0
-24  -23  1  0
5  -49  10  0
-27  40  9  0
-47  12  40  0
18  52  14  0
-51  -46  -42  0
-34  -48  -13  0
-27  28  -39  0
-25  -2  37  0
15  12  33  0
-59  -1  15  0
-50  -24  2  0
17  -35  -45  0
44  35  -14  0
55  6  -12  0
-32  -10  1  0
33  -17  9  0
-52  -39  4  0
-19  -24  2  0
-19  -4  13  0
-7  -26  48  0
17  15  32  0
-31  -22  -28  0
-33  48  -60  0
-32  31  44  0
25  -46  22  0
-13  -59  -40  0
-18  -43  5  0
-9  15  -27  0
10  -26  11  0
-55  -7  -38  0
-18  -25  15  0
-31  6  -16  0
-9  7  -15  0
17  14  -59  0
-6  -13  -2  0
-31  -13  23  0
12  19  -26  0
8  -24  -48  0
8  -22  -57  0
-31  20  52  0
58  5  -50  0
-6  60  -40  0
58  -48  38  0
14  37  36  0
21  1  7  0
-44  57  -34  0
-48  43  -55  0
-3  -21  -23  0
7  47  -55  0
57  -32  46  0
-12  -52  -20  0
-21  -33  -3  0
53  -56  30  0
-60  27  -12  0
-12  55  -31  0
-55  17  -53  0
-23  53  -40  0
-48  36  52  0
48  -19  -22  0
14  50  -35  0
