c mkcnf random cnf with seed 826703, max clause length 3
c FORCED SATISFIABLE
c 
p cnf 60  258
18  53  46  0
-47  -21  4  0
41  -8  53  0
-2  -33  53  0
-9  8  -53  0
5  24  39  0
22  37  -59  0
19  -32  42  0
57  -33  -58  0
34  -40  -59  0
35  19  -17  0
29  7  53  0
-43  -37  -3  0
48  38  -11  0
22  -23  -48  0
19  31  32  0
-43  -19  50  0
43  3  24  0
-37  38  22  0
-25  -50  28  0
18  22  11  0
-52  6  -35  0
58  -37  22  0
-5  21  -19  0
-24  50  16  0
-42  -2  -28  0
51  -30  33  0
-2  1  -37  0
18  -28  40  0
-55  48  -23  0
-30  44  17  0
22  -1  -51  0
-25  -16  11  0
59  53  -5  0
37  -11  17  0
40  28  -45  0
9  17  31  0
31  -36  -37  0
45  -29  -1  0
32  11  -25  0
-47  2  59  0
-29  -3  -37  0
-39  -49  -35  0
26  6  -49  0
-18  -2  11  0
-8  -16  -14  0
-60  -38  28  0
-38  59  -52  0
57  10  -24  0
-38  14  33  0
38  -39  25  0
-29  26  -51  0
-40  -50  5  0
57  -11  -31  0
2  -7  43  0
-55  23  13  0
49  -35  -48  0
32  6  46  0
43  37  -41  0
-14  15  -52  0
17  -58  52  0
-6  -48  -57  0
43  -27  6  0
-21  -36  -40  0
36  56  -50  0
53  20  -23  0
-8  -15  34  0
26  -46  -16  0
-57  -8  -51  0
-18  -17  13  0
58  -35  39  0
-26  -42  23  0
-21  -23  14  0
-41  52  44  0
40  24  -28  0
19  -14  -22  0
-6  55  -51  0
59  17  -37  0
-2  59  15  0
37  21  40  0
-28  -10  16  0
-4  -9  -20  0
-44  -31  -43  0
53  -7  46  0
-57  4  -10  0
-50  41  16  0
-24  46  -9  0
-52  36  29  0
18  11  46  0
-43  -17  50  0
20  4  -12  0
33  -60  -1  0
-42  52  -58  0
48  -35  -11  0
-8  -3  20  0
-42  30  20  0
18  41  -6  0
22  5  13  0
22  14  50  0
30  -13  -39  0
-55  -27  10  0
-35  -42  20  0
16  -59  -46  0
-2  -3  -6  0
60  -41  23  0
-31  28  -18  0
46  32  24  0
-60  21  10  0
22  -44  -18  0
-28  -34  44  0
10  17  -33  0
-28  -37  -17  0
-50  -58  5  0
-15  43  -14  0
-45  -14  -9  0
27  39  8  0
49  45  -15  0
7  -51  -32  0
-14  -34  26  0
6  15  36  0
-55  -36  -5  0
-32  14  -47  0
60  -17  49  0
-32  -40  60  0
-47  -25  41  0
-17  -19  34  0
-23  41  -1  0
47  -48  -22  0
51  57  17  0
29  -44  -38  0
-40  -15  -48  0
-39  32  55  0
45  40  22  0
58  57  1  0
21  -10  37  0
-8  18  47  0
-33  7  52  0
39  31  18  0
25  57  43  0
-11  -49  -17  0
-11  -54  27  0
5  57  -46  0
-28  -45  46  0
-52  3  -6  0
-43  46  26  0
-15  -4  59  0
-18  9  21  0
37  22  -29  0
-31  -1  21  0
15  -7  -60  0
48  -11  51  0
39  -57  -22  0
-57  45  1  0
54  12  60  0
7  -60  -28  0
50  -6  -21  0
-54  -31  -37  0
1  11  -28  0
49  -10  -19  0
-44  42  -51  0
34  -40  -58  0
-28  -30  58  0
-24  -59  -27  0
26  -50  9  0
41  -50  -47  0
-26  -12  -1  0
-60  -58  -45  0
4  5  -40  0
-13  -2  -23  0
25  -12  -33  0
56  6  60  0
39  15  12  0
-9  30  -37  0
49  -6  28  0
9  26  14  0
-17  -12  -15  0
-60  -40  -18  0
8  -2  -48  0
-52  -5  48  0
23  29  43  0
38  -20  43  0
36  -50  -21  0
-40  50  38  0
19  49  -27  0
-18  -15  36  0
-48  38  -3  0
-22  16  18  0
60  52  9  0
35  53  1  0
-34  -52  12  0
-44  -11  -5  0
-1  -34  24  0
6  -28  -25  0
-6  -45  60  0
44  -36  8  0
-33  -52  50  0
-6  19  -12  0
30  -53  -27  0
-54  -60  43  0
-20  30  29  0
16  37  17  0
39  -44  48  0
41  -24  10  0
-5  -27  25  0
40  27  60  0
58  -34  -26  0
-4  43  -29  0
-44  54  -34  0
27  -22  -56  0
-57  -39  41  0
-51  -43  -46  0
12  54  -24  0
-19  36  -8  0
32  27  23  0
-4  13  -38  0
21  -30  -49  0
-53  41  51  0
-50  56  -26  0
-19  -6  -2  0
53  -55  -17  0
51  19  2  0
6  21  10  0
30  -51  -59  0
26  33  -42  0
31  -21  32  0
2  -4  -48  0
3  -43  21  0
-12  14  19  0
10  -12  9  0
47  -12  -43  0
-45  16  -38  0
-47  -45  56  0
59  45  -44  0
-12  -5  -43  0
4  54  -46  0
-13  -23  -17  0
-5  59  40  0
-14  -51  -45  0
59  -17  58  0
3  57  37  0
45  51  -8  0
56  4  -14  0
-48  -14  -12  0
9  57  -42  0
49  -3  60  0
-33  -13  -14  0
1  20  42  0
24  42  -47  0
-59  -33  3  0
46  57  27  0
14  52  -22  0
-39  28  -8  0
37  -24  26  0
-40  -13  -16  0
-33  -1  -36  0
-59  16  28  0
-45  53  37  0
41  -46  -13  0
