c mkcnf random cnf with seed 826624, max clause length 3
c FORCED SATISFIABLE
c 
p cnf 60  258
-23  -31  -46  0
57  34  -59  0
54  -6  42  0
-17  51  -40  0
56  15  33  0
53  -10  55  0
48  41  30  0
-23  45  1  0
13  -49  23  0
-8  27  -2  0
22  39  -10  0
-1  -6  48  0
-46  57  10  0
-47  -24  12  0
-39  -8  5  0
-49  39  12  0
-45  15  41  0
26  -8  -40  0
-44  57  -31  0
-42  -57  40  0
56  21  14  0
48  40  10  0
-32  -11  -50  0
-5  -60  52  0
53  55  -46  0
18  58  -29  0
-34  56  -23  0
7  15  -17  0
54  19  -8  0
37  -40  22  0
33  23  -58  0
45  -31  8  0
11  37  -36  0
-23  47  56  0
21  51  -32  0
24  -45  -22  0
-56  -14  -23  0
-11  -49  -30  0
39  16  25  0
59  25  17  0
9  -7  28  0
-37  41  20  0
30  34  35  0
-14  36  41  0
-39  4  50  0
-36  -11  -41  0
-18  2  -14  0
11  6  -32  0
22  37  -30  0
-52  14  -3  0
23  -13  -2  0
-44  37  52  0
-12  -38  -42  0
-22  -54  49  0
-51  55  -53  0
-50  46  -7  0
12  13  -34  0
34  -14  60  0
20  -13  47  0
-13  -58  -29  0
-35  -29  47  0
28  9  8  0
-51  -40  21  0
58  16  15  0
40  -4  43  0
-8  -7  -30  0
5  -53  -51  0
-32  40  39  0
5  -31  -13  0
-53  52  18  0
48  32  -28  0
13  -32  2  0
4  -56  59  0
59  37  5  0
35  56  43  0
-34  -18  -40  0
44  -48  -30  0
-27  -52  -56  0
43  7  41  0
44  -18  -58  0
57  37  29  0
12  -53  -44  0
-51  -40  32  0
7  -56  47  0
48  54  -52  0
19  49  -24  0
-49  17  34  0
49  -15  40  0
32  -50  58  0
-41  28  -43  0
51  -22  29  0
-19  45  11  0
54  24  46  0
1  -30  9  0
10  -40  -50  0
29  60  49  0
1  -23  26  0
-36  53  39  0
-31  22  52  0
-36  -8  -52  0
-27  3  57  0
-18  -10  13  0
-14  27  7  0
43  -37  -58  0
29  -17  -44  0
-37  8  38  0
30  45  34  0
24  23  46  0
-49  -29  37  0
-33  -34  60  0
-59  -40  -23  0
-26  -47  49  0
42  28  -41  0
18  -58  42  0
-3  47  37  0
23  -15  -2  0
12  8  -47  0
35  -6  38  0
7  -13  33  0
32  -42  -53  0
-37  -11  28  0
57  -32  -11  0
-21  39  7  0
12  -8  -31  0
51  -27  31  0
-55  23  50  0
10  -22  -5  0
-9  55  -6  0
-27  59  -43  0
23  15  50  0
9  -31  57  0
-50  -58  -17  0
-55  -10  21  0
32  57  24  0
5  -43  -3  0
38  4  -19  0
-34  -1  8  0
25  -40  57  0
4  -53  46  0
37  57  4  0
42  27  19  0
9  -51  33  0
47  41  24  0
8  1  -47  0
17  -40  48  0
31  -37  43  0
60  41  -52  0
-57  -29  -20  0
-48  -22  36  0
33  -56  -37  0
51  55  25  0
59  13  -28  0
-30  53  21  0
26  -43  13  0
45  -44  -33  0
-7  59  28  0
-32  43  12  0
56  35  54  0
-8  -33  23  0
13  -41  9  0
17  35  -9  0
24  25  53  0
56  22  53  0
-42  4  22  0
-52  -1  -47  0
-24  -56  -25  0
1  -50  -24  0
-21  -5  15  0
8  29  -36  0
-56  -17  15  0
-10  12  35  0
51  -20  -13  0
-60  7  3  0
-43  -5  -53  0
-8  60  44  0
18  54  10  0
24  47  16  0
53  -27  11  0
-10  16  -58  0
-8  -20  15  0
-24  -1  44  0
-44  -34  35  0
51  -7  12  0
36  34  30  0
-27  13  44  0
45  -48  24  0
-42  31  36  0
37  -45  54  0
-8  -13  42  0
-54  26  -17  0
32  23  -60  0
-38  -54  -9  0
9  -50  -20  0
11  -12  -30  0
28  -19  31  0
35  -37  -42  0
32  50  -37  0
-16  -26  -39  0
-28  -19  53  0
-34  12  6  0
-42  40  46  0
-3  53  47  0
-43  34  24  0
5  -59  -28  0
-31  -21  -35  0
13  -12  -53  0
-30  40  33  0
-37  -30  -35  0
6  -16  49  0
-27  45  9  0
-49  40  19  0
5  -44  10  0
8  30  -15  0
11  -56  -42  0
40  -25  -23  0
45  19  35  0
52  26  46  0
43  -58  52  0
-19  24  -14  0
18  -19  -60  0
49  -14  -33  0
-4  -14  -12  0
4  -16  44  0
-59  -53  45  0
35  26  18  0
10  -13  -16  0
-9  -20  -3  0
-51  -60  -6  0
-7  -12  47  0
54  19  28  0
58  7  -36  0
-10  -8  -48  0
59  -48  -20  0
-16  17  7  0
-17  9  55  0
-47  25  17  0
-20  -16  -2  0
12  1  13  0
35  -57  -23  0
57  -16  43  0
-31  47  -56  0
-28  -38  41  0
1  30  -59  0
-37  -27  -12  0
-38  -14  25  0
54  -17  -33  0
-34  37  44  0
16  -38  -43  0
-42  -20  13  0
-11  -21  -1  0
-48  -10  -8  0
-19  -15  -36  0
5  -54  -32  0
-58  -51  31  0
44  15  19  0
10  23  -20  0
-24  6  -40  0
18  23  -5  0
