c mkcnf random cnf with seed 826690, max clause length 3
c FORCED SATISFIABLE
c 
p cnf 60  258
10  18  -12  0
-27  -33  5  0
-44  -25  34  0
-13  -58  15  0
-60  58  -28  0
48  39  41  0
-58  57  -46  0
-6  28  -18  0
54  -33  -44  0
-46  -58  -60  0
-44  -59  -49  0
10  -58  33  0
12  28  37  0
17  -38  39  0
59  26  3  0
-49  -52  -9  0
-15  45  -16  0
-35  16  -31  0
44  50  -34  0
57  -55  -51  0
41  -17  52  0
14  -3  -52  0
51  -37  32  0
8  -40  35  0
-2  -48  -19  0
52  16  9  0
-37  -48  -32  0
-10  35  12  0
40  -57  35  0
-60  31  -8  0
29  -43  -27  0
-6  -33  47  0
29  -20  41  0
-50  54  -15  0
-58  50  -29  0
33  38  -11  0
-35  51  52  0
25  -43  13  0
50  10  17  0
-59  -57  -9  0
-53  3  18  0
-53  37  52  0
48  27  23  0
15  7  -5  0
-49  7  32  0
-54  -52  22  0
5  -21  -38  0
-25  1  4  0
59  48  -56  0
-35  -53  25  0
-1  -15  -37  0
-13  -20  -36  0
-58  25  57  0
30  8  -42  0
-11  2  47  0
-55  -49  33  0
-3  -40  9  0
59  54  31  0
-51  -40  -26  0
-25  41  24  0
38  -18  46  0
-59  23  43  0
24  -23  -16  0
-42  30  47  0
33  -53  11  0
-45  -23  48  0
57  45  -37  0
21  12  -59  0
-43  14  28  0
-8  -9  -43  0
17  -21  33  0
52  40  45  0
-55  -2  39  0
25  58  -8  0
-16  20  53  0
28  -6  -5  0
4  17  3  0
8  32  58  0
-2  -27  -4  0
37  55  -33  0
-46  4  -17  0
-36  9  -30  0
27  44  -11  0
-25  29  -11  0
-21  -33  -59  0
-5  -26  -1  0
-48  56  23  0
58  -27  -51  0
-60  -29  58  0
-34  13  -31  0
-53  3  26  0
-48  54  39  0
-45  52  -56  0
-13  27  -40  0
5  57  -59  0
5  -21  25  0
48  -22  28  0
-15  12  3  0
19  48  12  0
35  -25  29  0
28  -34  55  0
53  2  34  0
17  -5  -32  0
21  -11  -9  0
-35  47  -34  0
27  -25  -33  0
8  -36  23  0
-39  -5  18  0
-41  -30  26  0
-7  -25  -39  0
19  -60  12  0
6  35  48  0
-45  -44  10  0
-7  46  36  0
52  13  55  0
-47  38  -56  0
41  60  29  0
38  -20  -25  0
27  -41  -17  0
44  -40  -15  0
52  -11  53  0
-50  30  33  0
-23  -11  52  0
-3  -12  -53  0
35  -46  54  0
12  -31  -7  0
-2  -40  -53  0
25  7  36  0
-55  8  -1  0
11  39  -26  0
35  20  -24  0
42  54  3  0
36  42  -34  0
59  44  -48  0
22  35  -10  0
-35  -38  47  0
46  14  20  0
22  -55  -9  0
-45  39  -46  0
41  -59  18  0
-51  15  -9  0
-56  46  16  0
5  28  -49  0
36  32  58  0
44  27  -30  0
-49  -54  58  0
27  -51  -47  0
38  -41  6  0
-24  20  -45  0
-26  51  20  0
13  19  -60  0
-22  -4  45  0
-8  -4  -28  0
-32  -11  -31  0
-47  -45  51  0
42  59  -27  0
28  58  -26  0
38  -35  46  0
58  52  -56  0
38  -55  9  0
14  -52  22  0
-59  -16  20  0
35  -6  -24  0
12  9  46  0
-1  52  8  0
46  -15  -55  0
-1  -15  -53  0
57  -18  29  0
-47  -51  -35  0
-54  -4  56  0
28  -53  2  0
-6  27  5  0
-33  -38  -45  0
-51  -45  57  0
49  -24  -2  0
55  50  -48  0
29  51  30  0
35  44  38  0
34  -31  27  0
-20  60  -57  0
-24  -22  -25  0
56  40  -26  0
42  28  31  0
52  34  12  0
-11  33  -44  0
-21  58  -16  0
-24  -49  54  0
3  36  9  0
-34  -17  -45  0
36  -8  4  0
-47  22  36  0
5  -41  24  0
-56  -47  -1  0
-20  -41  -22  0
54  -48  30  0
-49  39  -40  0
-3  23  -59  0
33  55  35  0
35  -54  -57  0
37  17  -54  0
30  -26  -17  0
-12  3  -40  0
29  32  -15  0
-47  -30  31  0
-11  24  54  0
16  -24  32  0
-29  55  -28  0
-33  52  9  0
-60  16  59  0
45  16  30  0
34  -14  39  0
32  17  51  0
-17  -7  -32  0
-8  52  18  0
44  -57  18  0
5  37  35  0
-13  11  32  0
18  -46  -21  0
24  39  48  0
-7  41  -23  0
7  -24  55  0
-19  52  -49  0
-57  -11  -15  0
-22  2  -9  0
-6  59  27  0
-1  -32  43  0
20  -9  8  0
-42  -41  29  0
47  25  -12  0
31  11  -7  0
-30  -25  -6  0
55  14  -30  0
-25  59  22  0
-33  8  56  0
-5  -56  -47  0
59  41  -18  0
-8  -4  -59  0
-58  20  21  0
4  56  32  0
17  -27  -28  0
53  -43  6  0
-9  -42  -16  0
45  18  31  0
6  -52  -21  0
50  -21  42  0
-9  36  18  0
53  -43  -49  0
28  18  50  0
6  14  -7  0
-34  8  37  0
-51  56  18  0
-37  -49  13  0
52  -43  22  0
4  -9  -15  0
7  -57  -9  0
-12  -6  -15  0
60  15  -33  0
-21  -57  -24  0
