c mkcnf random cnf with seed 826652, max clause length 3
c FORCED SATISFIABLE
c 
p cnf 60  258
58  20  -11  0
55  44  2  0
8  39  -38  0
57  -56  26  0
19  -50  -47  0
31  38  -27  0
3  46  -11  0
-16  51  40  0
14  -36  31  0
-48  -8  54  0
38  21  -42  0
29  8  43  0
-57  -8  4  0
26  -56  -51  0
40  -29  -39  0
58  20  31  0
-27  -45  -38  0
52  -53  23  0
24  34  -12  0
-31  -15  18  0
-52  28  -60  0
-39  28  10  0
15  31  18  0
-15  -48  17  0
-42  4  -12  0
14  21  8  0
50  45  -40  0
18  14  48  0
-49  -31  12  0
-9  -33  -3  0
49  -32  28  0
22  50  -6  0
-43  -44  -53  0
-50  -39  -45  0
-40  26  -37  0
-17  25  21  0
-29  51  -35  0
-48  -3  -32  0
2  -60  7  0
13  -32  -18  0
37  48  4  0
-43  35  51  0
29  -13  -37  0
-21  13  48  0
52  28  4  0
-14  57  -31  0
-2  -38  -1  0
45  35  -41  0
43  22  40  0
-44  -56  45  0
-60  37  57  0
-13  7  15  0
30  24  -16  0
31  -38  13  0
37  46  34  0
-31  58  -43  0
52  -28  -5  0
54  5  1  0
-14  28  -35  0
-32  56  -15  0
57  -56  24  0
8  17  -58  0
42  -23  -56  0
-14  29  17  0
32  57  26  0
28  60  -26  0
23  6  37  0
12  36  -39  0
52  -55  39  0
51  -19  22  0
46  34  -35  0
35  -7  2  0
-56  -27  -21  0
56  -34  -13  0
38  40  -33  0
11  1  25  0
-40  60  27  0
7  -8  28  0
-20  -37  -44  0
-31  -18  -3  0
54  -31  -14  0
-47  56  60  0
-1  -56  39  0
23  -57  -18  0
14  32  19  0
-2  27  -32  0
51  -26  -60  0
12  8  36  0
-38  -11  55  0
19  45  -15  0
-49  -20  -1  0
27  -46  -22  0
18  21  -22  0
13  -8  12  0
40  43  31  0
-18  -22  -6  0
-54  -40  53  0
-15  -9  22  0
-10  -24  -53  0
-49  -26  8  0
-38  -2  55  0
-46  8  -29  0
50  -14  -8  0
-29  57  -55  0
-50  47  -5  0
21  13  -56  0
-28  53  -40  0
52  57  -39  0
44  -25  -46  0
-41  -30  16  0
-7  -19  -11  0
23  41  -13  0
36  31  13  0
-30  56  -44  0
53  60  36  0
-46  35  -40  0
44  29  17  0
54  7  27  0
-14  -50  -37  0
30  -29  11  0
48  30  -36  0
-47  1  34  0
-57  27  -12  0
16  -50  25  0
-11  55  10  0
1  -22  52  0
48  -2  40  0
-40  -51  -16  0
55  5  52  0
-21  54  -7  0
4  -54  16  0
41  -23  -43  0
-41  39  50  0
40  -16  15  0
7  -47  -49  0
50  -40  35  0
29  -10  -19  0
7  6  17  0
-45  -10  58  0
-38  -25  -37  0
-57  23  -3  0
-29  14  9  0
-26  56  -41  0
26  -58  -23  0
-50  12  59  0
4  9  30  0
-36  3  -46  0
59  60  26  0
5  -46  -44  0
-56  -53  -7  0
-43  2  27  0
41  27  -16  0
-35  54  -42  0
-29  -17  58  0
50  34  56  0
48  -45  43  0
-4  28  12  0
35  43  27  0
-1  24  -10  0
-55  33  -48  0
7  26  -45  0
-24  -53  -30  0
33  -60  45  0
-8  55  54  0
-29  58  36  0
-31  -23  19  0
-41  -55  5  0
47  19  7  0
-23  -36  33  0
53  40  54  0
12  -19  23  0
-31  -19  -4  0
-44  -39  12  0
-1  22  52  0
46  8  50  0
18  -1  -47  0
15  20  17  0
-43  -11  -39  0
18  36  42  0
-15  10  30  0
-54  46  55  0
-17  24  -6  0
-9  43  23  0
-6  -24  -46  0
-52  -51  -41  0
-58  33  -60  0
-18  -49  14  0
34  -42  -26  0
-55  22  -46  0
31  -59  34  0
-15  22  -57  0
37  -23  46  0
-12  46  7  0
-52  -15  24  0
25  60  -49  0
-58  35  38  0
-51  -32  5  0
15  -48  -44  0
27  -39  -23  0
-8  -58  10  0
56  -48  60  0
52  -6  29  0
-32  4  -31  0
21  -40  -38  0
-1  24  -41  0
29  -13  22  0
31  -42  -9  0
52  16  31  0
-23  -22  -32  0
-35  43  -57  0
36  56  -22  0
56  -32  -60  0
-22  -16  -40  0
51  -46  15  0
1  -43  41  0
21  14  -12  0
-15  51  25  0
-53  -38  -4  0
-45  -23  -38  0
9  48  -53  0
-51  -12  59  0
1  46  7  0
27  2  -47  0
14  -16  17  0
49  -53  -36  0
16  -31  28  0
-50  -16  39  0
29  60  14  0
45  -40  -30  0
-55  1  21  0
-54  32  -9  0
32  -54  25  0
-41  10  59  0
27  -31  -15  0
60  25  39  0
-40  -60  48  0
31  -44  -42  0
42  50  56  0
-12  -37  54  0
-21  -13  32  0
45  -26  -15  0
-19  35  22  0
-55  34  -35  0
42  34  -33  0
9  6  -49  0
27  -46  55  0
15  13  -9  0
-8  16  -20  0
8  -17  40  0
-3  -57  -22  0
-27  -24  50  0
-2  43  40  0
58  -9  41  0
51  56  21  0
-55  6  1  0
53  60  -26  0
-37  -12  23  0
-6  -26  28  0
