c mkcnf random cnf with seed 826631, max clause length 3
c FORCED SATISFIABLE
c 
p cnf 60  258
-32  -13  22  0
20  -44  43  0
-21  38  46  0
38  59  -43  0
-51  11  52  0
22  -34  -4  0
3  -10  25  0
41  47  -58  0
-50  41  -30  0
-27  -46  -43  0
21  1  -25  0
-52  15  -16  0
-18  3  16  0
57  3  44  0
-52  -31  48  0
-31  -50  59  0
-8  9  -26  0
28  -51  -6  0
-3  -51  -27  0
17  6  55  0
58  4  -55  0
-41  -47  39  0
-58  -17  51  0
-4  27  -45  0
-29  35  58  0
17  13  14  0
13  -45  -51  0
32  22  26  0
50  -48  -55  0
-56  2  -45  0
41  -55  15  0
17  -49  24  0
47  4  49  0
-56  -32  -50  0
-21  3  -36  0
18  -44  -3  0
-12  -37  -22  0
9  18  36  0
-4  20  35  0
-46  -4  27  0
-34  3  2  0
23  32  -1  0
47  -9  50  0
20  18  54  0
42  -9  11  0
22  -28  -19  0
-20  53  -18  0
-29  -13  -36  0
59  -16  -51  0
-23  -56  59  0
-57  14  -38  0
17  1  46  0
-39  32  -17  0
25  -43  17  0
-40  -53  6  0
13  -39  -23  0
-30  -26  60  0
55  -59  -57  0
-20  43  -39  0
-1  36  -39  0
-59  -27  49  0
37  -52  22  0
4  -52  42  0
-9  -29  -55  0
-17  -9  27  0
23  -1  20  0
8  6  60  0
-8  22  23  0
-57  -29  53  0
-36  -10  -5  0
19  -44  2  0
47  -5  -38  0
-56  -30  -41  0
59  -2  57  0
52  57  58  0
19  11  -35  0
15  23  24  0
14  26  40  0
-51  -13  48  0
-14  -37  16  0
-40  -45  -12  0
-39  -51  -54  0
-19  -35  -36  0
17  10  -3  0
-5  48  51  0
-26  -6  -18  0
9  25  12  0
1  54  39  0
-26  -49  -7  0
-21  59  39  0
9  15  44  0
-10  30  -49  0
-59  19  -35  0
17  43  22  0
38  48  -37  0
15  -58  36  0
-41  -44  -24  0
-12  30  -36  0
-3  -41  5  0
-10  -49  9  0
-26  56  -11  0
22  45  10  0
14  6  47  0
57  28  -49  0
57  -54  -30  0
19  -5  -2  0
-31  -51  -41  0
-52  -23  -33  0
30  -35  13  0
44  -42  52  0
-28  25  56  0
56  -54  -1  0
25  -32  -5  0
-5  50  -51  0
23  50  -1  0
21  -41  47  0
30  2  -16  0
37  11  -9  0
-17  -5  44  0
-2  -6  30  0
47  3  9  0
-50  59  35  0
-4  -11  19  0
-5  9  6  0
54  33  -40  0
36  -12  46  0
36  45  -14  0
23  34  57  0
-43  -19  -40  0
33  -17  5  0
20  47  -58  0
38  -47  -12  0
31  -21  28  0
21  -18  -11  0
-44  -29  -45  0
35  57  -3  0
-29  -50  1  0
36  -33  -50  0
-1  34  27  0
52  -39  49  0
29  -58  52  0
25  -46  24  0
17  -11  49  0
6  18  10  0
-60  28  9  0
42  -50  55  0
23  -21  -5  0
1  55  -50  0
23  -31  -17  0
49  42  54  0
-19  -3  50  0
2  -19  -10  0
45  -58  -16  0
39  44  -31  0
18  28  -33  0
-44  -30  -56  0
34  -43  -35  0
49  28  -5  0
36  -35  51  0
41  16  47  0
-50  26  56  0
-26  -31  -5  0
-21  -36  11  0
-49  38  -28  0
57  -46  45  0
-53  40  -50  0
-41  48  -10  0
52  5  15  0
-25  56  -30  0
-53  6  -54  0
55  -57  56  0
26  -9  -30  0
-17  -56  -45  0
-39  26  -57  0
-29  -2  -18  0
-52  3  33  0
26  -5  2  0
-14  -16  29  0
17  58  -42  0
-49  -25  -43  0
-53  23  -8  0
50  -52  20  0
-47  -49  -48  0
31  -15  33  0
-45  -27  21  0
-31  29  19  0
42  12  14  0
1  7  50  0
-28  -25  -52  0
-36  24  -29  0
-13  -5  -60  0
38  39  52  0
54  55  -18  0
-52  58  20  0
-57  -14  -17  0
-3  -34  -26  0
11  29  -26  0
-17  -46  22  0
-28  -36  29  0
53  1  -6  0
-50  45  -47  0
-60  32  14  0
-7  -12  -4  0
44  32  38  0
26  -45  7  0
-16  49  -37  0
38  18  -59  0
-9  46  -47  0
-54  12  16  0
9  -27  -55  0
-6  -40  -38  0
4  -28  32  0
-60  -30  -18  0
20  -29  -38  0
57  30  -34  0
12  56  -46  0
56  -60  -16  0
11  2  -20  0
-15  -7  13  0
43  47  13  0
14  2  -13  0
-20  -25  56  0
2  -5  -51  0
-30  14  -43  0
55  -57  -58  0
11  -44  26  0
-21  38  -44  0
46  9  16  0
-26  52  29  0
46  57  -56  0
-57  54  -13  0
5  -9  -45  0
-32  -3  39  0
23  -10  -59  0
-26  -9  13  0
-21  6  -50  0
41  30  -36  0
8  1  -28  0
19  53  34  0
-33  -28  -36  0
-49  -44  51  0
-1  60  -22  0
22  -19  -11  0
44  -51  26  0
16  27  -33  0
-3  25  24  0
-34  -25  35  0
-23  -17  -48  0
-56  23  -29  0
-28  -2  19  0
8  -1  -59  0
-32  23  -48  0
60  -38  18  0
-39  -32  -15  0
15  -49  20  0
-3  54  -31  0
-13  15  47  0
-29  17  -11  0
