c mkcnf random cnf with seed 826670, max clause length 3
c FORCED SATISFIABLE
c 
p cnf 60  258
-54  60  -2  0
-24  29  -15  0
-4  45  -3  0
9  19  35  0
7  51  -16  0
53  20  11  0
58  15  -11  0
40  11  52  0
-13  21  -43  0
26  47  38  0
-27  -39  -21  0
29  1  8  0
-14  -58  2  0
-13  -5  24  0
-40  60  17  0
-23  -9  -5  0
5  52  3  0
26  -22  38  0
14  44  26  0
22  20  27  0
-4  52  -44  0
-35  -41  -60  0
4  15  12  0
-9  47  23  0
33  27  60  0
-57  54  -60  0
-45  40  20  0
-3  -22  -15  0
33  15  -7  0
9  59  2  0
15  56  -48  0
-31  -35  -46  0
-60  -30  -53  0
17  9  8  0
-45  -17  24  0
46  -32  30  0
59  17  13  0
46  -38  -2  0
15  11  -44  0
-37  -18  -54  0
-44  -60  -54  0
-54  -27  31  0
-6  -58  53  0
52  24  -23  0
52  40  11  0
1  51  -6  0
28  25  52  0
25  37  -33  0
23  -38  -18  0
-36  25  -53  0
-2  40  -55  0
44  -34  -10  0
28  13  51  0
10  28  48  0
46  25  -52  0
-32  14  42  0
19  -56  41  0
-1  -30  23  0
7  23  -10  0
-48  11  37  0
-7  -3  -15  0
15  -44  -59  0
14  -7  -40  0
-46  -9  -56  0
-13  -2  -16  0
4  37  25  0
-47  -55  38  0
-52  14  -42  0
11  36  45  0
20  27  12  0
-60  7  -43  0
-21  -26  49  0
-58  44  14  0
49  10  44  0
54  11  -46  0
51  22  -18  0
1  -33  -46  0
34  -26  43  0
36  39  16  0
-39  6  35  0
-34  54  50  0
22  2  -56  0
-17  40  42  0
-4  -31  34  0
-26  -38  47  0
-46  -32  13  0
-42  15  57  0
34  -59  4  0
50  39  53  0
25  -31  40  0
16  38  56  0
18  -32  26  0
-6  47  -7  0
-29  -17  -37  0
-44  36  8  0
8  21  19  0
-59  -48  52  0
-12  27  -11  0
-48  1  -13  0
-38  49  19  0
34  35  26  0
31  -54  33  0
-48  52  56  0
-54  -28  3  0
-10  -18  53  0
-3  44  -12  0
-19  -4  35  0
32  -48  9  0
-45  -36  -49  0
1  -23  -52  0
-6  -29  23  0
5  -2  -11  0
14  17  34  0
5  -29  -45  0
3  -28  -14  0
54  43  -3  0
-21  24  -56  0
38  -55  -18  0
-45  9  -16  0
-14  16  -4  0
1  -5  6  0
19  -16  -26  0
23  9  -3  0
48  -34  -26  0
13  -50  25  0
-33  11  29  0
45  35  33  0
-35  -17  41  0
-33  55  54  0
-15  -25  -16  0
-40  -3  -59  0
41  -35  -16  0
-39  -9  2  0
-45  59  6  0
12  47  24  0
20  27  9  0
8  -40  11  0
-26  53  -5  0
11  -13  -27  0
38  -42  16  0
-51  -39  -23  0
-57  33  7  0
48  21  -42  0
47  -38  -2  0
43  54  42  0
18  60  -20  0
-32  -60  -39  0
41  27  -9  0
12  -48  -1  0
18  55  -41  0
51  -38  24  0
-5  54  -12  0
-51  8  43  0
-46  39  -58  0
43  -42  -8  0
26  47  40  0
54  10  22  0
53  -30  -47  0
19  56  -7  0
-59  28  -43  0
-55  34  16  0
58  32  -21  0
56  -58  -24  0
-57  47  22  0
-55  47  8  0
23  28  -40  0
-42  -17  -55  0
18  17  11  0
21  2  44  0
53  -8  -50  0
-11  15  -47  0
-37  5  -46  0
-33  -40  11  0
-34  51  56  0
40  17  -29  0
33  35  32  0
-35  13  60  0
45  -51  -24  0
-10  -45  -3  0
6  42  57  0
-51  4  -59  0
-39  -23  -15  0
-58  -49  20  0
42  -22  -33  0
-34  -3  -23  0
13  41  -36  0
29  58  43  0
-16  -7  -47  0
-31  -19  52  0
-11  -47  -49  0
-57  -31  -36  0
4  -57  -7  0
-26  28  30  0
-18  23  41  0
54  -5  18  0
-60  -55  -46  0
-1  39  26  0
-10  44  33  0
5  -14  -28  0
25  -54  -11  0
-20  -22  42  0
37  1  -32  0
-48  -43  -20  0
12  -17  30  0
-12  -55  -1  0
-36  31  -9  0
-46  36  5  0
-39  -60  55  0
2  -46  -38  0
28  -45  -11  0
16  43  -12  0
53  8  39  0
-9  -48  2  0
-6  -52  39  0
30  43  -28  0
34  -16  -49  0
56  21  -20  0
29  43  21  0
-24  11  -7  0
-38  -44  14  0
-18  -11  -39  0
-37  16  -53  0
-12  5  46  0
54  38  59  0
28  37  49  0
9  58  5  0
46  -2  9  0
11  -4  -9  0
-33  -39  -2  0
-44  31  -58  0
-2  18  -53  0
-27  30  -58  0
-52  -19  56  0
34  -27  -18  0
13  20  -1  0
-31  15  54  0
57  -5  -43  0
31  -53  -19  0
60  -24  25  0
-13  37  51  0
-17  -35  -57  0
-30  24  -36  0
-3  16  50  0
-50  -26  54  0
34  7  -14  0
27  -21  7  0
-42  11  52  0
-31  -43  -21  0
-42  12  41  0
60  -39  -15  0
-33  -26  -58  0
52  -25  38  0
14  22  -6  0
-53  -20  -35  0
-54  -16  42  0
-1  13  -25  0
51  14  44  0
16  5  31  0
