c mkcnf random cnf with seed 826659, max clause length 3
c FORCED SATISFIABLE
c 
p cnf 60  258
6  -2  -48  0
31  -2  45  0
-23  -1  -44  0
34  -45  43  0
22  -2  12  0
-1  -40  -56  0
10  47  3  0
-48  -58  53  0
6  5  33  0
11  51  -56  0
3  43  -37  0
-4  60  48  0
29  20  21  0
-38  -45  -58  0
-27  58  10  0
-36  -9  -16  0
-53  -57  -1  0
-31  13  -47  0
-49  2  -45  0
53  47  40  0
30  -47  1  0
-46  -31  -59  0
-17  -19  -14  0
26  -28  16  0
19  -4  -46  0
31  -12  -57  0
51  -38  20  0
-22  -36  27  0
-44  53  40  0
34  -9  -26  0
27  44  23  0
-10  -31  49  0
6  37  -3  0
-45  9  -56  0
-23  18  -40  0
-54  59  -8  0
-5  54  -23  0
56  -50  22  0
41  -37  -31  0
-13  -40  34  0
-56  34  -51  0
-21  -4  -15  0
-10  -18  -19  0
-55  24  27  0
53  26  -45  0
-21  24  26  0
18  20  37  0
45  59  44  0
2  11  56  0
-55  7  5  0
-59  -2  -21  0
52  39  36  0
12  -46  18  0
-36  60  -24  0
26  -56  38  0
-52  24  -28  0
5  48  -58  0
-9  -15  34  0
-28  -57  -31  0
11  -49  -9  0
-28  40  -6  0
51  26  19  0
-23  6  -44  0
51  1  -37  0
6  33  56  0
-30  -46  -48  0
-32  -34  18  0
-1  -56  8  0
9  59  -23  0
-47  54  -60  0
-26  1  17  0
-37  48  60  0
55  -9  -29  0
50  -55  -51  0
-13  9  -49  0
-48  -59  35  0
-49  -34  -52  0
-52  22  -35  0
-22  -58  -8  0
-36  39  -9  0
54  15  -58  0
-13  -33  -45  0
10  -1  -17  0
29  60  -11  0
1  -19  30  0
-8  -20  23  0
-31  -18  47  0
5  32  -51  0
58  -20  -25  0
15  -13  3  0
16  56  -27  0
-23  -1  30  0
29  -33  -22  0
27  5  24  0
-21  23  -52  0
-32  56  28  0
-27  47  -19  0
-10  -36  23  0
46  57  27  0
-1  42  26  0
39  3  36  0
-39  -30  -32  0
-13  -36  -24  0
-57  47  -54  0
32  26  56  0
49  33  -24  0
2  27  34  0
14  -52  1  0
-7  -20  -37  0
-40  -34  -60  0
22  -3  -54  0
36  53  -14  0
-23  -54  30  0
59  -22  -55  0
30  10  14  0
-59  18  56  0
-32  -23  -3  0
3  -7  -44  0
-56  50  -43  0
-11  4  39  0
3  -4  12  0
15  -14  22  0
-37  -35  -22  0
-39  -53  -46  0
-44  11  42  0
-41  -43  -34  0
-8  -15  -36  0
41  43  -52  0
55  -50  23  0
-2  -42  -5  0
38  -31  -12  0
31  45  11  0
33  -51  36  0
50  45  12  0
52  17  21  0
51  60  -15  0
24  41  27  0
2  41  -57  0
-39  21  27  0
22  7  -43  0
1  -26  8  0
38  -37  34  0
32  60  -27  0
43  -36  58  0
47  -52  44  0
53  -43  41  0
16  -52  -60  0
-22  15  -54  0
22  44  18  0
-15  48  -53  0
-44  -5  -7  0
-2  55  54  0
-32  52  -18  0
38  17  -45  0
-27  44  -23  0
-12  13  -22  0
2  -6  35  0
-20  49  25  0
33  31  -8  0
-30  -52  -12  0
9  -4  -28  0
-44  -34  42  0
36  58  -7  0
-55  18  42  0
28  -19  24  0
2  36  50  0
10  -35  -20  0
-56  -42  -8  0
38  -29  40  0
59  -14  -24  0
42  57  14  0
26  56  -20  0
-12  16  56  0
38  -37  23  0
10  43  -6  0
26  -49  -40  0
56  -14  -36  0
55  3  8  0
17  -13  23  0
-26  -16  -35  0
54  28  -40  0
-22  -25  -16  0
52  -54  -13  0
-24  -15  -21  0
8  -14  47  0
-42  -53  -56  0
57  -30  25  0
60  -7  -23  0
-25  -3  57  0
-1  -41  58  0
58  -46  10  0
29  5  -55  0
-52  -46  -10  0
45  -21  57  0
-35  -9  -44  0
22  -60  31  0
48  -10  -19  0
27  -29  -55  0
-9  53  51  0
-44  -1  -42  0
-4  37  -38  0
41  51  -37  0
59  2  39  0
-52  -3  14  0
-1  32  -57  0
-32  26  8  0
57  -12  -15  0
15  -43  32  0
31  10  -17  0
-30  -19  44  0
57  -35  -30  0
23  -42  24  0
-54  -8  56  0
-15  16  37  0
26  53  -22  0
-26  -49  -44  0
-9  35  2  0
20  55  -22  0
3  6  15  0
-36  51  -7  0
-19  -20  35  0
54  5  -39  0
-45  29  -10  0
5  1  -11  0
20  55  -41  0
28  -9  52  0
22  -51  24  0
31  -18  -22  0
27  -7  54  0
7  9  53  0
-50  -33  29  0
-51  -48  28  0
15  -4  -50  0
45  -31  34  0
23  36  -8  0
2  12  43  0
31  -56  6  0
58  34  20  0
49  21  -29  0
8  47  -43  0
34  -32  3  0
31  -30  3  0
22  -4  1  0
-4  23  44  0
25  3  -49  0
36  -51  -57  0
50  -27  -33  0
-56  -17  30  0
18  -49  -23  0
13  35  -24  0
9  10  -3  0
-26  14  51  0
-35  -2  -43  0
12  45  5  0
3  -11  27  0
58  -22  -35  0
-39  11  37  0
-42  35  -33  0
