c mkcnf random cnf with seed 826644, max clause length 3
c FORCED SATISFIABLE
c 
p cnf 60  258
-39  49  56  0
-47  -9  -8  0
38  23  36  0
43  58  56  0
26  31  17  0
-32  -18  13  0
22  -21  1  0
27  -9  -55  0
-22  -54  60  0
-11  -14  6  0
-59  -49  31  0
22  1  12  0
13  51  -24  0
5  -9  -16  0
7  56  57  0
-24  23  -10  0
53  36  34  0
-39  -10  3  0
17  -32  -44  0
10  57  49  0
-38  -7  -17  0
-42  24  8  0
-38  56  -2  0
30  -25  11  0
58  -2  -27  0
25  2  -33  0
26  15  -10  0
28  16  35  0
21  -56  34  0
-12  21  30  0
-3  2  -38  0
57  9  -60  0
-46  -15  30  0
-10  7  24  0
28  19  1  0
-18  -36  -50  0
-18  -46  -34  0
19  -29  -48  0
9  -41  -22  0
15  -31  54  0
51  -16  -10  0
57  41  -11  0
-58  -55  -18  0
-40  59  52  0
-45  -19  59  0
19  -58  -56  0
-22  -5  7  0
-59  -24  -32  0
37  -3  21  0
-27  54  -19  0
37  41  27  0
28  27  -3  0
-57  -58  -3  0
22  -41  31  0
-56  -8  -10  0
-26  -16  -14  0
-24  -60  -35  0
-12  -19  28  0
-56  -31  -27  0
28  32  24  0
42  37  28  0
2  22  44  0
-34  -51  -44  0
-52  28  15  0
8  41  22  0
44  -28  10  0
-20  -28  60  0
35  -2  3  0
53  48  -43  0
-46  23  -39  0
-22  54  -13  0
26  -16  51  0
-57  -2  10  0
-54  19  -21  0
53  31  40  0
24  5  52  0
-52  29  10  0
-55  -34  -60  0
41  60  -21  0
-5  -18  58  0
-10  44  -40  0
-31  -9  4  0
-24  -4  18  0
-24  18  31  0
30  -3  52  0
-20  -55  -46  0
-11  -14  40  0
-43  -3  10  0
50  -38  27  0
-1  3  40  0
-29  -59  21  0
-45  15  -54  0
-16  12  -33  0
-9  29  46  0
54  26  14  0
11  -45  50  0
37  42  15  0
-20  -49  55  0
7  59  30  0
35  -57  37  0
-18  55  24  0
6  -36  -32  0
34  25  37  0
15  27  -51  0
-57  19  28  0
54  -36  -25  0
-48  -2  60  0
-11  5  -29  0
-49  -55  11  0
53  14  -35  0
-54  51  -18  0
-4  -51  -29  0
-54  -58  -29  0
18  -46  -47  0
44  33  -56  0
28  -44  -47  0
-39  32  -31  0
-8  51  34  0
28  44  27  0
-5  -26  -27  0
-11  53  18  0
2  35  38  0
-43  13  37  0
26  24  52  0
-36  -32  20  0
21  59  55  0
54  38  -59  0
-34  -39  -49  0
-7  36  -19  0
47  42  -16  0
-12  -56  10  0
-47  23  -54  0
-28  19  -24  0
-27  53  13  0
56  22  42  0
33  -16  9  0
-14  18  -40  0
-8  30  -38  0
17  21  -44  0
16  49  60  0
10  47  6  0
9  -37  -27  0
20  -40  -15  0
-13  15  -5  0
-43  -31  14  0
4  10  -1  0
54  -12  23  0
-14  -33  3  0
54  -29  -47  0
-39  -34  -36  0
38  27  39  0
58  6  -28  0
-22  -45  -55  0
-38  48  -20  0
12  -19  6  0
37  -58  18  0
45  50  30  0
59  -9  18  0
-35  24  6  0
-40  41  44  0
39  46  -49  0
-40  19  15  0
-18  -11  -4  0
21  36  -9  0
32  -46  59  0
-49  -4  56  0
-51  39  2  0
53  4  31  0
23  -33  41  0
-21  30  -53  0
-35  -53  60  0
-27  1  -40  0
23  58  3  0
-17  45  52  0
27  39  -42  0
2  -37  22  0
-49  14  10  0
38  -27  9  0
42  56  34  0
-12  32  -16  0
26  3  -30  0
-23  -26  52  0
-31  33  13  0
8  16  50  0
6  -31  -5  0
-14  -45  13  0
29  -30  -10  0
8  22  11  0
-27  -16  50  0
22  -1  -48  0
-16  -9  -24  0
-54  -15  -42  0
-32  -13  -3  0
-41  -24  -16  0
21  -33  32  0
8  16  26  0
-51  22  60  0
-38  -32  57  0
31  55  -8  0
-59  -17  16  0
23  -35  2  0
48  -13  -53  0
-24  -10  -2  0
-31  15  -28  0
6  44  30  0
34  -54  -57  0
35  -57  -11  0
-40  -24  -10  0
13  -39  19  0
41  50  32  0
12  -2  19  0
31  11  -55  0
18  -9  11  0
-59  42  -52  0
30  59  2  0
-26  -41  33  0
-37  13  -18  0
31  35  -21  0
-1  44  58  0
-14  49  -4  0
-36  -31  59  0
-35  7  29  0
3  6  52  0
52  -27  -37  0
54  -5  38  0
-27  12  -36  0
-35  59  48  0
1  40  2  0
40  39  17  0
-9  -51  52  0
-19  -42  -53  0
-24  23  -31  0
3  55  30  0
-8  -34  -32  0
25  24  -52  0
39  -27  58  0
-49  -5  -60  0
-38  42  28  0
29  1  12  0
4  51  -55  0
20  -59  50  0
52  26  12  0
-15  -39  51  0
38  -31  -4  0
-42  2  15  0
-16  37  -14  0
-60  35  -18  0
-58  34  -39  0
37  -44  -47  0
49  31  60  0
17  6  -57  0
44  -1  -60  0
36  -46  -13  0
1  13  -46  0
-22  47  33  0
-5  -28  -58  0
51  -6  25  0
-54  -9  37  0
