c mkcnf random cnf with seed 826648, max clause length 3
c FORCED SATISFIABLE
c 
p cnf 60  258
-18  -4  34  0
-12  26  17  0
-39  24  -20  0
-17  -59  -39  0
48  55  -22  0
-21  -6  16  0
-60  23  58  0
45  6  -33  0
44  -36  -39  0
-34  -36  9  0
52  -3  -14  0
-54  -43  28  0
-7  -15  39  0
16  -47  9  0
3  -46  47  0
-37  9  -49  0
1  -41  -20  0
-41  -37  25  0
7  41  -32  0
50  8  -39  0
28  40  -52  0
-12  17  -40  0
16  -10  38  0
-45  -29  -2  0
-7  43  -35  0
-7  60  27  0
-27  -9  34  0
-28  27  52  0
-4  -35  51  0
-8  30  57  0
-5  18  32  0
-24  32  -22  0
20  -7  31  0
10  -23  40  0
-13  -5  47  0
-22  -32  -33  0
-10  -23  -42  0
9  33  -8  0
54  -25  52  0
-5  30  -56  0
-14  22  -55  0
6  -8  -48  0
-35  -18  -60  0
-57  15  43  0
44  50  -60  0
60  -50  -59  0
-50  24  28  0
44  -60  29  0
28  -33  -8  0
-1  -37  -2  0
-40  19  -47  0
-55  37  49  0
-16  -49  34  0
6  -36  32  0
-52  11  -9  0
-15  -40  17  0
60  37  25  0
-14  23  50  0
54  -17  -31  0
45  -9  -36  0
6  -35  -43  0
18  -14  41  0
-17  21  43  0
13  26  -40  0
37  41  13  0
-53  -14  -30  0
56  25  -38  0
-25  -2  30  0
-14  -38  50  0
23  12  -51  0
-22  14  43  0
-50  31  6  0
-54  -31  58  0
43  -26  52  0
22  -4  -28  0
1  -4  -7  0
-41  55  -23  0
40  -57  -37  0
16  1  -35  0
-29  44  -50  0
-1  52  -41  0
-7  -50  -45  0
-11  19  39  0
-51  -36  -22  0
-56  -59  -48  0
18  37  -44  0
36  7  -9  0
60  -2  -29  0
-45  -19  -57  0
33  -15  1  0
1  51  2  0
23  -20  53  0
13  27  -22  0
-43  -19  -41  0
-45  52  56  0
-40  -30  20  0
-24  -30  53  0
-60  -15  -5  0
26  31  34  0
-57  37  44  0
-28  49  37  0
-7  -59  -2  0
-30  -16  27  0
-26  -2  58  0
-4  28  -20  0
-35  -8  -21  0
-43  -15  -29  0
56  -59  -47  0
-49  17  -48  0
8  -2  -23  0
22  -34  48  0
53  -22  -51  0
-4  50  -15  0
40  -33  -43  0
-40  38  28  0
50  17  43  0
47  -41  -40  0
-42  16  12  0
-10  -43  -2  0
7  42  57  0
18  -48  16  0
-37  -34  32  0
51  47  -37  0
24  36  12  0
-52  60  18  0
55  -37  -59  0
39  21  25  0
39  -41  -3  0
21  33  37  0
50  -44  -22  0
-57  -21  -26  0
-20  16  -35  0
42  25  -47  0
41  51  -45  0
12  -45  43  0
25  19  -35  0
-38  32  -36  0
-39  55  18  0
42  58  -60  0
31  -58  -1  0
-24  -10  -40  0
19  -24  -18  0
-29  -58  48  0
55  39  -57  0
-52  -29  -54  0
-29  3  27  0
44  22  -60  0
-38  -30  -31  0
55  34  -27  0
-40  5  52  0
-33  -2  37  0
31  37  9  0
39  52  -35  0
-36  59  -28  0
11  -25  -10  0
47  -13  -22  0
-42  23  -44  0
-46  31  14  0
-31  41  20  0
-18  -25  -40  0
45  -6  12  0
53  -42  -60  0
-45  -29  -39  0
58  35  19  0
7  -33  -40  0
-4  -32  7  0
47  -14  39  0
47  -18  -5  0
-9  7  -18  0
-32  -58  13  0
-23  27  10  0
-44  13  46  0
9  40  -42  0
-34  37  35  0
22  60  36  0
-52  54  28  0
24  -6  19  0
-40  -23  -58  0
11  45  -33  0
56  -37  -20  0
-19  37  46  0
44  -25  -4  0
-41  -55  1  0
-32  -30  33  0
-1  -52  37  0
-38  -26  50  0
21  30  45  0
-2  -42  49  0
-49  34  10  0
3  -60  28  0
8  -2  -24  0
-37  -15  2  0
-59  -55  23  0
8  41  -26  0
55  -8  10  0
-52  -26  -41  0
3  52  51  0
-33  54  38  0
21  -37  27  0
-16  60  -1  0
-48  26  -17  0
36  6  55  0
42  -8  -10  0
-52  -4  -37  0
-25  46  55  0
-44  -9  7  0
18  -46  -23  0
8  44  22  0
-12  -58  40  0
55  60  41  0
-52  -32  60  0
-46  31  14  0
20  34  -19  0
2  26  46  0
5  -12  37  0
-35  29  10  0
21  54  -39  0
-6  11  56  0
22  15  -43  0
4  24  37  0
-18  -39  21  0
9  -52  15  0
-31  -35  -54  0
-6  13  -41  0
13  -52  40  0
60  49  -55  0
-1  11  -47  0
27  -40  -13  0
-51  -54  -12  0
-45  42  57  0
-9  -29  -51  0
28  -46  -32  0
-1  -37  8  0
16  58  54  0
-44  33  -5  0
43  35  7  0
54  7  52  0
-3  19  4  0
59  -8  -56  0
-36  43  -31  0
-34  -3  -46  0
33  -50  46  0
-40  -29  36  0
12  -28  58  0
2  -42  24  0
-6  -56  -43  0
40  -29  45  0
3  53  -42  0
12  23  -51  0
42  20  1  0
31  -50  -15  0
11  41  16  0
36  6  31  0
36  30  -6  0
-38  -48  11  0
33  55  49  0
4  -11  -41  0
-40  -19  -39  0
