c mkcnf random cnf with seed 826623, max clause length 3
c FORCED SATISFIABLE
c 
p cnf 60  258
-13  42  -6  0
4  22  33  0
-15  -30  3  0
-23  -11  32  0
28  -11  -55  0
29  19  5  0
37  32  -40  0
55  -7  -8  0
-43  -24  7  0
-44  -6  -28  0
54  27  8  0
47  -29  15  0
43  51  33  0
-50  -36  -18  0
-59  -39  22  0
37  21  7  0
-24  54  -48  0
-38  -19  57  0
27  -56  21  0
30  60  41  0
6  34  55  0
51  -28  29  0
-20  32  30  0
52  -2  -43  0
45  -30  11  0
54  -13  -34  0
2  4  -60  0
60  -27  -30  0
39  -35  8  0
-51  54  -48  0
-10  -41  4  0
-29  -58  -60  0
38  -9  -41  0
3  42  -26  0
1  -5  58  0
-28  42  -24  0
41  31  -37  0
-44  -41  -24  0
-43  -40  -36  0
42  -19  -27  0
40  -41  45  0
31  43  2  0
16  -21  42  0
-3  26  52  0
54  -6  -41  0
-31  -55  3  0
-13  -5  21  0
-58  -34  -5  0
-37  -14  43  0
-59  -13  20  0
-51  -10  -56  0
32  30  -57  0
-18  54  38  0
10  -32  -8  0
-43  -26  23  0
-59  27  2  0
-49  40  43  0
4  -60  19  0
25  -24  19  0
-29  -44  41  0
-1  -47  3  0
4  10  -52  0
-31  38  -37  0
60  -19  40  0
5  -47  4  0
-5  -39  59  0
-27  54  -22  0
55  -5  -21  0
-60  -43  -42  0
21  -1  38  0
-27  -2  -14  0
19  -39  46  0
55  29  -25  0
-12  -31  -26  0
-38  15  5  0
-3  -11  -30  0
-60  9  -54  0
7  22  -19  0
-36  23  58  0
40  51  58  0
-35  40  47  0
-21  4  20  0
-35  -57  33  0
7  -5  52  0
-37  -4  41  0
-59  45  13  0
-33  20  40  0
-55  -14  -8  0
-14  19  -54  0
-24  -42  59  0
45  -13  -38  0
-26  -52  59  0
-33  12  18  0
46  40  42  0
23  -22  -60  0
-3  -1  -33  0
45  -50  -40  0
49  35  56  0
-54  -38  -7  0
23  18  -52  0
3  30  -14  0
-1  -11  -41  0
-33  -36  13  0
-34  -27  -10  0
15  56  33  0
28  55  37  0
-27  -6  -29  0
-6  14  -33  0
9  50  29  0
51  27  32  0
-55  37  -47  0
53  13  -43  0
-43  46  -24  0
-19  -43  -41  0
-17  7  -3  0
-23  -34  -49  0
17  -47  25  0
7  23  40  0
40  -60  -14  0
3  44  26  0
-55  -34  32  0
27  22  9  0
-7  -19  -54  0
54  -23  -11  0
-22  30  -5  0
56  -18  -1  0
-28  -13  -5  0
30  28  -7  0
60  -26  -53  0
24  -33  21  0
7  48  9  0
-29  25  -49  0
-11  28  21  0
59  15  16  0
26  -27  29  0
56  -42  14  0
-5  17  -53  0
42  -14  -24  0
-23  -43  -59  0
31  43  16  0
-26  20  17  0
34  -44  43  0
-41  53  -7  0
22  41  34  0
-25  37  -31  0
42  -59  -36  0
-56  -16  22  0
11  -23  10  0
5  21  -53  0
-12  -29  -4  0
44  -49  -6  0
58  52  -45  0
40  55  41  0
-49  -25  60  0
29  20  -58  0
49  -10  -33  0
-5  17  -45  0
20  -25  -35  0
-22  10  -8  0
1  -24  42  0
-39  -45  -50  0
31  -51  12  0
27  48  -7  0
-36  7  -17  0
29  -57  21  0
60  -7  -51  0
8  35  -6  0
12  -23  39  0
5  -27  10  0
56  -37  24  0
19  -5  39  0
46  -13  -31  0
52  3  -24  0
24  41  32  0
49  -23  -47  0
17  41  -2  0
17  -52  -25  0
36  -30  -3  0
-29  -5  7  0
19  15  -8  0
-15  35  21  0
22  -15  2  0
-42  49  3  0
4  -51  -3  0
7  -55  -24  0
18  -47  -7  0
25  3  -7  0
-45  -47  1  0
3  -45  34  0
55  56  -36  0
-26  -12  -38  0
17  7  12  0
11  9  53  0
6  40  -14  0
35  58  -53  0
56  -41  25  0
27  36  42  0
40  52  7  0
32  13  -11  0
29  14  44  0
-39  -20  -10  0
-5  -23  56  0
45  51  57  0
-42  54  6  0
32  -14  -34  0
40  13  -1  0
30  27  -35  0
-50  -11  -40  0
-35  -32  4  0
-22  -30  46  0
35  -4  -33  0
58  -46  21  0
-23  39  9  0
12  -49  7  0
-22  56  30  0
-47  -35  -40  0
-5  -49  -19  0
1  12  -25  0
-54  -32  -51  0
-27  -25  33  0
27  37  -15  0
-49  -39  -22  0
-35  -31  -16  0
-30  -49  -57  0
-44  -26  -11  0
57  -55  19  0
-45  44  56  0
-53  -15  -23  0
14  -60  9  0
-21  -25  13  0
-45  32  53  0
7  -2  26  0
41  4  27  0
-40  45  -50  0
-1  -13  9  0
4  60  -18  0
-38  -11  -56  0
-28  -47  -32  0
19  36  -6  0
40  49  -10  0
11  60  27  0
34  57  39  0
-53  49  7  0
57  8  -48  0
45  33  44  0
34  1  57  0
14  30  -50  0
4  38  -27  0
18  54  -6  0
8  -46  -37  0
-16  2  31  0
36  14  15  0
5  -46  49  0
11  -17  -57  0
37  -11  45  0
-3  54  -48  0
26  9  57  0
-2  -35  59  0
