c mkcnf random cnf with seed 826636, max clause length 3
c FORCED SATISFIABLE
c 
p cnf 60  258
21  18  -40  0
43  -53  -6  0
16  53  58  0
-11  49  -19  0
31  -40  52  0
3  -43  -5  0
43  46  -21  0
15  8  52  0
52  -11  5  0
22  -10  54  0
27  -48  3  0
5  -48  -17  0
-13  -23  39  0
31  2  34  0
4  -52  -40  0
2  15  -52  0
-24  -29  -23  0
-22  42  28  0
-1  7  -2  0
37  40  55  0
11  18  -29  0
-59  -44  58  0
1  46  -22  0
-57  -6  56  0
-48  17  60  0
49  33  14  0
-45  -35  -58  0
23  35  9  0
57  -30  37  0
13  -7  22  0
-2  45  -7  0
-39  -26  29  0
40  10  -11  0
-40  20  31  0
38  42  30  0
11  -52  -27  0
60  34  51  0
41  3  -47  0
-27  -19  -50  0
-25  39  17  0
-10  40  60  0
-47  37  -22  0
-9  -57  -38  0
30  -55  57  0
28  29  44  0
30  -1  18  0
34  -59  17  0
4  -13  -1  0
-8  5  12  0
-30  32  31  0
60  -35  -36  0
-4  54  -12  0
-12  -2  54  0
13  38  53  0
-25  -55  -47  0
-23  -5  41  0
-6  55  30  0
23  -39  -40  0
44  15  -46  0
27  54  -7  0
-57  53  12  0
-7  10  15  0
10  -8  1  0
-34  -31  2  0
9  22  28  0
-12  -17  29  0
-18  16  -36  0
55  3  -14  0
-26  -56  -10  0
30  53  -20  0
31  42  52  0
48  -29  -40  0
49  -40  -60  0
2  29  -50  0
-51  33  18  0
-49  -55  51  0
29  31  16  0
8  4  -6  0
-44  12  -20  0
26  45  -12  0
-46  -6  50  0
56  -22  -14  0
-18  -19  -45  0
-12  35  -50  0
-58  -18  9  0
-44  13  55  0
46  -22  -8  0
4  24  -27  0
28  -24  -8  0
-18  12  1  0
21  12  -34  0
13  31  8  0
-45  -53  49  0
56  29  -46  0
-27  60  -24  0
40  -21  -12  0
56  -27  -53  0
24  42  -35  0
53  -21  10  0
-31  51  5  0
27  -32  -38  0
-57  -18  14  0
-20  -18  -41  0
2  -20  38  0
-50  -5  -3  0
44  -55  21  0
-56  52  29  0
-43  -55  20  0
46  -9  -1  0
15  -47  21  0
53  16  17  0
-48  -49  21  0
24  -43  33  0
60  -27  34  0
50  -5  3  0
18  6  -16  0
-12  -48  60  0
17  6  11  0
-37  25  -14  0
23  -46  27  0
-14  17  -20  0
52  -30  -39  0
20  -48  -38  0
49  42  45  0
-60  -24  48  0
34  -4  51  0
52  27  22  0
20  -59  -37  0
18  4  -41  0
-15  54  40  0
52  20  9  0
21  54  -55  0
10  59  -54  0
-36  16  25  0
-6  -12  -8  0
-16  -53  18  0
-7  16  -41  0
18  41  -32  0
-46  -11  -52  0
-39  47  38  0
30  -18  -31  0
4  -35  27  0
47  -35  -54  0
22  53  -27  0
-31  -29  32  0
-29  36  53  0
9  -13  -56  0
-37  -49  -22  0
51  -35  -41  0
-4  -39  -17  0
-45  -8  -39  0
-34  -2  29  0
-18  -46  -6  0
-1  -39  -3  0
-55  -39  3  0
42  -45  50  0
2  -14  -28  0
6  48  38  0
49  22  -60  0
60  -42  34  0
-46  22  24  0
-47  -4  21  0
1  33  25  0
36  33  -20  0
-39  29  25  0
19  -51  31  0
35  1  56  0
-30  12  8  0
-40  38  50  0
-17  15  34  0
-39  30  -24  0
1  -33  60  0
-23  -11  -32  0
-45  49  -29  0
22  -34  53  0
26  -39  52  0
-50  16  -52  0
-49  31  -56  0
55  15  50  0
-37  -41  -24  0
-47  -45  9  0
-15  -9  -12  0
39  5  24  0
43  30  -51  0
-31  -6  -21  0
8  -2  20  0
-20  16  -39  0
-30  -42  -21  0
35  -57  -24  0
-35  53  50  0
-48  -14  -53  0
-59  -19  36  0
60  -21  -26  0
57  -43  -8  0
-49  -57  43  0
-4  19  -57  0
9  14  3  0
-38  40  45  0
43  -7  -3  0
-49  -11  -37  0
52  -17  -58  0
-14  -50  -47  0
-38  51  -43  0
46  -1  -6  0
-56  -26  37  0
36  38  -60  0
-12  -25  10  0
18  -54  -22  0
-42  27  -35  0
-28  -30  -24  0
-7  -10  -3  0
19  29  22  0
-42  35  -22  0
34  30  53  0
39  -20  31  0
-52  46  -1  0
-9  -32  -17  0
9  -24  -20  0
35  17  -32  0
4  -46  27  0
-54  -43  -33  0
-20  -38  -24  0
-21  17  57  0
-9  21  -5  0
-7  -37  -24  0
-4  39  -9  0
-54  -59  -44  0
49  -47  24  0
43  -44  46  0
-20  35  -32  0
-9  3  24  0
-39  -4  -27  0
1  -15  12  0
57  -1  3  0
39  53  -46  0
-43  -56  59  0
-10  47  59  0
-12  -35  7  0
-44  -59  -10  0
-57  -52  -42  0
23  21  -43  0
5  19  30  0
-51  -34  59  0
14  -29  27  0
-4  -6  12  0
-29  -46  -47  0
-60  45  13  0
-18  30  -37  0
-52  -10  -58  0
11  -57  -27  0
-32  -12  -8  0
48  45  -39  0
21  18  14  0
-38  22  43  0
12  51  -43  0
20  37  -32  0
33  57  5  0
20  52  -3  0
