c mkcnf random cnf with seed 826683, max clause length 3
c FORCED SATISFIABLE
c 
p cnf 60  258
2  36  -24  0
-37  49  50  0
10  -54  -37  0
15  12  -57  0
-60  16  17  0
-43  49  8  0
42  -53  -22  0
-41  -3  32  0
-12  -14  20  0
-12  -53  -5  0
-25  47  15  0
56  10  -44  0
43  55  -53  0
21  7  15  0
-40  -51  47  0
15  -27  -20  0
-55  58  -1  0
-4  -30  40  0
9  -13  -44  0
1  49  -2  0
-48  58  9  0
30  2  -41  0
-24  18  -52  0
-40  39  -25  0
-36  11  41  0
-15  2  -39  0
-40  -6  50  0
45  -9  13  0
-58  19  34  0
7  2  38  0
-50  45  10  0
1  -46  2  0
-57  59  52  0
-45  -58  -7  0
-24  -5  59  0
-50  53  -13  0
11  -12  -55  0
27  -51  -46  0
50  -37  -45  0
-4  33  -42  0
43  13  50  0
49  -42  -12  0
-4  -36  -48  0
37  -34  31  0
-13  29  -45  0
-14  -10  -45  0
59  -29  20  0
-17  15  60  0
-10  49  36  0
50  3  -8  0
-14  17  33  0
-28  -48  3  0
-42  -46  7  0
-20  1  51  0
-4  -7  39  0
9  -22  13  0
13  -60  -20  0
31  35  -51  0
-60  42  -39  0
32  17  10  0
-37  -27  24  0
2  -3  -4  0
-57  -56  25  0
21  -48  -35  0
32  7  -37  0
-38  25  34  0
12  3  25  0
-52  44  31  0
-52  -45  9  0
9  -20  -45  0
47  28  -14  0
-31  -24  -29  0
-43  49  53  0
-21  -11  56  0
13  -14  37  0
-31  -16  -47  0
-45  -27  -8  0
-12  26  -9  0
49  -58  8  0
-5  -19  42  0
9  19  -35  0
8  42  -11  0
-45  -19  -35  0
-11  34  -20  0
-14  -33  -30  0
3  -25  -50  0
-13  28  37  0
31  -25  -21  0
-54  -19  -10  0
-3  -37  17  0
46  35  -48  0
-13  -40  -21  0
37  -40  51  0
-45  -33  8  0
-55  56  -25  0
25  59  48  0
-60  34  29  0
18  47  43  0
-35  -17  24  0
60  26  -50  0
38  18  52  0
-58  50  2  0
54  -24  -41  0
-52  16  23  0
-36  -11  2  0
56  26  51  0
52  -2  46  0
-28  -26  30  0
30  -37  -21  0
-29  -9  46  0
-57  -42  48  0
-2  -45  -8  0
-31  -24  -42  0
-48  39  -59  0
56  6  -28  0
43  12  -7  0
-42  18  -10  0
31  -39  57  0
43  -17  -55  0
-17  -36  11  0
7  -23  -43  0
-4  -26  1  0
24  16  -58  0
-33  20  16  0
18  -12  43  0
22  -18  -9  0
-9  40  -5  0
-38  15  8  0
47  -35  37  0
-38  -18  31  0
-10  5  -19  0
-59  38  -28  0
12  -6  60  0
-45  -43  51  0
-1  -35  9  0
47  -6  -10  0
-53  11  -4  0
-26  40  -52  0
-60  47  -9  0
16  -19  30  0
-54  -15  -2  0
27  -10  1  0
-28  21  -31  0
57  -40  -54  0
-41  36  51  0
26  7  -33  0
-8  -57  48  0
34  20  33  0
29  -31  59  0
-23  -24  42  0
-54  -45  -9  0
-33  -49  -32  0
-15  50  46  0
44  -50  6  0
39  2  -36  0
53  46  18  0
-46  -57  -19  0
-35  -12  20  0
-59  60  9  0
-23  -25  46  0
35  15  2  0
-10  -28  19  0
-43  -42  17  0
-5  -39  -19  0
-12  54  16  0
-8  12  -44  0
-53  -6  -5  0
-32  42  49  0
28  -17  54  0
-11  -30  -1  0
2  60  -5  0
-20  45  60  0
3  -30  -12  0
16  12  -33  0
3  28  -55  0
29  4  -31  0
-4  -37  1  0
-17  -10  -38  0
-27  7  54  0
-10  -60  38  0
-33  -55  39  0
7  20  27  0
3  -29  17  0
-39  9  49  0
-35  -8  -6  0
-6  34  45  0
47  24  -52  0
21  44  -52  0
-44  -5  -40  0
49  27  -39  0
8  -42  54  0
-53  23  56  0
-54  45  -56  0
28  -17  -16  0
-57  44  -21  0
31  49  -6  0
-8  -27  58  0
12  1  -51  0
-28  -48  9  0
-40  11  3  0
30  -25  55  0
12  40  16  0
37  39  -8  0
11  -55  -35  0
28  -19  -57  0
31  36  47  0
7  -12  -21  0
9  31  16  0
22  15  -58  0
31  -60  -32  0
-58  -17  8  0
-25  -4  -41  0
44  -26  18  0
60  28  58  0
46  -3  -56  0
7  -47  -42  0
32  17  -16  0
52  43  47  0
11  58  16  0
-60  -33  21  0
-9  1  -40  0
49  -40  -36  0
25  42  -6  0
-30  4  32  0
-16  33  2  0
13  -7  -36  0
4  33  -21  0
19  -13  29  0
21  -29  -44  0
-8  18  -53  0
-40  -18  9  0
-33  6  -10  0
39  -41  -36  0
11  -22  -33  0
12  17  -60  0
-25  28  -12  0
25  32  13  0
-51  52  -41  0
-4  -50  38  0
-37  27  -52  0
-6  39  60  0
14  33  -7  0
-1  21  -25  0
8  24  58  0
15  16  -36  0
-38  30  -17  0
5  21  -33  0
28  14  4  0
11  -37  -44  0
-1  -12  -19  0
-15  -53  -24  0
28  -18  -31  0
-17  -18  -57  0
-29  -57  -34  0
-45  -47  -40  0
18  -56  -41  0
-56  4  2  0
32  -50  7  0
