c mkcnf random cnf with seed 826694, max clause length 3
c FORCED SATISFIABLE
c 
p cnf 60  258
50  33  43  0
44  -40  53  0
-15  -30  -1  0
-41  22  -14  0
-41  -54  -8  0
30  -51  -31  0
-25  33  2  0
18  -6  -17  0
12  29  -9  0
-35  46  39  0
-29  -44  -4  0
-59  -19  -26  0
3  43  -41  0
-49  -18  -13  0
-30  6  27  0
-5  58  1  0
29  60  25  0
-25  50  -23  0
-1  60  3  0
60  -33  5  0
21  -20  -3  0
40  31  1  0
-26  -15  -27  0
54  19  -57  0
51  33  -50  0
39  9  -7  0
-17  -57  -24  0
3  1  30  0
-29  -56  -58  0
20  9  -54  0
-37  -11  -60  0
-29  36  25  0
34  45  -20  0
51  -1  53  0
50  54  -48  0
-34  4  -36  0
-22  -40  4  0
-46  49  -31  0
-43  30  -58  0
46  -53  36  0
-13  21  -50  0
-37  31  57  0
49  -36  8  0
-17  -36  -52  0
-3  7  9  0
-55  9  -11  0
-43  2  54  0
34  11  24  0
-30  -4  10  0
18  29  17  0
-46  27  -52  0
44  51  12  0
36  -46  -34  0
-41  -11  55  0
-22  58  39  0
-60  3  15  0
-11  22  -23  0
-30  60  33  0
-27  -3  13  0
33  -12  -35  0
1  40  -20  0
-57  -55  47  0
-47  18  -5  0
-23  -31  -34  0
21  -24  -40  0
-57  -56  -24  0
-58  19  -38  0
32  -14  -24  0
46  -28  -23  0
-19  48  -51  0
-55  -34  57  0
30  -6  -24  0
-59  9  -26  0
19  38  56  0
-41  15  -40  0
56  -38  59  0
-23  37  -55  0
52  -24  -1  0
27  -11  -59  0
-46  16  -7  0
28  38  -16  0
-12  11  54  0
29  -28  -13  0
-36  -11  -22  0
-22  45  52  0
-45  -42  -38  0
9  -3  12  0
-50  49  8  0
-55  -16  -52  0
-28  -52  32  0
32  -17  -35  0
-51  36  -18  0
17  -5  -57  0
44  7  26  0
-36  4  -26  0
-49  18  54  0
-13  32  23  0
12  31  -39  0
40  43  17  0
23  59  35  0
36  -49  52  0
43  -14  29  0
-41  -16  4  0
-48  -60  -18  0
-2  24  57  0
-52  14  13  0
54  31  41  0
11  14  43  0
5  39  -12  0
-20  33  -54  0
-8  1  40  0
-55  -19  -13  0
-54  -58  47  0
-18  8  -57  0
-25  39  35  0
-12  32  -33  0
-23  -32  55  0
-4  35  -47  0
-17  -23  -46  0
43  -48  -18  0
11  26  20  0
-43  41  -54  0
19  9  -22  0
-21  -43  2  0
-1  36  -59  0
-30  -51  37  0
3  1  32  0
59  -2  -44  0
33  -15  18  0
-59  -20  -48  0
-55  49  60  0
-49  6  22  0
3  54  -24  0
-35  -49  -22  0
31  -42  -27  0
-49  -43  9  0
-23  16  50  0
-41  51  -12  0
-9  32  -10  0
-24  55  -39  0
55  27  52  0
29  17  35  0
55  27  19  0
39  -48  -27  0
-54  57  -40  0
25  34  59  0
-23  50  42  0
-43  -48  -17  0
54  -6  -25  0
-59  -31  51  0
58  7  37  0
18  -40  -17  0
-30  -48  25  0
35  -55  -47  0
44  38  21  0
-31  15  -37  0
13  -58  -22  0
-42  -48  24  0
51  -46  23  0
18  6  33  0
36  26  -23  0
-35  -7  -25  0
30  -44  45  0
-32  -34  29  0
43  -57  55  0
-31  -48  3  0
27  23  12  0
-15  -57  43  0
19  -55  -50  0
2  4  3  0
11  5  21  0
-3  2  -7  0
8  -30  -43  0
2  -11  -33  0
-52  46  38  0
33  13  34  0
8  -23  -26  0
46  -41  -10  0
-41  -25  60  0
-18  13  -35  0
58  1  -5  0
-30  -19  40  0
58  13  47  0
-48  -45  18  0
-50  -27  -37  0
50  -53  18  0
-37  36  -24  0
38  -46  2  0
-12  58  56  0
-60  -17  -5  0
-17  43  -37  0
-58  29  23  0
-27  -34  -58  0
-8  6  19  0
-5  24  -29  0
48  22  -31  0
51  25  37  0
-59  -28  19  0
13  -53  -4  0
60  23  38  0
-47  -13  -30  0
-54  -28  37  0
53  -60  1  0
-22  -47  16  0
-27  -25  -18  0
-20  -42  -9  0
10  -7  -41  0
-32  -27  34  0
49  -17  -10  0
-31  38  -50  0
-57  49  -5  0
-4  53  27  0
-21  -19  36  0
-26  -17  -41  0
-21  -30  48  0
24  30  43  0
2  27  46  0
2  57  -49  0
47  -1  -56  0
-46  52  -4  0
-3  33  2  0
28  53  -39  0
39  16  -58  0
-10  -4  -23  0
-3  -30  -14  0
42  31  -47  0
5  25  -6  0
5  -36  41  0
10  29  59  0
-60  -33  47  0
16  35  39  0
-9  -52  41  0
19  -25  -7  0
5  42  21  0
-30  -4  23  0
-43  -22  -16  0
-58  -42  2  0
40  47  43  0
17  36  -47  0
31  -15  -39  0
-29  -22  55  0
-57  59  31  0
-57  -43  47  0
-19  21  -46  0
57  44  -14  0
24  31  -33  0
5  39  -40  0
35  -47  -46  0
23  -21  19  0
3  -59  55  0
-57  -23  -56  0
-49  -14  25  0
-31  40  18  0
20  -1  6  0
27  -24  54  0
-15  -40  50  0
10  1  20  0
-32  15  8  0
