c mkcnf random cnf with seed 826646, max clause length 3
c FORCED SATISFIABLE
c 
p cnf 60  258
-59  27  15  0
-55  -56  46  0
55  4  57  0
6  -17  11  0
49  -20  -51  0
-26  -59  -38  0
31  -58  -11  0
-13  -39  -28  0
13  -8  -54  0
53  -7  -45  0
60  7  36  0
55  -23  44  0
10  -26  5  0
4  -54  -44  0
-23  4  34  0
-16  -18  13  0
-9  50  -37  0
-41  49  44  0
-43  2  -41  0
-31  -22  -46  0
-54  33  49  0
20  14  -21  0
-7  53  -38  0
17  -55  -14  0
-27  -26  -30  0
60  9  35  0
44  -52  43  0
45  -35  25  0
49  9  56  0
-28  50  -17  0
21  39  -32  0
-46  60  16  0
17  -42  -41  0
-33  -27  -46  0
-14  -38  30  0
25  1  -36  0
50  -14  -54  0
-12  -47  -5  0
-15  54  -41  0
-33  55  37  0
-58  -31  -12  0
-14  52  -56  0
37  29  -7  0
45  -59  -31  0
55  44  -42  0
51  16  -59  0
-60  -14  -44  0
53  -8  26  0
-54  -51  23  0
31  13  1  0
24  17  22  0
-20  51  45  0
-41  50  -20  0
48  -43  -53  0
-13  48  -31  0
-51  -28  31  0
-37  43  41  0
-40  51  32  0
-18  -13  10  0
-41  -13  50  0
48  32  47  0
-59  -19  13  0
-19  -30  4  0
-50  36  51  0
16  38  1  0
28  -39  -3  0
49  -10  25  0
13  -59  -47  0
48  -5  -22  0
3  36  26  0
-35  -7  53  0
58  16  -18  0
-23  -35  49  0
-4  46  -55  0
-43  -19  53  0
-20  -52  17  0
-28  3  -53  0
-3  -51  4  0
-27  6  -4  0
10  4  -39  0
39  -25  -40  0
16  29  -4  0
36  59  -38  0
52  39  6  0
-56  12  -42  0
-5  39  7  0
28  -46  -49  0
8  -24  21  0
-53  5  51  0
9  29  -35  0
-16  20  -11  0
-53  17  44  0
6  35  46  0
-42  -17  19  0
20  -59  -1  0
-11  1  32  0
24  23  52  0
-48  -37  38  0
31  22  -27  0
-60  58  -44  0
29  41  16  0
44  -39  -43  0
-7  43  -9  0
53  14  23  0
-41  2  -49  0
-40  12  20  0
-31  -39  32  0
-37  -35  27  0
-30  -12  22  0
-19  47  -58  0
-10  41  -3  0
58  59  -9  0
10  5  -43  0
-17  -31  29  0
56  -20  -13  0
-24  -35  58  0
-54  39  -40  0
54  21  -19  0
33  2  -17  0
24  30  1  0
51  -19  -27  0
7  -14  35  0
-17  34  55  0
17  57  44  0
-31  25  50  0
-37  19  33  0
13  14  59  0
-18  26  -55  0
-18  -40  13  0
11  2  -23  0
-43  -24  19  0
50  1  25  0
42  -3  53  0
12  49  11  0
5  48  -42  0
44  -15  38  0
-4  -17  -12  0
58  6  -8  0
40  -29  -1  0
53  -47  -10  0
35  -1  -47  0
34  -55  22  0
-11  35  6  0
-38  -19  -3  0
29  -28  20  0
-14  -57  2  0
31  27  -38  0
-39  26  45  0
-35  -39  -46  0
-10  59  -6  0
23  35  -4  0
-26  58  51  0
14  35  12  0
21  56  47  0
-41  -45  -39  0
-35  46  -57  0
-31  53  55  0
1  -31  15  0
9  44  -54  0
-54  -10  34  0
27  -24  31  0
-16  -43  -30  0
-60  54  47  0
33  38  -34  0
30  -46  -24  0
-49  59  -16  0
4  38  39  0
-26  -50  44  0
54  22  -51  0
4  16  -53  0
-36  54  57  0
26  -31  -49  0
54  22  48  0
12  -2  50  0
-55  -27  4  0
3  -34  -59  0
-32  20  -13  0
56  -58  12  0
15  -55  -13  0
-13  -33  38  0
35  49  -39  0
-26  -45  57  0
-22  -30  1  0
-34  -52  -56  0
52  39  -53  0
25  42  -12  0
29  36  19  0
-24  -56  -12  0
48  56  21  0
37  47  -5  0
-36  44  -50  0
58  -16  -5  0
-3  -56  -49  0
32  18  -40  0
-21  38  35  0
53  32  -20  0
-52  -1  59  0
-10  29  -37  0
28  55  5  0
-33  32  -44  0
59  -12  -25  0
18  -2  21  0
32  51  -27  0
-35  -1  -56  0
-39  -7  51  0
-12  -14  -33  0
-30  14  41  0
-25  -40  34  0
-40  -39  55  0
-47  37  6  0
-19  -25  -27  0
-13  32  15  0
-1  -14  28  0
31  -36  11  0
-40  17  39  0
-50  -46  43  0
-32  26  3  0
24  -20  -16  0
-38  -11  -44  0
-29  28  14  0
24  -19  45  0
-29  46  -36  0
60  -37  46  0
48  -32  50  0
-12  22  58  0
51  -33  29  0
-18  -32  17  0
-58  45  -15  0
-26  17  3  0
8  -37  3  0
-19  -7  -53  0
-7  35  12  0
-11  -40  -28  0
55  -39  -46  0
9  -22  -23  0
-55  11  -46  0
25  29  10  0
52  -49  57  0
-29  59  23  0
44  51  -29  0
28  9  -22  0
-49  59  -6  0
-6  49  54  0
-3  11  13  0
-56  38  -34  0
32  58  17  0
32  40  16  0
44  -2  31  0
51  54  -11  0
24  -55  2  0
-5  -40  15  0
-48  13  21  0
10  21  -54  0
-23  53  -54  0
13  19  -27  0
-19  -13  29  0
43  -7  -9  0
-16  -46  -49  0
