c mkcnf random cnf with seed 826668, max clause length 3
c FORCED SATISFIABLE
c 
p cnf 60  258
-35  -22  43  0
-14  -53  -18  0
11  -51  53  0
29  -60  -37  0
14  -6  53  0
23  45  -25  0
34  45  59  0
42  -16  36  0
-6  -27  -55  0
-4  53  31  0
6  -54  28  0
-31  41  49  0
-54  -49  -5  0
36  41  -37  0
-36  19  38  0
39  -34  47  0
27  21  15  0
47  3  46  0
57  -7  -53  0
32  -47  -49  0
26  -35  36  0
-60  43  51  0
47  -9  49  0
-7  58  -4  0
-4  35  -11  0
18  8  19  0
52  -59  -24  0
-10  1  -12  0
42  -11  30  0
-5  7  -49  0
-1  -55  54  0
-53  1  11  0
42  -11  31  0
-43  60  -24  0
-31  -45  4  0
-45  25  59  0
-42  -35  4  0
4  27  37  0
3  -5  -2  0
-34  19  -53  0
-43  11  -23  0
-30  -33  15  0
32  -36  -38  0
-10  -43  54  0
-40  -23  -13  0
-37  -20  -5  0
-2  -30  -13  0
29  47  -35  0
-14  -50  -60  0
-8  -15  -9  0
53  16  -60  0
-39  33  34  0
44  -39  2  0
30  11  25  0
-14  36  -47  0
19  -6  29  0
-21  -23  18  0
25  -52  -5  0
-59  -47  37  0
36  -27  29  0
39  -52  -14  0
46  17  -49  0
49  27  60  0
55  -43  48  0
53  36  6  0
-40  43  -38  0
49  -54  52  0
6  21  -13  0
22  -21  -55  0
39  28  -46  0
19  11  -50  0
17  -30  55  0
-49  -57  21  0
20  -37  49  0
-1  -11  -22  0
19  -6  42  0
33  -54  47  0
-46  19  16  0
-57  -24  6  0
30  11  -2  0
-49  17  55  0
-19  3  25  0
12  -46  60  0
-21  -56  19  0
-37  -12  48  0
-34  -14  -40  0
-35  -38  -37  0
26  -19  -10  0
-41  -20  -42  0
-24  -12  -57  0
16  50  -38  0
26  37  -54  0
47  -54  26  0
-8  -51  59  0
-5  57  -18  0
33  -57  15  0
-21  -19  -47  0
58  -32  5  0
32  -38  -27  0
-4  25  20  0
8  -36  -11  0
8  51  -35  0
31  -25  -13  0
-43  -59  11  0
5  -26  -3  0
21  -29  5  0
8  2  52  0
-12  -25  -26  0
44  9  -36  0
60  -6  -38  0
21  59  11  0
-34  -44  58  0
-38  5  -32  0
-44  4  23  0
-55  59  -6  0
14  24  38  0
56  -43  25  0
16  50  -44  0
16  -24  -1  0
-41  -32  -58  0
40  52  -7  0
-6  -5  -50  0
-10  52  -45  0
-43  5  -15  0
12  -20  -36  0
-1  -56  -16  0
-1  -7  15  0
-22  -15  40  0
37  60  55  0
1  53  57  0
-34  -52  -36  0
-46  29  42  0
-58  28  -52  0
32  -8  49  0
-55  3  7  0
-51  54  56  0
27  -45  9  0
27  52  -49  0
13  -37  48  0
-29  -15  -51  0
-60  -2  -32  0
-56  -5  -23  0
34  10  -15  0
-53  48  -29  0
-21  18  54  0
52  -56  25  0
55  -38  36  0
-29  -1  5  0
-23  27  -47  0
-45  -29  -38  0
-34  -3  52  0
-60  43  -18  0
-29  -38  -19  0
32  55  46  0
29  -27  48  0
-3  59  -8  0
-44  -33  4  0
42  -24  31  0
39  48  -38  0
-39  40  53  0
-25  -50  -51  0
38  54  -47  0
-18  21  -10  0
-21  27  -60  0
40  -16  7  0
42  24  53  0
25  -60  -59  0
23  20  -1  0
-25  28  -27  0
60  -9  10  0
-50  23  -27  0
41  -14  1  0
33  -36  -22  0
-7  -30  35  0
-20  13  16  0
53  -44  -37  0
-6  27  -57  0
-14  12  -53  0
-44  -32  38  0
-50  42  21  0
-27  11  55  0
33  52  -17  0
-47  -8  -59  0
35  -32  -29  0
38  29  40  0
46  31  56  0
-16  -14  54  0
-15  -47  46  0
-21  -26  -9  0
10  -29  1  0
8  -2  -31  0
50  -35  -22  0
44  55  -34  0
54  5  -49  0
-33  48  49  0
-14  -21  39  0
-31  -30  -2  0
51  -28  1  0
12  -27  -48  0
20  57  -15  0
14  -52  -43  0
-6  -59  9  0
31  50  32  0
11  25  26  0
-45  -42  10  0
19  38  56  0
-33  35  21  0
-46  -18  -34  0
-37  51  32  0
-37  24  21  0
27  -59  32  0
-48  47  54  0
-14  10  19  0
-15  24  1  0
54  59  -14  0
-60  37  -6  0
-32  -18  17  0
7  10  -2  0
-47  33  24  0
14  -31  -54  0
3  41  -12  0
45  36  -52  0
-9  -33  10  0
15  -47  1  0
43  23  48  0
-18  -54  23  0
-50  53  51  0
7  -10  -25  0
1  5  45  0
-36  -24  25  0
-49  51  -19  0
14  55  9  0
-19  25  51  0
6  31  58  0
-41  48  29  0
-12  42  59  0
-43  47  55  0
-28  -33  -48  0
57  46  27  0
17  27  10  0
39  32  -51  0
-57  -56  -37  0
52  56  44  0
33  -26  -25  0
-11  -57  55  0
-24  -44  60  0
24  45  -48  0
36  23  33  0
-18  -52  15  0
-19  7  -33  0
-22  -11  44  0
-23  -59  -55  0
-27  2  16  0
-18  7  -48  0
-6  24  -1  0
46  -33  18  0
-55  4  -52  0
1  -32  42  0
