c mkcnf random cnf with seed 826684, max clause length 3
c FORCED SATISFIABLE
c 
p cnf 60  258
11  24  -15  0
-59  -24  34  0
38  8  -7  0
18  60  -10  0
-60  -2  -3  0
-19  17  41  0
46  23  34  0
-42  -52  13  0
28  -36  33  0
-11  38  29  0
30  53  2  0
19  39  1  0
-26  -55  -42  0
-38  55  41  0
-57  53  38  0
-14  54  22  0
26  -22  16  0
-26  -18  40  0
-17  -23  -43  0
16  -33  30  0
-35  -7  -48  0
21  5  10  0
-7  30  -11  0
11  -38  -24  0
-40  -46  10  0
19  -48  -35  0
56  -45  11  0
1  51  55  0
10  13  -49  0
44  -27  33  0
-25  16  -22  0
-42  -19  36  0
55  -38  41  0
-47  -7  -40  0
-47  26  -20  0
24  -55  48  0
-36  31  -60  0
-31  -52  12  0
-36  -22  38  0
49  55  -43  0
-41  21  -14  0
24  -49  -53  0
30  41  -18  0
18  -51  -28  0
-37  9  -53  0
27  -32  -20  0
-34  2  -27  0
-54  -13  -20  0
-35  -14  20  0
-51  -56  42  0
-11  -43  -22  0
-22  -41  -29  0
50  22  1  0
12  -36  54  0
-10  -2  -16  0
48  37  19  0
-40  -41  -31  0
2  37  3  0
19  -57  10  0
-18  -39  37  0
-18  -9  58  0
-50  -25  52  0
38  37  -40  0
-29  -12  46  0
-8  41  -45  0
38  13  60  0
17  22  47  0
-11  -36  -33  0
50  54  55  0
12  -56  -44  0
47  6  -51  0
31  6  26  0
-21  -46  29  0
42  37  11  0
36  -25  -9  0
37  60  34  0
-54  25  10  0
11  -7  14  0
-53  40  23  0
55  -35  -14  0
12  -48  56  0
-40  31  -11  0
1  34  -47  0
-30  45  52  0
-3  34  46  0
49  -33  -24  0
40  -36  -16  0
14  49  -16  0
36  -10  -24  0
42  -15  -46  0
14  -48  -2  0
28  -8  -13  0
9  -1  44  0
58  5  -41  0
60  -39  9  0
39  16  -51  0
-9  -46  -49  0
-12  -54  46  0
-20  -44  -58  0
43  -10  -23  0
41  -22  -48  0
-23  -3  24  0
26  -2  23  0
-30  56  -2  0
3  11  -43  0
52  -14  9  0
39  40  -55  0
48  23  51  0
50  -36  -9  0
11  38  45  0
-42  -6  54  0
-26  -36  -12  0
30  -43  40  0
-23  3  5  0
-56  42  36  0
-26  11  -31  0
-56  57  -29  0
-51  -53  58  0
-25  48  -30  0
-2  -58  52  0
23  16  30  0
5  -58  -3  0
56  -6  -37  0
3  -5  38  0
-31  11  -18  0
13  -34  58  0
-17  -21  -42  0
-59  -51  -43  0
-21  56  -44  0
-4  -19  -20  0
-48  49  25  0
39  -16  -41  0
8  20  -30  0
-6  -60  45  0
3  1  25  0
-7  -8  58  0
-31  45  11  0
-45  15  29  0
-17  10  9  0
-33  57  -59  0
51  49  -21  0
-29  -60  14  0
53  -4  29  0
6  20  -54  0
2  27  20  0
-14  13  -43  0
37  -31  24  0
-48  41  47  0
-44  -16  20  0
38  -1  34  0
30  18  26  0
-25  49  -56  0
-22  -16  24  0
-44  60  -47  0
-34  58  7  0
39  24  45  0
-32  -60  4  0
42  -56  -28  0
2  32  33  0
33  28  31  0
-19  24  -15  0
53  -44  -59  0
-31  21  47  0
-42  15  -56  0
39  1  -30  0
8  -52  -18  0
28  -21  -54  0
60  -15  18  0
59  -38  51  0
27  6  -30  0
1  -56  -20  0
-50  8  21  0
40  -42  47  0
47  39  -46  0
-6  46  -8  0
33  -35  -32  0
32  49  23  0
-6  26  43  0
60  21  20  0
53  31  -17  0
-57  -9  33  0
19  -1  -12  0
-11  25  -17  0
59  -30  43  0
-27  -59  -8  0
-39  -60  -31  0
32  36  -26  0
-29  43  35  0
14  21  -58  0
-10  28  -6  0
-35  54  20  0
48  37  4  0
-40  -37  39  0
-33  -28  -50  0
57  40  6  0
46  -55  22  0
26  41  -6  0
-41  -2  19  0
40  -60  52  0
-31  -48  -42  0
-13  21  -40  0
22  -56  -12  0
-40  37  55  0
15  -19  -41  0
32  11  30  0
-19  30  3  0
-10  42  -51  0
-4  -50  51  0
-10  -45  -35  0
22  -49  42  0
-60  2  -55  0
40  -18  -37  0
30  -19  -55  0
-51  20  31  0
-57  26  -40  0
27  17  -55  0
35  47  -12  0
-8  29  -53  0
59  -42  -10  0
-14  -12  38  0
-56  -47  48  0
60  50  30  0
-14  3  9  0
-49  -50  15  0
-59  25  40  0
18  -33  -30  0
-29  -51  -47  0
-50  34  -56  0
50  29  -2  0
-17  10  39  0
15  47  -58  0
27  -54  22  0
-8  -58  -45  0
-5  -2  51  0
48  -20  -11  0
18  14  -52  0
-9  18  45  0
20  22  34  0
17  8  41  0
31  -19  -34  0
-55  -38  8  0
38  -24  55  0
-55  59  -36  0
-29  53  -21  0
28  26  -14  0
-22  -14  38  0
-42  15  -40  0
32  38  49  0
-32  -55  -8  0
-30  -18  57  0
35  -53  -31  0
-53  -17  45  0
20  15  48  0
12  -7  49  0
-24  25  -13  0
-51  41  30  0
-57  -31  -45  0
57  60  47  0
