c mkcnf random cnf with seed 826691, max clause length 3
c FORCED SATISFIABLE
c 
p cnf 60  258
-20  -7  -52  0
10  -32  20  0
-34  -38  -3  0
-53  35  -6  0
-37  -17  40  0
57  28  -10  0
-40  46  -13  0
6  11  25  0
-19  36  35  0
-16  -26  -53  0
50  -15  1  0
14  -6  56  0
8  9  58  0
43  17  -20  0
-37  -35  17  0
-26  48  58  0
-30  -27  -40  0
12  19  36  0
4  41  32  0
-7  50  35  0
-57  37  -52  0
-47  -37  -14  0
-20  26  -43  0
48  -43  -55  0
39  -40  52  0
55  12  -52  0
13  50  55  0
11  54  6  0
19  -9  -30  0
-46  -52  -29  0
36  -40  -12  0
19  -48  53  0
-5  -47  -17  0
44  -35  -41  0
-51  59  -6  0
-27  7  57  0
1  15  37  0
-50  -21  -14  0
-50  -36  -31  0
-15  -52  -29  0
-9  -50  -53  0
47  29  24  0
46  21  39  0
-57  14  -33  0
-45  53  -7  0
59  10  24  0
33  -27  4  0
59  -16  38  0
54  -31  -2  0
-7  -8  -19  0
38  -55  40  0
-41  -57  -34  0
2  24  -32  0
51  28  -44  0
55  -21  -26  0
29  25  48  0
1  28  -40  0
29  -54  58  0
33  -23  -24  0
-23  -40  3  0
26  -6  -58  0
-45  24  8  0
-7  -39  55  0
-36  -19  44  0
7  -43  12  0
44  -12  49  0
-39  54  43  0
9  41  56  0
2  31  -43  0
46  2  -42  0
-55  -27  -2  0
-51  -35  -24  0
23  19  60  0
-33  -53  -14  0
-17  -4  46  0
-35  45  -49  0
-24  45  25  0
-49  31  9  0
-56  -20  29  0
-54  -28  12  0
-21  -53  -23  0
36  48  -31  0
29  10  -28  0
-8  33  50  0
10  -20  35  0
31  7  -14  0
26  42  4  0
-40  -53  -17  0
45  -28  10  0
26  1  28  0
11  41  34  0
34  -28  47  0
4  -23  -14  0
11  -29  -49  0
-55  2  -15  0
-3  2  -43  0
-18  -30  9  0
30  41  55  0
21  -8  -2  0
31  -48  33  0
-10  38  43  0
30  26  -32  0
-31  20  27  0
-25  -5  -12  0
19  54  -8  0
-3  -52  47  0
2  -5  -44  0
32  27  -16  0
42  3  26  0
24  27  -38  0
17  30  -12  0
19  60  -27  0
-25  38  -12  0
17  -18  40  0
22  -51  42  0
31  -23  46  0
-32  39  43  0
-44  -42  -22  0
-9  30  5  0
27  53  -34  0
29  -8  -18  0
-46  -25  24  0
-13  17  -31  0
18  -20  -54  0
-11  19  -24  0
9  -60  45  0
-18  60  -41  0
-30  27  54  0
42  19  21  0
2  57  10  0
4  55  -10  0
43  36  -60  0
6  1  -26  0
54  -18  55  0
-59  -43  -48  0
-2  6  23  0
56  32  -51  0
-5  1  3  0
48  29  -26  0
1  -34  12  0
34  -42  38  0
3  -60  33  0
-20  31  -36  0
1  2  28  0
-23  -5  -51  0
8  -54  11  0
-48  -22  -53  0
-53  41  -45  0
9  -46  32  0
-1  -56  -44  0
-48  11  31  0
18  -20  4  0
-59  47  -3  0
56  18  -4  0
1  12  49  0
-14  -15  -18  0
16  -8  3  0
15  33  47  0
6  16  -46  0
49  9  -50  0
-43  -23  -6  0
15  56  17  0
7  31  58  0
-56  -6  4  0
-44  -15  33  0
-33  14  9  0
-56  22  52  0
-48  4  -33  0
29  18  25  0
12  34  16  0
-31  32  -56  0
-19  -3  -59  0
-7  45  -11  0
-30  -57  45  0
-16  -47  -41  0
-30  38  -22  0
9  35  59  0
42  14  -12  0
-55  10  37  0
41  -59  -17  0
34  44  13  0
-60  -41  -6  0
20  -37  50  0
-49  -19  16  0
55  -25  23  0
-46  -27  1  0
-32  -6  -34  0
-48  13  58  0
-53  -2  -60  0
-43  -60  5  0
25  26  -52  0
17  47  -60  0
-41  45  -55  0
-39  -19  -26  0
-40  54  -4  0
36  -58  39  0
60  -5  -20  0
15  -7  48  0
46  5  41  0
9  19  47  0
48  -27  56  0
-12  -22  -30  0
23  -42  60  0
6  46  49  0
5  -50  -35  0
36  -18  -58  0
-59  54  60  0
54  -23  22  0
10  49  19  0
58  -44  25  0
-24  59  -29  0
-25  -58  41  0
35  24  1  0
35  -4  -28  0
47  49  -5  0
-46  1  -6  0
30  -31  -36  0
-23  17  -27  0
30  -7  10  0
-23  8  -60  0
-3  31  26  0
-18  -13  33  0
21  44  -4  0
-42  -55  -3  0
25  56  -24  0
14  18  60  0
13  49  -4  0
-56  -6  -28  0
6  9  -26  0
25  -38  1  0
45  7  18  0
8  38  6  0
25  50  -1  0
54  -60  2  0
37  -55  -8  0
23  -43  24  0
16  -28  37  0
59  56  -23  0
-53  -46  -40  0
42  48  22  0
45  -4  -30  0
6  11  -59  0
55  -8  -3  0
-37  -36  35  0
-13  39  -4  0
22  -10  52  0
-15  40  17  0
39  -27  18  0
-58  42  -5  0
50  -17  28  0
-31  -23  10  0
-30  -19  21  0
33  -31  21  0
10  -49  -36  0
46  60  -47  0
4  6  13  0
51  29  34  0
-27  -36  55  0
