c mkcnf random cnf with seed 826657, max clause length 3
c FORCED SATISFIABLE
c 
p cnf 60  258
-47  -24  29  0
-48  -20  -11  0
-56  19  -33  0
-2  -38  48  0
-18  19  43  0
2  5  51  0
49  -17  23  0
19  51  -5  0
57  5  -4  0
-39  -49  -53  0
-32  -52  -18  0
59  3  24  0
-31  27  -42  0
24  45  13  0
13  -58  -54  0
-23  -34  -46  0
-59  -45  -12  0
-48  -14  -17  0
-17  -14  22  0
59  -3  2  0
-10  -47  -16  0
9  -35  -39  0
-23  -8  -59  0
45  -46  60  0
51  -42  -35  0
-40  30  -13  0
-40  41  27  0
12  -33  -7  0
38  -7  37  0
-40  2  -12  0
16  48  35  0
-12  3  -37  0
7  48  37  0
-59  -9  31  0
12  -43  -5  0
30  -7  45  0
39  -50  -38  0
34  20  1  0
-29  -59  -7  0
-10  17  -60  0
-42  14  -46  0
3  -54  -37  0
11  -5  -33  0
-13  -37  7  0
-45  -25  32  0
-28  46  7  0
59  51  -56  0
-43  55  -6  0
-2  -27  -49  0
-21  3  34  0
46  34  45  0
-45  54  11  0
31  32  -22  0
3  20  -11  0
8  -7  50  0
57  -12  -38  0
-33  50  -42  0
6  -33  55  0
-55  3  -20  0
-32  -29  -22  0
44  34  -13  0
25  -32  46  0
15  16  -47  0
-58  30  -20  0
52  -46  -21  0
-48  17  -9  0
59  -45  23  0
-54  -55  25  0
2  -50  3  0
-24  1  37  0
33  54  -30  0
-2  -55  17  0
-43  30  -22  0
-38  -30  -45  0
5  -34  9  0
-45  33  -5  0
51  49  -44  0
-3  27  -60  0
49  -30  -45  0
30  -14  33  0
36  28  -46  0
-9  6  23  0
40  60  50  0
-11  -34  -60  0
38  36  56  0
-6  -8  25  0
-31  -18  29  0
-11  -5  -2  0
27  18  -26  0
49  23  -60  0
34  -48  15  0
31  -46  13  0
-14  -13  46  0
46  -45  19  0
43  25  -18  0
-27  -39  54  0
20  -51  -17  0
-37  -29  -56  0
60  -36  59  0
-23  -52  15  0
37  -25  9  0
18  55  -6  0
49  -21  -6  0
10  29  -2  0
-49  -45  24  0
35  -15  21  0
11  -49  -27  0
-17  35  -34  0
4  -30  8  0
4  -41  -60  0
52  12  47  0
27  -28  -7  0
-15  1  41  0
-32  -31  47  0
-57  49  -53  0
59  -40  36  0
45  -44  -27  0
43  44  14  0
-31  19  -9  0
-25  49  22  0
45  56  3  0
22  -23  -25  0
33  53  -12  0
-32  -8  13  0
53  -51  17  0
33  -54  48  0
3  -30  28  0
25  -3  -45  0
15  39  -60  0
-59  37  -12  0
-46  4  -32  0
-22  -1  -29  0
-3  4  -12  0
-1  23  6  0
-12  -42  39  0
44  -38  57  0
29  -43  6  0
35  -32  45  0
47  -26  45  0
56  43  12  0
53  32  -14  0
-32  56  -47  0
23  -32  27  0
43  41  -20  0
29  54  26  0
54  41  -43  0
-54  -44  -21  0
60  46  51  0
49  -56  35  0
-52  16  37  0
-2  30  -52  0
-6  -12  41  0
21  -60  -33  0
-18  -34  51  0
22  -10  -54  0
28  26  -52  0
43  53  37  0
58  32  -31  0
36  -53  29  0
16  7  -14  0
1  -50  -6  0
-13  -20  -29  0
9  21  -2  0
-35  21  25  0
-60  -53  1  0
-4  -53  39  0
8  -57  35  0
45  -16  9  0
18  19  48  0
-58  -57  -40  0
45  -49  52  0
-57  -47  5  0
5  -9  28  0
35  41  -36  0
-9  60  2  0
22  60  51  0
-34  58  -30  0
-28  30  -4  0
-29  -59  44  0
-11  52  -46  0
26  -58  4  0
-41  6  -35  0
10  -47  -6  0
9  56  -4  0
29  5  -38  0
14  11  -48  0
-37  -51  57  0
-59  6  34  0
-53  -8  47  0
-18  -8  11  0
27  -56  -29  0
59  21  -38  0
47  -53  52  0
4  -41  14  0
-32  38  5  0
47  27  15  0
2  -5  60  0
25  -46  60  0
3  -23  40  0
-57  -22  35  0
-31  1  36  0
-50  3  28  0
24  4  28  0
-12  -2  24  0
-56  -10  1  0
-26  -31  -47  0
-35  -40  -48  0
-34  11  -20  0
-6  50  23  0
-39  -10  -44  0
-11  -20  -9  0
60  14  -9  0
-16  -35  10  0
33  -46  10  0
46  56  51  0
58  39  49  0
-54  17  -46  0
35  -19  -43  0
22  8  51  0
-28  -60  -40  0
11  -16  21  0
-44  -5  -34  0
-8  1  -6  0
-37  -35  45  0
-57  22  -37  0
34  -52  -33  0
23  58  57  0
-23  33  -14  0
20  -58  51  0
42  -54  18  0
-42  52  18  0
-30  -17  10  0
58  -21  30  0
-20  -8  -19  0
-37  52  -1  0
-11  49  43  0
-18  -30  -51  0
28  32  55  0
-31  -19  -54  0
55  49  34  0
-23  13  47  0
-23  -19  58  0
-40  -10  44  0
-47  1  -21  0
-45  21  12  0
-58  -47  -11  0
37  2  -58  0
56  -45  -24  0
-22  -60  -49  0
47  -1  43  0
-30  12  60  0
33  42  17  0
56  -36  53  0
-20  -35  21  0
-32  27  38  0
24  -40  12  0
47  -18  28  0
26  -17  31  0
