c mkcnf random cnf with seed 826661, max clause length 3
c FORCED SATISFIABLE
c 
p cnf 60  258
-26  40  7  0
7  -60  32  0
-17  24  -30  0
-38  -53  43  0
-22  23  -29  0
-51  -55  -24  0
-57  -44  -4  0
5  -8  33  0
-44  16  -29  0
-33  -27  -26  0
-22  17  48  0
40  -14  33  0
50  -29  -15  0
-43  54  10  0
-48  -17  -27  0
-51  -50  14  0
1  -31  -21  0
-41  -52  -23  0
50  46  45  0
-57  20  -60  0
-4  15  -44  0
15  -27  -33  0
-58  -19  32  0
-12  -60  -34  0
-24  -37  -38  0
-57  37  -1  0
3  -41  31  0
-56  22  -57  0
-8  -14  -13  0
-33  25  -51  0
-6  19  -18  0
-9  -3  -2  0
-27  52  14  0
-52  33  56  0
-53  -24  32  0
5  44  9  0
30  -8  17  0
7  32  25  0
2  34  14  0
-19  10  36  0
49  46  -43  0
31  10  -17  0
11  55  38  0
32  -39  58  0
-30  -35  -39  0
40  -47  -39  0
47  -31  -1  0
-17  -26  -20  0
-36  -6  -59  0
-39  49  -56  0
8  -34  46  0
-13  10  31  0
25  22  28  0
11  -15  -2  0
-36  -47  12  0
-11  -40  58  0
15  18  35  0
-11  -54  40  0
-13  40  17  0
-20  -12  -1  0
19  3  60  0
-10  19  13  0
-31  58  3  0
49  -4  -32  0
60  32  -6  0
-17  -37  16  0
-1  -17  -7  0
46  -21  -1  0
52  51  -54  0
32  -8  -22  0
-4  -37  20  0
14  -60  -45  0
-55  41  54  0
40  2  6  0
-48  -1  -55  0
57  -4  36  0
16  -15  -29  0
-13  -12  6  0
-49  -55  21  0
-49  6  3  0
-31  -16  -34  0
16  49  -40  0
-7  -44  -43  0
-56  15  26  0
-6  -9  -30  0
-7  14  -50  0
41  33  6  0
-58  -47  -37  0
20  25  -29  0
-20  -27  -44  0
47  -43  38  0
-47  -26  -8  0
-12  11  -13  0
27  51  -55  0
14  23  8  0
2  25  -16  0
-12  55  -27  0
-1  6  -48  0
12  26  -9  0
-23  47  32  0
20  15  -47  0
9  -28  23  0
26  57  -17  0
47  13  8  0
26  -13  57  0
8  -3  19  0
-8  -45  1  0
54  -41  -18  0
-59  7  -37  0
46  1  -39  0
-42  -45  -28  0
32  -9  6  0
19  -53  20  0
57  -53  -55  0
-58  27  -25  0
-3  36  -15  0
23  -36  -25  0
39  -18  -14  0
-21  -29  -14  0
-57  -31  11  0
46  30  -47  0
13  3  30  0
40  -48  20  0
-56  21  39  0
-51  3  -24  0
-23  -3  31  0
45  28  47  0
-1  4  -31  0
-30  -17  -38  0
-33  30  -11  0
43  -8  -2  0
-22  9  16  0
51  -20  -47  0
34  -50  19  0
13  -22  -5  0
-54  -34  53  0
-16  3  9  0
5  -1  52  0
-54  2  -52  0
-27  -40  35  0
-34  38  59  0
-24  -46  -44  0
11  10  37  0
36  49  -42  0
20  58  -19  0
-45  -27  -31  0
-14  41  -3  0
38  46  14  0
49  20  32  0
-9  48  33  0
20  -39  51  0
-15  50  33  0
-44  23  21  0
-41  -35  -2  0
-20  -22  -14  0
21  4  -45  0
-1  48  -18  0
-30  -42  19  0
20  24  21  0
-26  28  22  0
-18  13  -58  0
45  -18  -33  0
-41  -19  -37  0
-39  -24  55  0
10  46  -32  0
-20  -48  -14  0
24  35  -21  0
57  -15  -38  0
11  -19  -6  0
41  -17  -29  0
24  7  29  0
42  54  1  0
-26  -10  21  0
-22  36  -14  0
44  51  -46  0
23  29  1  0
36  9  -20  0
38  22  13  0
59  -9  -20  0
17  -53  -11  0
19  -20  -46  0
21  59  60  0
-25  47  34  0
-26  -27  57  0
48  -14  47  0
-7  -33  -1  0
-39  -45  -40  0
-13  -5  -2  0
45  7  15  0
52  -47  39  0
-18  -43  -17  0
24  -13  -50  0
-12  -33  46  0
-14  -50  -33  0
-58  -15  -42  0
-45  22  -54  0
60  -24  50  0
-14  12  -7  0
-23  2  10  0
5  43  44  0
59  57  60  0
-40  9  18  0
-14  49  41  0
20  -2  18  0
-23  -40  -37  0
22  -39  -33  0
8  -3  51  0
-32  50  -59  0
-6  -30  36  0
-39  -40  48  0
-21  20  -7  0
24  -12  1  0
-8  28  -22  0
40  10  38  0
8  -32  50  0
-29  -40  49  0
-52  46  12  0
4  -54  -36  0
12  -18  57  0
45  -49  35  0
-16  -44  47  0
28  -2  50  0
-28  37  52  0
-32  57  -13  0
31  57  -44  0
-58  -33  7  0
-30  40  42  0
17  -46  -35  0
60  39  -10  0
11  -29  -10  0
-53  -60  25  0
-38  -1  -59  0
1  46  26  0
-30  6  48  0
-52  -56  29  0
-40  -57  15  0
17  24  40  0
24  44  16  0
-55  -41  -13  0
18  -42  -5  0
26  8  13  0
32  24  -18  0
25  57  55  0
-43  -20  52  0
4  -1  -7  0
36  54  -12  0
-13  -18  -34  0
44  -25  54  0
18  36  -56  0
25  -29  60  0
51  -28  -16  0
-36  54  -1  0
27  52  47  0
22  38  -34  0
-34  -9  11  0
30  -2  -57  0
36  -34  1  0
44  15  4  0
