c mkcnf random cnf with seed 826653, max clause length 3
c FORCED SATISFIABLE
c 
p cnf 60  258
8  9  -51  0
42  7  24  0
-33  -44  37  0
56  36  -51  0
-51  -32  48  0
34  -14  -57  0
26  -39  -25  0
34  42  -51  0
-49  42  20  0
21  -5  14  0
-27  52  41  0
-22  -43  40  0
4  28  -48  0
-40  -54  -60  0
-52  36  31  0
27  -43  30  0
-60  3  -40  0
-57  23  -36  0
36  -31  18  0
-5  9  -30  0
-11  10  -16  0
50  -6  41  0
6  -9  27  0
17  18  -58  0
-21  13  43  0
-9  -36  33  0
-6  -4  -33  0
-55  51  54  0
-47  4  37  0
30  57  58  0
-32  -6  -21  0
26  -7  9  0
-11  -33  46  0
1  16  20  0
2  43  52  0
39  32  16  0
45  -29  -7  0
20  53  -21  0
-32  -53  -41  0
31  26  -23  0
-19  10  -42  0
-18  41  -13  0
-58  -37  39  0
-50  40  -20  0
-54  -33  10  0
34  10  43  0
57  -45  51  0
26  -6  -39  0
39  21  60  0
-3  29  19  0
24  -21  -35  0
-41  2  60  0
-49  60  -34  0
-49  -8  10  0
13  -7  39  0
-51  -8  27  0
58  -41  3  0
-10  34  59  0
-47  -9  5  0
-12  55  -44  0
18  39  43  0
-60  38  16  0
22  -50  40  0
20  32  57  0
-34  13  -11  0
-34  -43  39  0
29  -53  -39  0
60  29  7  0
40  59  20  0
29  -50  -1  0
-20  54  3  0
25  16  41  0
-29  -15  22  0
-11  -31  -52  0
42  39  3  0
43  33  -30  0
19  55  39  0
-25  5  56  0
-19  1  -32  0
-7  -33  -52  0
-35  55  -24  0
13  -27  58  0
28  -51  41  0
-54  1  -4  0
23  -3  27  0
-33  -30  -24  0
23  -2  -39  0
26  47  -2  0
55  -37  -2  0
26  -21  -46  0
37  -33  40  0
58  -27  -29  0
-26  12  -32  0
-1  45  -32  0
43  -52  48  0
-20  6  29  0
-27  -3  -56  0
26  -25  47  0
-3  -15  6  0
-12  56  -32  0
-18  -15  32  0
47  -13  3  0
30  -39  50  0
38  -4  -60  0
-18  51  -11  0
-40  -7  52  0
-32  52  29  0
-34  -37  35  0
-22  -34  -8  0
-59  -14  51  0
39  -14  -51  0
-59  -36  49  0
35  -33  -50  0
23  56  -5  0
-55  24  26  0
-58  49  -47  0
35  1  -54  0
48  56  57  0
-43  -35  -41  0
19  -1  -29  0
-39  -32  48  0
20  -38  -13  0
-54  59  10  0
27  -60  -48  0
31  52  15  0
-53  -39  -50  0
37  11  -23  0
-17  23  -46  0
32  14  -3  0
3  -37  24  0
57  36  59  0
-38  -2  3  0
53  13  22  0
52  -3  26  0
33  21  8  0
40  -28  -42  0
-54  12  -10  0
-1  2  50  0
3  -51  24  0
-43  -54  13  0
27  38  -28  0
-15  12  13  0
12  56  -21  0
-26  -13  28  0
20  -56  16  0
45  11  -56  0
5  34  -18  0
-6  52  -34  0
-23  60  53  0
-54  -4  -45  0
39  -26  -40  0
48  -18  -46  0
23  -58  53  0
-44  -47  40  0
-40  39  -51  0
36  -10  19  0
14  -9  11  0
-31  -32  23  0
-54  26  -48  0
46  -10  30  0
-20  44  10  0
21  -48  -16  0
-17  -26  -57  0
-21  40  48  0
-59  -54  -56  0
-1  41  -23  0
18  -15  -36  0
-3  4  22  0
39  -13  27  0
46  45  6  0
57  -17  -49  0
-16  -12  -54  0
51  -33  -8  0
-43  22  -37  0
-15  27  9  0
54  56  -38  0
36  -59  19  0
-14  -54  41  0
-6  40  24  0
28  49  41  0
-48  -22  25  0
-10  51  5  0
29  -34  -38  0
-31  -52  -18  0
-39  -53  8  0
-8  36  27  0
3  -31  -41  0
17  -59  -56  0
-53  -51  12  0
48  39  -55  0
47  -26  -30  0
36  46  29  0
11  -42  -12  0
28  -20  -37  0
-11  -36  -5  0
-13  31  38  0
47  -22  -25  0
-1  -51  16  0
-18  7  -56  0
-55  7  6  0
58  -22  -7  0
-19  7  -48  0
27  -53  48  0
36  23  -2  0
35  11  23  0
-5  -44  59  0
-58  1  21  0
-7  59  -33  0
5  2  -20  0
-56  22  -32  0
-11  23  21  0
-59  5  -44  0
50  19  60  0
-9  -23  28  0
35  8  3  0
-11  10  46  0
-1  -8  19  0
-19  -60  -54  0
-21  8  -47  0
-41  50  -48  0
7  27  -8  0
-48  -58  22  0
18  58  27  0
37  22  29  0
52  -42  -7  0
-52  -5  45  0
53  -22  -58  0
-35  6  -24  0
-33  12  -28  0
-49  -53  -35  0
29  15  -39  0
-29  41  57  0
-13  -59  -22  0
-27  9  -33  0
-2  14  36  0
-52  -19  5  0
-23  27  -12  0
48  21  -10  0
50  -59  7  0
19  -50  -58  0
-3  28  41  0
-14  -51  -53  0
45  54  -42  0
7  -44  30  0
-7  -40  -15  0
59  -21  -19  0
43  41  -31  0
-21  -10  19  0
2  -43  -47  0
54  38  -60  0
50  -31  20  0
-30  32  -21  0
-57  39  13  0
1  -23  3  0
38  9  2  0
-24  18  -60  0
9  4  55  0
23  55  -30  0
