c mkcnf random cnf with seed 826651, max clause length 3
c FORCED SATISFIABLE
c 
p cnf 60  258
-48  -31  -32  0
-6  -9  -36  0
-34  13  50  0
-46  13  -21  0
-60  16  43  0
-46  3  -24  0
48  -7  -10  0
-20  59  -52  0
15  46  -52  0
-17  -55  42  0
-32  -22  -52  0
-44  -41  -5  0
37  -13  -48  0
-19  -6  36  0
-32  -12  -49  0
23  26  -38  0
-59  60  31  0
-5  4  -8  0
23  -55  -7  0
-22  13  17  0
-41  -18  -23  0
-45  -15  5  0
-1  -11  16  0
-4  -2  45  0
-13  8  -18  0
9  15  47  0
7  16  -12  0
-48  -39  4  0
16  -34  -19  0
21  57  -6  0
37  16  -24  0
7  -1  -32  0
-36  32  -26  0
-18  59  17  0
52  -33  27  0
34  -60  29  0
43  -48  53  0
2  16  8  0
-31  16  -42  0
42  -3  -58  0
-26  -32  -37  0
-49  -20  -11  0
-41  -18  50  0
-31  42  -18  0
60  31  43  0
29  55  -24  0
-35  -4  -46  0
-11  48  49  0
-50  -54  51  0
37  -5  22  0
25  49  -27  0
59  7  21  0
-30  -7  60  0
12  45  38  0
55  -23  -50  0
3  -20  -48  0
27  31  -36  0
19  -17  28  0
-52  57  49  0
37  23  4  0
57  56  54  0
-32  -29  11  0
20  47  2  0
-54  -4  -49  0
-47  -38  34  0
-42  40  -44  0
9  27  19  0
12  -30  58  0
-59  -16  -40  0
-20  -41  4  0
1  49  -44  0
10  31  -33  0
54  -17  -39  0
-8  55  31  0
-17  -45  -6  0
33  2  24  0
19  57  -13  0
-59  -14  16  0
42  31  25  0
-26  7  -19  0
44  -55  19  0
-44  46  -35  0
-23  2  4  0
41  -45  -51  0
-12  -33  -5  0
27  41  35  0
-1  -21  -8  0
57  -33  -46  0
-8  -22  -51  0
-38  -21  -16  0
-20  -52  -28  0
49  -48  17  0
59  41  -44  0
55  -22  -39  0
-8  18  4  0
52  -30  7  0
-43  24  22  0
5  -57  -56  0
-28  -5  57  0
14  28  -49  0
-21  22  -33  0
-60  9  33  0
-49  57  -24  0
57  -8  -33  0
46  -37  -27  0
38  19  52  0
-57  -12  -17  0
55  10  -9  0
-24  7  -22  0
-46  -2  12  0
-22  20  -34  0
-27  15  11  0
50  -16  -42  0
50  16  14  0
43  20  -33  0
56  32  60  0
-27  3  -24  0
-8  -25  48  0
50  -25  -58  0
37  -18  -28  0
41  18  36  0
-18  -36  -17  0
39  -54  8  0
-56  10  39  0
19  -3  -60  0
-34  -54  12  0
-1  45  49  0
42  29  -13  0
24  -48  -3  0
-44  45  42  0
-7  -8  -31  0
-49  -19  34  0
-38  22  -48  0
-5  -47  36  0
44  -17  -48  0
-12  -5  -47  0
-51  -59  54  0
-45  20  -52  0
10  -27  23  0
-22  -50  41  0
-5  43  -39  0
18  46  -16  0
-50  51  -13  0
-38  42  -9  0
10  43  -24  0
55  40  -21  0
43  -55  47  0
-24  23  -59  0
2  -8  -26  0
55  31  -57  0
-57  39  -28  0
-57  4  -54  0
10  -13  17  0
16  -37  42  0
4  -12  -25  0
59  -53  -42  0
6  -57  52  0
2  -33  56  0
27  30  -49  0
-44  52  53  0
-11  -34  -3  0
56  -17  27  0
19  -44  -21  0
-37  -28  -46  0
-39  -23  -56  0
55  -35  -8  0
41  -39  -4  0
30  34  -4  0
-40  -49  56  0
-47  33  -4  0
50  49  32  0
-34  32  -23  0
11  40  21  0
20  2  52  0
-33  -14  36  0
-13  -58  28  0
7  -45  8  0
-46  -11  24  0
56  35  -39  0
-38  51  52  0
-30  27  -13  0
-26  -9  33  0
55  -21  33  0
-25  52  42  0
48  -5  54  0
-16  -31  -23  0
59  -25  26  0
-19  -10  7  0
42  56  -16  0
-25  -15  43  0
60  48  37  0
47  56  25  0
-45  11  -32  0
29  19  -54  0
-24  -13  -31  0
-18  -25  -46  0
55  -17  33  0
-54  -26  19  0
-9  -29  -3  0
14  -28  30  0
35  -38  18  0
27  -55  -26  0
60  10  7  0
21  39  24  0
29  -45  34  0
14  49  38  0
47  -51  -33  0
-20  -40  39  0
23  16  43  0
27  32  30  0
-2  -16  -28  0
37  41  -11  0
-32  40  -44  0
-50  38  24  0
-49  -31  48  0
1  33  21  0
14  -3  -42  0
-50  -22  -51  0
-10  43  -6  0
60  16  -10  0
51  28  -19  0
-9  37  -52  0
12  30  28  0
-60  27  -25  0
-37  -15  -14  0
-48  30  51  0
-1  40  -53  0
-43  56  34  0
42  43  27  0
-55  19  54  0
55  2  30  0
53  26  -41  0
-42  44  20  0
34  -35  -2  0
9  -36  22  0
-58  60  -9  0
-55  16  28  0
-22  58  47  0
-8  -33  45  0
-9  -40  12  0
57  -41  48  0
59  -29  -51  0
-41  8  -21  0
-33  -59  46  0
-44  -48  40  0
-19  -40  50  0
-35  -21  -2  0
-9  28  38  0
-45  -54  -14  0
-21  -6  9  0
-49  -37  -13  0
18  -33  -43  0
-59  -22  -33  0
-2  -19  -54  0
38  40  29  0
17  56  11  0
32  -6  10  0
7  -53  -20  0
