c mkcnf random cnf with seed 826717, max clause length 3
c FORCED SATISFIABLE
c 
p cnf 60  258
-35  -18  59  0
10  -42  55  0
22  30  -59  0
-33  36  -44  0
7  6  57  0
15  35  33  0
-4  20  -16  0
-13  -20  -25  0
11  32  -7  0
2  20  11  0
-41  -35  8  0
-31  12  -35  0
54  -44  -21  0
-27  58  1  0
40  -13  -34  0
12  15  -46  0
-33  47  -43  0
-29  -8  -28  0
13  -56  25  0
49  25  47  0
-14  12  -37  0
51  -42  -6  0
39  -5  29  0
-14  -58  -10  0
45  -53  29  0
24  6  51  0
23  40  -43  0
-24  11  -13  0
-5  -49  1  0
-47  59  31  0
22  60  -30  0
-46  17  -51  0
43  -15  -31  0
42  -3  -49  0
3  -7  -26  0
-44  26  7  0
-14  -50  -43  0
14  -19  25  0
-52  10  -39  0
-12  -26  39  0
28  -45  35  0
17  41  -45  0
-10  -58  59  0
46  -30  27  0
-49  1  -2  0
35  -17  -11  0
57  49  -45  0
-44  3  48  0
30  -40  -32  0
-46  -44  60  0
9  -5  41  0
-57  45  -36  0
5  26  8  0
20  37  -8  0
-1  -39  49  0
37  -45  -15  0
17  20  -22  0
-20  -6  9  0
-33  -34  -47  0
-25  56  39  0
3  -59  36  0
26  10  -48  0
-7  -36  17  0
21  7  -3  0
-53  -4  -52  0
-39  6  35  0
46  -6  43  0
-53  -7  -32  0
-2  23  39  0
-16  -2  4  0
-23  8  55  0
-18  -56  -12  0
-21  24  10  0
60  -15  10  0
-12  -1  -51  0
-33  8  56  0
-45  -35  58  0
-32  -15  33  0
-49  57  -60  0
-51  12  2  0
-13  56  5  0
10  35  34  0
-24  -45  59  0
32  -1  -9  0
-40  -41  28  0
-34  60  13  0
-47  48  38  0
20  -50  55  0
35  47  39  0
-54  -11  4  0
-13  20  36  0
-57  17  19  0
-41  -37  -55  0
-35  -31  2  0
-23  -56  -15  0
60  -29  57  0
26  -24  -25  0
-59  -20  -12  0
-52  -29  28  0
22  13  46  0
60  -31  59  0
-25  19  -1  0
-36  56  -58  0
-7  24  -48  0
6  25  -27  0
48  59  -14  0
-6  -43  27  0
-48  43  28  0
4  32  34  0
-32  60  52  0
-51  5  -40  0
-21  -55  -36  0
-30  46  35  0
31  -1  9  0
-4  -1  -9  0
46  -4  -40  0
18  -55  25  0
-59  -44  2  0
42  26  34  0
-7  18  -6  0
59  -53  -5  0
33  -18  -30  0
57  -28  -27  0
55  -44  -37  0
56  -27  52  0
-53  -19  49  0
58  -46  -37  0
-59  -43  18  0
-5  11  -7  0
37  -24  -22  0
-56  40  -1  0
53  -25  35  0
-3  -48  5  0
22  -56  26  0
5  34  -33  0
-55  -19  56  0
-3  8  36  0
-23  -33  -10  0
-12  37  2  0
34  54  45  0
-55  -7  -59  0
-13  -49  -22  0
-47  54  25  0
12  48  42  0
-27  17  -26  0
49  37  39  0
54  22  -6  0
-26  33  -5  0
59  -33  -38  0
3  -36  5  0
-4  -48  -53  0
7  30  54  0
42  -17  -3  0
37  7  -5  0
22  -51  -13  0
-59  -15  -3  0
3  -53  -41  0
15  -20  54  0
-17  27  46  0
-5  -41  19  0
-40  58  4  0
32  58  -51  0
-39  -55  -37  0
31  37  45  0
37  24  -1  0
-43  38  23  0
11  -3  -7  0
-52  -39  1  0
-30  23  -51  0
42  -49  -39  0
-33  37  31  0
60  -40  -50  0
29  -6  -12  0
-12  47  -58  0
44  11  -55  0
-34  -8  -47  0
-53  7  19  0
-15  17  -5  0
4  -5  50  0
-33  52  -23  0
-31  23  21  0
-15  -23  -46  0
3  39  -33  0
37  40  21  0
-10  16  38  0
53  -49  -17  0
-19  -34  21  0
51  20  27  0
-26  -45  22  0
-49  55  -50  0
30  -38  54  0
57  16  -26  0
43  20  -58  0
31  -7  28  0
7  -30  -28  0
-46  58  -4  0
25  -15  9  0
59  -4  25  0
4  -37  -6  0
2  59  -55  0
-46  -21  38  0
-19  -12  39  0
-52  -29  46  0
60  2  -56  0
-18  -60  -42  0
-39  16  44  0
37  32  59  0
-37  -7  -29  0
49  -31  -59  0
17  45  -41  0
12  -33  21  0
-14  29  53  0
27  51  23  0
-56  -38  -58  0
-40  57  -12  0
33  -24  -43  0
39  -40  -55  0
-1  35  27  0
-54  -24  -31  0
-53  26  4  0
53  -11  9  0
-9  49  -55  0
-20  14  -24  0
-19  -20  3  0
11  15  23  0
-46  52  11  0
-50  2  -27  0
-16  10  -12  0
32  39  18  0
-40  37  32  0
40  47  -26  0
-14  -30  -51  0
-45  -17  14  0
54  17  47  0
57  8  -51  0
38  -14  57  0
24  -32  -9  0
25  -5  -16  0
1  5  -37  0
-5  36  60  0
-55  -1  -42  0
-13  58  -42  0
-14  -37  -45  0
-24  -52  50  0
17  27  -60  0
35  -54  -29  0
57  -11  -55  0
58  -8  -37  0
54  -34  21  0
29  -59  4  0
-21  -17  31  0
36  -52  44  0
23  -7  10  0
-26  2  -3  0
-32  -23  10  0
22  -53  5  0
-42  20  3  0
59  -24  -30  0
