c mkcnf random cnf with seed 826718, max clause length 3
c FORCED SATISFIABLE
c 
p cnf 60  258
-45  -7  38  0
-19  7  58  0
20  15  -9  0
32  -60  -51  0
-42  -30  1  0
4  46  17  0
23  25  26  0
50  7  -8  0
21  3  13  0
-20  -19  52  0
-14  -32  -15  0
44  -45  56  0
10  38  12  0
8  24  -60  0
50  -45  32  0
-48  22  -11  0
-46  -35  22  0
11  -53  -24  0
16  31  41  0
-9  53  -39  0
41  -40  -33  0
-34  -43  6  0
20  -25  21  0
31  50  -13  0
-53  56  -5  0
60  -52  38  0
-27  8  44  0
39  49  -9  0
-49  10  36  0
-21  -14  -16  0
47  -5  19  0
50  -22  44  0
5  38  26  0
40  -49  -50  0
54  -42  35  0
25  20  34  0
-52  16  60  0
-27  -20  -12  0
-41  -43  53  0
2  -53  -26  0
-31  -17  -11  0
39  -23  -31  0
17  20  22  0
51  22  -5  0
-24  37  26  0
-16  -8  -19  0
-11  48  -15  0
-47  4  -57  0
53  -1  59  0
-6  -37  -29  0
16  -42  -8  0
-25  26  -8  0
5  -27  -7  0
47  -30  35  0
30  56  -10  0
-33  21  -48  0
39  -2  9  0
9  -6  10  0
56  38  -37  0
57  -10  -20  0
-1  -50  17  0
-25  39  -19  0
19  43  -26  0
-59  30  -58  0
-1  18  45  0
-23  24  26  0
-57  -19  -18  0
6  -49  -16  0
-57  -46  -53  0
5  -50  11  0
45  -19  -39  0
35  4  39  0
2  -52  -35  0
-56  46  60  0
37  6  3  0
-29  55  -17  0
5  4  44  0
-32  53  23  0
-38  -55  -8  0
-56  28  -32  0
11  48  25  0
38  -54  -46  0
-13  -14  39  0
47  46  25  0
52  -56  -22  0
36  7  53  0
53  39  -49  0
-54  35  36  0
-14  -13  57  0
-13  9  45  0
13  42  -34  0
51  -36  -23  0
14  54  -27  0
-6  -19  12  0
-34  -57  -24  0
44  -39  10  0
48  5  -34  0
-26  4  29  0
-19  -46  29  0
-56  -24  21  0
-23  -27  7  0
-23  49  47  0
29  32  -35  0
23  37  -58  0
59  -49  23  0
16  -5  4  0
49  53  37  0
55  -47  -25  0
3  12  -15  0
-19  -24  -11  0
32  -44  -7  0
-49  -2  -28  0
8  50  -48  0
30  38  44  0
-52  -40  29  0
13  -53  -44  0
-9  -23  59  0
32  22  -50  0
43  -7  -4  0
-38  -58  -10  0
-18  58  -51  0
14  -34  -51  0
-11  52  -20  0
-46  -52  6  0
36  47  -52  0
-14  -26  28  0
-12  -23  -4  0
-59  -41  -15  0
3  -60  -25  0
41  13  -45  0
-51  29  28  0
-47  42  52  0
37  -5  26  0
-25  -43  15  0
-1  -45  57  0
-41  60  18  0
-15  -2  -36  0
47  -52  -50  0
51  31  -57  0
31  -5  -19  0
-17  37  35  0
-34  -55  -32  0
59  44  -14  0
49  -51  53  0
-9  26  -51  0
42  -56  16  0
-22  -14  12  0
-16  -19  -41  0
-47  -24  -12  0
36  10  -57  0
-34  -33  37  0
60  16  41  0
-25  -17  -44  0
-53  -3  -21  0
20  24  -43  0
-6  45  -43  0
21  -5  -52  0
34  41  30  0
8  57  -38  0
20  -36  1  0
-10  -3  -4  0
10  -43  27  0
25  52  50  0
-19  -6  16  0
57  38  22  0
44  -40  49  0
12  -7  -46  0
53  -8  -59  0
-24  -43  18  0
9  60  35  0
45  15  -32  0
-4  -56  -26  0
-55  56  -19  0
54  13  40  0
29  32  -49  0
21  1  3  0
1  19  46  0
-28  -47  9  0
-33  19  -30  0
40  22  2  0
-59  -3  30  0
29  18  -45  0
-27  -48  -39  0
-45  -42  18  0
-13  1  -29  0
-16  52  23  0
-46  44  56  0
-54  33  59  0
-6  39  44  0
49  -16  -11  0
-3  -14  -19  0
44  -4  -27  0
54  -28  1  0
-45  30  -3  0
21  -38  43  0
7  37  -54  0
22  13  -3  0
7  -33  -23  0
-11  -39  10  0
53  35  -34  0
2  -22  -14  0
-8  -14  -19  0
30  41  -36  0
-25  15  -55  0
-58  36  -45  0
36  -22  -42  0
23  6  5  0
-41  53  -54  0
29  -34  21  0
-42  1  -53  0
-48  -52  38  0
56  -14  -29  0
-42  -19  -14  0
47  30  -2  0
36  -5  -49  0
21  -48  -42  0
-2  -28  3  0
32  24  10  0
58  -30  32  0
56  -55  -1  0
-8  29  -60  0
-20  41  40  0
-28  -38  -47  0
49  -2  -38  0
44  -25  35  0
19  -50  -51  0
-60  -56  -17  0
-42  -19  18  0
-25  -54  51  0
-53  56  48  0
26  17  53  0
-28  42  -2  0
44  -6  -8  0
49  -14  5  0
15  -24  6  0
6  20  46  0
48  -26  -58  0
24  12  8  0
49  19  -30  0
35  -38  -1  0
-36  50  -33  0
27  -26  28  0
44  -7  10  0
-59  -44  -13  0
42  44  20  0
-39  -58  -16  0
21  -32  23  0
-38  -30  36  0
-22  -53  -16  0
37  34  21  0
34  -13  58  0
1  -47  3  0
-2  -15  7  0
47  -4  44  0
38  -53  34  0
11  -52  23  0
-32  -33  -28  0
48  22  -32  0
