c mkcnf random cnf with seed 826682, max clause length 3
c FORCED SATISFIABLE
c 
p cnf 60  258
52  47  -56  0
8  45  60  0
15  -32  1  0
40  44  9  0
15  -23  -28  0
-14  -48  13  0
-18  50  -24  0
-60  29  -49  0
7  5  29  0
-18  56  -55  0
4  56  -40  0
27  -5  -1  0
-15  14  47  0
33  31  -52  0
-58  -36  -54  0
35  -19  -45  0
35  46  34  0
11  -2  -37  0
-40  31  35  0
-1  43  -28  0
-2  -31  40  0
-46  -33  -49  0
30  38  59  0
-4  -2  -50  0
-60  -57  -17  0
-17  36  -23  0
-33  48  -49  0
37  14  52  0
39  -21  -22  0
48  7  -19  0
48  24  45  0
-48  2  -15  0
-36  6  -59  0
19  55  9  0
51  37  -40  0
-57  -60  -55  0
37  -14  -17  0
50  -11  -57  0
20  -4  23  0
-4  -54  53  0
-7  -58  59  0
-54  -9  39  0
19  42  13  0
24  -55  8  0
31  43  30  0
14  47  52  0
-37  7  -56  0
4  -32  42  0
-48  -9  -18  0
14  9  17  0
14  49  -31  0
23  15  45  0
52  29  3  0
-36  -39  -42  0
-56  1  -40  0
-56  -2  -27  0
-51  -36  44  0
34  41  -27  0
-46  -40  29  0
10  -24  -2  0
-52  31  -42  0
59  -7  -13  0
27  45  -13  0
34  29  25  0
8  49  45  0
-40  25  -19  0
45  -55  -26  0
37  -26  44  0
57  3  24  0
-3  -26  42  0
47  -52  -26  0
13  -8  -7  0
-45  -48  -5  0
59  -21  -34  0
22  -48  -6  0
8  21  -42  0
24  -18  17  0
-24  -21  51  0
55  15  44  0
28  45  -12  0
-40  -41  28  0
-6  7  22  0
19  -57  -30  0
-26  -2  -48  0
39  -28  -26  0
-21  -17  -25  0
38  56  3  0
-40  -43  -26  0
-60  -28  -58  0
40  57  -31  0
45  -28  -1  0
25  21  -48  0
-44  -60  9  0
-3  -52  -50  0
22  -47  56  0
11  35  -57  0
-50  -22  34  0
27  -55  -49  0
-5  53  -19  0
-30  39  -54  0
20  -16  -10  0
24  -51  56  0
-44  -3  38  0
-55  -1  -56  0
23  30  -19  0
14  -17  33  0
-45  27  -38  0
4  31  -54  0
25  -26  3  0
-14  -38  -19  0
-50  -33  43  0
-17  -1  -18  0
14  42  -5  0
15  56  55  0
-2  -27  39  0
7  11  -49  0
58  23  -16  0
39  38  -28  0
-15  -21  25  0
-18  -49  3  0
-6  30  4  0
-20  -39  7  0
-57  47  -24  0
-50  -45  -17  0
52  25  60  0
31  -45  -29  0
23  25  39  0
-15  -58  -19  0
-14  3  -13  0
9  -3  -6  0
35  14  17  0
-35  32  -43  0
51  -41  24  0
-16  -32  -44  0
-59  51  -36  0
-54  -55  19  0
7  14  23  0
-56  33  -47  0
49  56  -38  0
-60  51  42  0
-56  48  -60  0
33  -44  -9  0
7  -5  11  0
6  -19  60  0
49  44  9  0
-49  -25  16  0
53  -42  -7  0
2  4  -36  0
16  -47  -19  0
11  -32  -56  0
44  7  -12  0
-44  14  45  0
49  24  7  0
49  54  4  0
-9  -45  -33  0
15  28  -48  0
7  34  30  0
35  48  16  0
55  -44  35  0
-28  -60  -37  0
42  5  -6  0
27  -16  21  0
47  -2  -49  0
-12  41  50  0
6  2  -35  0
50  54  -35  0
24  4  10  0
-7  47  13  0
-56  4  53  0
45  -9  -19  0
-19  -14  -25  0
42  -5  -38  0
-18  52  43  0
42  -26  53  0
30  -22  56  0
-24  13  60  0
59  -41  38  0
24  19  43  0
54  -55  -22  0
52  -11  -27  0
31  -8  51  0
50  -20  36  0
-44  39  52  0
-8  -56  35  0
19  -26  -30  0
-14  -55  47  0
29  55  57  0
59  -43  -33  0
-11  22  45  0
-33  -52  -55  0
-37  -4  36  0
32  44  33  0
2  38  24  0
-39  33  28  0
-14  -41  44  0
-41  49  -42  0
15  -23  20  0
-27  -51  59  0
31  -6  -19  0
-57  -19  43  0
-4  -17  -57  0
-29  -21  35  0
-32  -38  -13  0
14  -19  5  0
18  38  -46  0
35  49  -9  0
47  35  -5  0
42  -37  18  0
39  24  54  0
-32  26  40  0
-19  -32  -18  0
37  -22  -9  0
7  34  9  0
-43  42  20  0
-48  49  -36  0
-31  9  4  0
-57  -41  56  0
-53  -22  -24  0
-34  -53  6  0
-29  -39  -2  0
-39  38  -40  0
-33  15  -6  0
-41  -15  -11  0
53  3  -39  0
22  51  21  0
-53  -46  -56  0
37  43  -53  0
-23  -48  40  0
-55  -50  53  0
33  -47  9  0
9  47  16  0
16  42  -7  0
45  48  -7  0
5  37  15  0
5  48  -17  0
5  -54  -27  0
37  50  40  0
28  16  6  0
26  -37  44  0
-46  5  -1  0
-37  -36  -14  0
22  -5  37  0
23  12  47  0
26  6  45  0
3  60  -39  0
26  44  46  0
3  19  39  0
-2  -19  -58  0
11  27  39  0
-25  49  -51  0
-46  -12  -8  0
-35  55  10  0
-55  -50  -48  0
-36  60  -26  0
-2  9  51  0
19  1  16  0
46  -21  35  0
35  -60  -25  0
