c mkcnf random cnf with seed 826704, max clause length 3
c FORCED SATISFIABLE
c 
p cnf 60  258
-28  42  -25  0
5  20  -27  0
-10  36  52  0
54  -17  4  0
-36  -45  -5  0
34  4  18  0
15  3  -6  0
8  -60  -16  0
57  -42  41  0
48  29  -20  0
-28  -19  17  0
-1  7  37  0
18  59  45  0
-46  -10  28  0
60  -3  17  0
13  -41  31  0
51  25  -8  0
-13  -50  -57  0
58  -10  -52  0
-35  32  -30  0
-22  42  -4  0
-11  -42  -32  0
44  49  37  0
8  35  45  0
-26  -10  -7  0
-39  -32  58  0
-11  32  -47  0
42  -19  -24  0
-57  -2  -1  0
10  -31  59  0
-33  55  28  0
48  -30  49  0
28  -27  -5  0
-3  -18  -60  0
56  -4  -22  0
-22  7  4  0
4  -43  13  0
11  46  -15  0
12  37  -51  0
57  16  -9  0
39  46  53  0
-49  52  22  0
14  -36  33  0
-24  -4  -20  0
-23  8  3  0
-25  -44  33  0
21  8  55  0
-29  44  36  0
-48  -23  -11  0
-54  -10  13  0
14  48  42  0
10  12  45  0
46  9  -54  0
-34  -38  -48  0
5  51  -4  0
-52  39  -44  0
30  7  37  0
38  -52  -10  0
-21  60  -24  0
-40  -1  -57  0
16  57  -23  0
-49  -42  23  0
59  19  18  0
24  -6  -57  0
-18  -34  -28  0
-17  34  -35  0
46  41  -55  0
-18  -12  -7  0
-24  39  -10  0
-53  19  54  0
37  -57  -60  0
53  8  22  0
-40  56  22  0
29  38  5  0
-53  -8  -26  0
41  47  -5  0
39  -28  -5  0
15  -21  49  0
37  10  -38  0
22  5  -15  0
-22  4  -56  0
28  14  19  0
-59  47  -39  0
-37  49  2  0
-51  -46  -38  0
23  5  20  0
43  53  55  0
-21  -9  38  0
24  2  -40  0
-19  -17  49  0
49  -16  -29  0
-22  24  -23  0
37  56  4  0
-12  29  7  0
-27  -35  -13  0
-34  50  -28  0
-9  55  44  0
46  -47  -3  0
-32  -17  -31  0
30  -34  18  0
51  -20  36  0
-32  34  -19  0
37  -25  23  0
-18  35  48  0
-57  58  15  0
53  -28  46  0
-37  -29  34  0
-54  60  36  0
39  32  -45  0
-7  -17  -41  0
-35  -58  -26  0
-17  32  29  0
-21  -18  -46  0
59  -18  -53  0
-44  -45  -17  0
35  -7  32  0
38  -53  -39  0
7  -32  -34  0
-44  55  -48  0
-46  -37  41  0
18  -54  -34  0
-29  22  39  0
2  8  -45  0
-16  -48  26  0
39  31  57  0
-45  6  -52  0
25  -22  52  0
42  -49  -9  0
27  16  -19  0
25  3  -49  0
-50  37  -19  0
25  10  -14  0
43  -25  56  0
-45  13  17  0
-14  21  -41  0
-50  7  -6  0
60  53  -6  0
57  22  33  0
-41  -31  -22  0
-42  20  -36  0
17  35  -33  0
-32  -52  12  0
-45  -56  6  0
-14  8  52  0
-28  40  -52  0
1  36  42  0
31  28  27  0
21  12  20  0
-40  19  -48  0
-33  14  -28  0
-37  -30  1  0
6  46  44  0
46  12  14  0
-33  3  -25  0
-45  27  -34  0
-59  26  48  0
-19  7  -55  0
54  41  -12  0
60  21  24  0
40  -15  58  0
-10  -7  -57  0
-51  -59  -55  0
-47  20  -2  0
22  -38  -6  0
46  43  60  0
36  -8  50  0
-13  4  -40  0
-31  8  -6  0
-42  -59  -35  0
-29  -46  36  0
22  -3  60  0
48  -56  23  0
-37  -14  -12  0
-35  58  49  0
-52  -36  -40  0
33  56  32  0
-23  -14  -9  0
4  6  59  0
51  13  40  0
-50  -59  -51  0
-6  60  4  0
59  -31  -13  0
-53  -25  60  0
-48  -24  -4  0
-24  3  -34  0
54  -23  -22  0
-7  40  50  0
16  13  -19  0
-43  -14  2  0
13  -58  -41  0
-25  37  59  0
-26  15  -53  0
-25  16  -19  0
-26  32  -31  0
21  -41  -35  0
54  -49  8  0
13  47  -51  0
-5  46  -41  0
18  36  42  0
19  -54  -42  0
51  -34  55  0
50  -12  49  0
40  39  47  0
-31  59  -19  0
-19  3  29  0
25  -22  -36  0
-46  38  27  0
-48  -59  -26  0
9  -17  -45  0
-24  15  39  0
-18  56  -5  0
52  -32  -29  0
-48  30  52  0
-33  -1  10  0
-9  35  42  0
22  -26  38  0
-32  28  50  0
-45  3  13  0
14  38  41  0
12  -45  14  0
-21  23  31  0
27  -31  37  0
-23  59  45  0
34  -28  41  0
34  41  3  0
31  -36  -38  0
5  38  18  0
-11  46  41  0
20  -40  -48  0
-49  -14  -10  0
7  46  19  0
-41  24  5  0
-30  -36  -9  0
4  50  -58  0
-45  -39  25  0
-49  17  -13  0
25  55  -4  0
-51  2  -5  0
-41  23  -3  0
56  -1  -29  0
14  44  49  0
55  -57  19  0
28  31  -25  0
25  -41  -54  0
34  -38  44  0
-7  -4  -37  0
43  27  -6  0
18  -31  1  0
47  26  29  0
-51  -42  -11  0
1  -35  -56  0
53  -5  -42  0
-36  -12  58  0
-25  49  16  0
-60  20  48  0
60  40  14  0
-13  3  24  0
50  -21  39  0
