c mkcnf random cnf with seed 826675, max clause length 3
c FORCED SATISFIABLE
c 
p cnf 60  258
-43  -4  -20  0
20  47  3  0
5  18  -17  0
39  32  -3  0
4  -51  -36  0
-33  23  -30  0
11  -59  -40  0
18  2  -15  0
57  -59  54  0
-58  -53  19  0
42  5  23  0
6  -57  48  0
-53  40  49  0
50  7  -41  0
-39  -41  -51  0
-45  29  49  0
-19  5  4  0
-26  -32  47  0
24  32  -51  0
43  13  4  0
9  21  35  0
-13  47  48  0
-25  -7  24  0
41  -56  32  0
47  -54  -15  0
17  46  -4  0
-32  57  -33  0
-20  29  -4  0
45  -4  -9  0
1  -17  -28  0
55  53  -51  0
36  34  -16  0
-40  42  9  0
-41  58  28  0
31  4  44  0
48  7  -47  0
-30  39  -24  0
-4  -3  -34  0
-59  23  40  0
-34  5  57  0
47  37  -39  0
-60  -2  -32  0
47  -55  14  0
-59  -6  55  0
6  -45  4  0
-52  34  -40  0
60  9  49  0
-28  2  -13  0
-38  12  30  0
7  -40  -34  0
45  -18  -22  0
22  55  -51  0
4  32  -41  0
-55  9  -20  0
51  12  -4  0
37  23  42  0
26  -41  -39  0
-21  -56  -15  0
35  -10  -7  0
-39  -7  4  0
13  24  -51  0
-39  -9  -36  0
-29  -26  9  0
-11  -31  -33  0
14  10  47  0
44  7  9  0
58  29  33  0
-57  17  37  0
29  26  16  0
31  -43  -21  0
17  -31  56  0
-21  -22  14  0
-37  52  -3  0
-57  30  -43  0
46  -58  32  0
41  44  55  0
-37  3  -13  0
-11  4  -60  0
-60  -15  49  0
24  -30  -57  0
-25  -11  7  0
13  -12  -60  0
8  6  14  0
44  -18  58  0
-5  -17  59  0
47  40  -12  0
-15  44  -5  0
18  28  -45  0
31  46  -53  0
-3  33  -32  0
-60  -22  -37  0
11  10  -51  0
27  -3  24  0
-49  -36  34  0
26  24  7  0
51  -13  9  0
-60  -42  -28  0
50  -24  -13  0
28  51  12  0
-59  21  -14  0
49  -59  -28  0
-29  8  1  0
59  7  -53  0
-54  -60  4  0
2  26  -25  0
15  40  13  0
25  48  -21  0
-13  -32  15  0
42  -45  46  0
-41  -50  -5  0
56  -9  -27  0
-15  -12  1  0
-37  15  8  0
-54  -58  55  0
-2  53  -20  0
43  2  4  0
-22  -43  -8  0
18  16  -19  0
-2  16  9  0
-48  56  -26  0
35  21  -29  0
19  26  30  0
5  25  18  0
20  16  54  0
60  14  55  0
-14  8  54  0
53  36  -37  0
47  -15  49  0
11  2  19  0
14  -10  -43  0
-20  44  -14  0
48  -20  14  0
32  54  -39  0
33  -42  31  0
-55  -29  -9  0
8  -57  -17  0
-30  -25  -58  0
-44  29  -48  0
-51  42  -8  0
-51  -26  -16  0
-11  -17  -26  0
38  -9  -14  0
26  38  18  0
-60  49  -24  0
-46  13  21  0
-17  -32  44  0
59  -47  -52  0
-8  55  -58  0
30  35  21  0
-4  21  31  0
-19  -6  48  0
10  40  58  0
24  16  3  0
-55  26  -13  0
10  -24  20  0
55  -30  14  0
-34  33  12  0
43  51  -23  0
53  51  -46  0
-42  57  59  0
-16  -58  48  0
35  6  14  0
12  -26  1  0
-33  -15  14  0
-24  -21  47  0
-54  -39  -6  0
-17  -42  -50  0
-29  15  -26  0
9  -27  -19  0
-56  -37  43  0
-22  -46  7  0
22  -17  -41  0
-28  -10  -55  0
-44  35  -37  0
-43  -24  -2  0
-31  -16  -22  0
-17  -42  -4  0
-55  -16  -10  0
-29  36  -16  0
-57  -22  -28  0
48  -11  7  0
-16  -59  -43  0
13  -5  -51  0
-48  -60  -11  0
44  3  37  0
24  -3  -12  0
-58  -49  53  0
-52  17  54  0
-6  -3  -43  0
-27  54  -49  0
-51  23  28  0
-32  9  55  0
-44  -3  33  0
43  54  30  0
-16  -60  41  0
-56  -36  28  0
52  -50  -28  0
-2  -39  -34  0
34  44  13  0
43  41  37  0
-9  -38  -35  0
-17  18  -24  0
-47  -21  39  0
43  41  -3  0
1  24  -40  0
-38  -18  60  0
-19  -11  37  0
27  24  50  0
-47  -33  -3  0
2  -35  1  0
56  -50  53  0
43  -23  42  0
7  56  -41  0
18  9  -23  0
-27  -6  24  0
-12  -29  37  0
15  31  35  0
-29  33  14  0
16  -30  -9  0
-6  35  -32  0
4  52  -5  0
56  -38  -39  0
32  46  -12  0
44  40  9  0
-15  22  30  0
46  -52  58  0
-26  -23  -49  0
-36  48  -6  0
33  -20  9  0
33  -53  -42  0
8  -53  -13  0
-36  -28  -55  0
-52  20  -37  0
-20  21  60  0
15  -17  38  0
6  -7  49  0
60  -59  38  0
-17  -53  5  0
39  49  -51  0
-32  -52  -37  0
50  -23  -46  0
22  50  24  0
40  7  3  0
28  -7  -23  0
-12  2  20  0
6  50  -38  0
-23  -59  -7  0
26  53  -2  0
-53  -12  -24  0
-25  -60  -40  0
-14  1  18  0
12  52  -28  0
-18  -42  15  0
11  -24  -16  0
-3  -53  4  0
-25  -9  36  0
-9  31  -18  0
16  2  -21  0
