c mkcnf random cnf with seed 826688, max clause length 3
c FORCED SATISFIABLE
c 
p cnf 60  258
-51  40  -53  0
-16  35  10  0
30  -54  -52  0
-17  -52  28  0
-38  -46  -51  0
-56  8  45  0
-51  -54  -42  0
20  -11  31  0
-4  -55  53  0
-13  5  -12  0
52  27  -56  0
35  3  50  0
-14  36  -9  0
-37  -44  16  0
42  22  32  0
-37  47  -25  0
-15  -4  -36  0
47  -57  21  0
29  -37  40  0
-22  -30  50  0
-56  -30  51  0
-7  -10  32  0
12  59  23  0
12  -50  -23  0
-12  -55  -18  0
7  -44  -52  0
-57  34  -47  0
54  57  -7  0
-59  39  -43  0
-41  -20  19  0
-23  -51  39  0
-27  -36  -56  0
-35  -15  -11  0
-45  51  42  0
-53  -20  -3  0
-11  54  34  0
-55  45  -9  0
-31  -26  -17  0
7  11  15  0
-39  28  46  0
-47  -11  -59  0
-38  -20  -31  0
52  59  -42  0
-30  -54  -17  0
-23  -11  5  0
-50  -42  58  0
-54  1  37  0
-15  -35  58  0
-35  15  19  0
-59  -21  -24  0
-23  38  -33  0
3  -27  13  0
31  12  59  0
47  5  39  0
30  -20  -11  0
35  -41  1  0
25  44  -24  0
-10  -49  15  0
21  51  -41  0
-10  -51  43  0
49  48  16  0
-5  -52  -43  0
-11  -59  41  0
-15  -26  -59  0
-11  16  -57  0
35  -37  34  0
-21  59  -37  0
-59  -21  55  0
-7  50  49  0
50  11  33  0
30  38  -9  0
-17  -23  -55  0
48  47  46  0
30  -27  31  0
-3  -41  -44  0
49  55  -59  0
-38  36  5  0
-3  26  4  0
52  -40  -30  0
35  -20  32  0
-53  12  -25  0
-27  50  25  0
59  -20  -58  0
-55  48  9  0
5  -35  24  0
24  15  -9  0
-16  6  -37  0
-9  -37  -46  0
44  3  35  0
1  -36  -9  0
-16  -23  37  0
24  -7  40  0
-28  54  42  0
8  -49  31  0
39  16  -37  0
41  43  56  0
-47  -30  43  0
38  -25  7  0
-53  3  -9  0
39  13  54  0
-10  -52  -50  0
46  -33  5  0
14  -16  49  0
1  -35  30  0
-42  -55  -17  0
-28  -31  7  0
-20  -13  26  0
-21  -43  -46  0
-16  -39  -25  0
1  26  41  0
-18  50  -6  0
-59  29  51  0
7  9  -21  0
6  -26  3  0
-53  -59  -54  0
-31  -35  -19  0
-56  -48  43  0
49  21  30  0
21  -50  17  0
-56  60  -29  0
-8  -9  -38  0
-60  -48  11  0
46  -40  42  0
-1  -15  -53  0
38  -58  -39  0
-1  -22  2  0
37  39  34  0
-20  -42  57  0
45  -19  17  0
41  -36  37  0
-14  58  -56  0
-30  10  57  0
-1  24  -42  0
-10  20  38  0
-54  41  -28  0
27  43  55  0
32  -26  -34  0
14  -25  -16  0
19  42  -15  0
7  35  22  0
-55  -24  28  0
23  -12  -24  0
56  -47  32  0
-27  -46  32  0
58  -56  -18  0
-31  -23  -16  0
-45  -52  5  0
-56  29  -42  0
-22  -24  -35  0
5  17  36  0
44  -27  -49  0
33  -48  -15  0
-8  58  56  0
38  36  27  0
5  -28  -29  0
-42  33  -5  0
11  24  -4  0
-40  -15  3  0
7  -51  -24  0
-24  60  -1  0
-60  22  14  0
41  54  46  0
-40  38  6  0
-37  17  -48  0
-45  19  54  0
-9  57  17  0
-6  -4  42  0
-45  -19  -20  0
-39  -53  59  0
-49  -17  -9  0
21  45  -1  0
-21  -9  3  0
-33  17  1  0
49  35  -37  0
-30  17  -52  0
27  38  -42  0
24  -9  -32  0
-59  10  -45  0
43  -49  -28  0
58  -6  25  0
-48  -36  -25  0
44  -4  21  0
-27  -9  -1  0
-20  18  26  0
47  -32  -38  0
-52  -5  -48  0
-41  -18  -57  0
40  -56  19  0
32  31  -10  0
31  8  -1  0
-5  42  -25  0
-23  32  -48  0
-19  -16  31  0
6  -59  28  0
-33  59  -26  0
47  60  56  0
55  15  48  0
26  -30  16  0
38  -49  59  0
-52  10  -46  0
-48  30  43  0
44  -8  18  0
-19  -50  -49  0
-18  36  4  0
-21  52  38  0
-3  44  -47  0
56  49  40  0
51  -40  -11  0
-60  50  -57  0
-46  -51  -13  0
48  26  12  0
-57  -17  59  0
-31  20  33  0
39  20  55  0
-15  -35  47  0
-32  38  8  0
-5  -23  -35  0
21  36  -46  0
-31  22  47  0
-53  -28  -2  0
-45  -44  31  0
-32  51  19  0
8  -60  3  0
-8  51  21  0
-6  33  58  0
-8  2  -34  0
2  -56  -7  0
-23  10  28  0
-54  49  25  0
-45  -49  -8  0
-38  -18  -56  0
60  -50  39  0
55  -39  -54  0
-38  -12  11  0
-24  -37  5  0
-27  36  58  0
21  -16  37  0
-19  -27  -14  0
-52  41  -42  0
-31  -17  -36  0
-56  -14  -33  0
-8  -19  57  0
25  41  49  0
-52  -18  32  0
50  10  -19  0
-48  -31  -6  0
-48  -16  34  0
-15  -9  -23  0
-53  36  -50  0
18  49  -55  0
-5  31  -28  0
-37  13  -60  0
26  2  -16  0
1  -51  56  0
16  19  14  0
-55  -41  -25  0
-23  57  -3  0
-56  -9  -18  0
