c mkcnf random cnf with seed 826699, max clause length 3
c FORCED SATISFIABLE
c 
p cnf 60  258
-39  -38  8  0
-8  59  39  0
-58  -36  -30  0
25  -57  9  0
58  -40  -52  0
-5  -18  9  0
48  34  -1  0
3  31  47  0
-10  30  53  0
-5  -26  55  0
23  20  28  0
-30  29  5  0
46  -2  -43  0
11  -59  56  0
4  -19  6  0
21  -43  -2  0
-18  -40  36  0
21  4  44  0
-26  -46  -13  0
42  7  47  0
-52  35  8  0
8  -38  -46  0
16  2  58  0
-29  11  56  0
29  -16  34  0
11  -42  37  0
56  -8  -54  0
13  -22  -45  0
-11  -27  -7  0
-9  55  25  0
-59  60  -21  0
-7  -57  -45  0
38  3  7  0
-45  56  5  0
-12  -54  -2  0
-29  25  17  0
-58  24  31  0
2  6  22  0
11  36  2  0
-55  54  -23  0
-51  10  -27  0
-10  22  5  0
37  47  -33  0
9  19  16  0
29  56  38  0
-30  -47  46  0
32  -56  -16  0
6  -44  -51  0
19  43  7  0
21  22  5  0
50  45  1  0
-28  -11  -60  0
-24  60  -39  0
-48  -35  -22  0
22  32  -17  0
5  35  10  0
46  45  7  0
-49  -51  26  0
-41  -31  -15  0
4  60  -45  0
-41  54  -32  0
-53  30  19  0
50  -17  2  0
-28  -40  -54  0
-34  -44  -58  0
25  46  -17  0
24  -22  34  0
-59  -8  -17  0
31  -12  -40  0
-14  -21  18  0
-28  -37  49  0
27  42  21  0
54  23  9  0
42  -26  25  0
1  56  52  0
57  11  -51  0
-56  30  -21  0
-39  -60  51  0
-44  12  -10  0
32  -40  11  0
-28  -55  -25  0
-30  43  42  0
-29  50  -13  0
55  -14  -33  0
44  18  45  0
-30  -8  -36  0
7  41  34  0
23  -54  -44  0
-48  -8  47  0
-21  59  10  0
-13  20  -45  0
46  -1  32  0
-34  1  11  0
-48  58  -38  0
51  -1  32  0
-34  -1  18  0
-21  53  -26  0
25  -52  6  0
-47  43  44  0
4  44  21  0
39  20  -57  0
-52  36  53  0
-4  3  -7  0
-11  -42  -51  0
7  13  11  0
43  -13  -53  0
14  -35  28  0
-16  -32  53  0
-34  -23  48  0
-54  -44  -20  0
-48  49  -55  0
31  57  -50  0
-33  23  1  0
-25  55  57  0
-7  -51  -56  0
44  -8  -46  0
-44  -30  -41  0
-33  -41  -21  0
48  29  46  0
32  -7  -43  0
56  -47  -50  0
53  50  -16  0
40  -59  23  0
-42  23  32  0
48  -34  20  0
-17  -42  35  0
19  -56  -59  0
22  40  39  0
56  27  48  0
-48  -45  -3  0
28  59  9  0
-53  -45  -7  0
-9  26  42  0
20  -9  -56  0
33  -3  -36  0
-5  -43  34  0
-54  -16  37  0
-36  -46  6  0
22  -54  49  0
-22  45  52  0
-46  -2  -50  0
-52  18  38  0
-44  -7  58  0
-49  -13  4  0
-44  39  -30  0
55  1  -29  0
-11  -21  -43  0
-57  -54  10  0
-43  -34  -3  0
10  -24  21  0
-24  -49  4  0
-4  6  -5  0
-12  25  54  0
-54  41  5  0
31  -37  -51  0
1  -6  -53  0
-58  57  41  0
60  48  -8  0
45  -3  12  0
29  53  14  0
22  -24  -17  0
-32  47  53  0
-35  -42  -6  0
53  51  44  0
19  60  44  0
26  56  -58  0
39  51  -42  0
-10  53  6  0
2  29  -1  0
20  55  49  0
24  57  -37  0
-33  51  19  0
53  -25  -59  0
-21  -27  35  0
31  35  14  0
-58  29  -35  0
-27  -44  -53  0
-16  45  -15  0
5  14  35  0
-47  -43  12  0
33  12  59  0
43  24  -22  0
40  -32  37  0
55  -22  29  0
60  44  -48  0
-3  9  58  0
-46  -59  50  0
31  -33  27  0
33  10  -31  0
-23  -12  58  0
-25  -17  -13  0
-22  -25  23  0
40  29  -41  0
53  -35  41  0
9  4  59  0
-42  -24  6  0
22  -27  7  0
-12  -52  -48  0
33  -28  21  0
-22  -21  -2  0
-27  4  -15  0
-48  -17  -47  0
28  -22  -14  0
17  -44  11  0
15  30  35  0
48  32  47  0
38  56  -10  0
16  -18  -3  0
48  -51  14  0
-47  -40  -51  0
-47  3  49  0
-50  -24  -18  0
-36  41  -45  0
-8  49  -15  0
-7  49  1  0
-48  57  37  0
1  56  32  0
54  -2  -23  0
29  -41  -14  0
-41  -16  36  0
60  -43  -10  0
-26  32  -11  0
-9  23  47  0
-33  -39  37  0
-6  -39  56  0
-25  21  -14  0
-14  20  -52  0
-40  18  -58  0
-37  30  -14  0
-57  60  5  0
-20  -3  -31  0
-42  38  53  0
47  5  28  0
20  -23  -44  0
18  -22  -32  0
37  26  -17  0
-17  41  -8  0
-50  -10  23  0
6  51  -33  0
44  60  35  0
-18  55  34  0
-51  34  -58  0
16  -52  -23  0
19  29  28  0
-59  -35  -29  0
50  -35  -3  0
39  51  -10  0
43  35  24  0
44  -45  -14  0
-8  35  -33  0
23  28  -2  0
-42  22  -4  0
5  17  -25  0
34  -1  -30  0
4  49  40  0
28  11  -40  0
43  42  -25  0
-29  -58  4  0
