c mkcnf random cnf with seed 826713, max clause length 3
c FORCED SATISFIABLE
c 
p cnf 60  258
56  2  -21  0
48  -11  60  0
7  12  44  0
44  51  -40  0
-7  53  -24  0
16  -21  44  0
-42  -40  -47  0
4  42  -54  0
-14  53  57  0
20  -32  48  0
59  -23  25  0
-1  7  17  0
26  21  -48  0
16  21  30  0
-32  -25  27  0
-20  38  -26  0
16  -22  -23  0
10  12  44  0
38  -30  43  0
-57  -32  29  0
-12  -41  37  0
-41  -3  25  0
18  58  -25  0
-15  17  -59  0
57  44  24  0
-25  -18  -19  0
-2  40  36  0
-25  -33  43  0
-15  59  -31  0
-34  57  8  0
-41  47  -27  0
-42  -1  -41  0
-10  -5  7  0
45  -46  17  0
-9  25  -41  0
-34  -5  53  0
31  29  -52  0
-28  29  -21  0
-32  -26  -50  0
-11  52  -28  0
26  -31  56  0
2  -17  46  0
-54  -19  -31  0
-35  -59  54  0
45  12  -27  0
-2  45  -31  0
9  5  55  0
-47  15  -45  0
-8  56  51  0
24  33  6  0
11  -14  -19  0
-7  27  -24  0
39  -33  35  0
-18  1  -9  0
-35  11  -20  0
14  -52  -25  0
-29  -57  39  0
27  25  54  0
-22  -53  9  0
11  34  12  0
17  -60  13  0
13  36  -23  0
-44  29  50  0
-33  -21  -26  0
30  25  39  0
38  -39  51  0
-51  -43  -32  0
-54  11  20  0
6  -12  -30  0
-58  -20  13  0
37  -57  7  0
59  29  57  0
-16  -54  10  0
13  35  20  0
40  -43  -60  0
48  -4  -26  0
-13  -52  -29  0
-21  -9  37  0
36  8  -19  0
-13  39  28  0
-44  -33  -39  0
14  -13  21  0
-51  -57  43  0
-25  -32  21  0
-5  -38  14  0
13  41  -37  0
-33  16  12  0
-1  55  24  0
16  -24  2  0
2  52  -22  0
8  25  11  0
56  8  -58  0
-60  18  -6  0
43  9  -28  0
2  36  11  0
12  -2  27  0
-6  -7  18  0
-9  -53  -54  0
50  -33  2  0
-47  40  16  0
25  -7  37  0
26  12  -1  0
-16  4  32  0
-21  28  -53  0
60  55  8  0
2  51  -52  0
42  30  7  0
21  40  4  0
-6  7  -21  0
60  27  -3  0
-31  -51  -9  0
48  20  25  0
-59  5  -39  0
26  7  27  0
14  35  38  0
-6  22  9  0
-28  -3  -33  0
43  42  -45  0
40  -14  5  0
-32  29  18  0
-60  40  -44  0
-50  -46  -59  0
10  4  -5  0
48  28  50  0
-3  25  11  0
-27  -58  -57  0
23  45  -46  0
-16  -6  43  0
49  40  44  0
-29  37  -49  0
38  7  55  0
8  34  -44  0
31  -47  -57  0
50  -22  -23  0
-23  -33  -39  0
10  -31  -34  0
43  -57  21  0
-45  -5  -37  0
58  -36  -2  0
-5  -1  8  0
-31  47  -37  0
-11  45  -2  0
27  21  24  0
-10  -28  40  0
-16  52  53  0
20  27  -22  0
47  8  14  0
52  17  13  0
-34  29  -47  0
57  -56  -39  0
6  60  27  0
49  40  50  0
-55  9  30  0
15  -47  6  0
-11  -48  14  0
-23  45  22  0
60  -23  -49  0
30  -38  17  0
-20  -2  -38  0
-36  5  19  0
33  -47  -58  0
-41  39  34  0
1  -19  -47  0
48  32  -31  0
-41  -6  -52  0
49  -54  -25  0
-5  -40  -13  0
-1  -37  -54  0
35  -3  5  0
16  -48  34  0
-29  -26  21  0
-31  -60  -22  0
15  -32  -48  0
-28  39  16  0
-39  -19  -47  0
-19  -25  43  0
39  -25  13  0
-28  -8  51  0
36  43  59  0
-5  -52  -2  0
58  39  -33  0
-4  -48  -40  0
17  35  -39  0
56  37  -46  0
20  -55  -53  0
-56  -40  23  0
-45  -17  -4  0
22  24  16  0
-50  -38  52  0
-17  -40  -8  0
11  43  50  0
-48  -13  14  0
27  -10  49  0
26  -34  24  0
12  -46  25  0
17  -20  -26  0
30  -17  14  0
16  -53  17  0
-35  56  51  0
55  -23  44  0
1  -23  39  0
37  6  16  0
-18  41  29  0
-32  56  -31  0
-17  -53  41  0
45  -52  13  0
35  -28  -43  0
59  29  -54  0
8  4  47  0
-53  -13  9  0
-2  -45  -53  0
-33  -49  -37  0
-4  37  45  0
-59  57  43  0
21  -8  6  0
46  -57  -31  0
34  2  46  0
-18  27  -23  0
25  -6  56  0
-27  -44  -6  0
60  -16  23  0
3  1  32  0
39  57  -20  0
-26  13  55  0
56  -6  23  0
56  -11  25  0
-26  41  -45  0
-1  -6  -40  0
50  57  19  0
-51  -14  -59  0
-58  28  -38  0
19  23  14  0
-29  -19  60  0
-24  -40  30  0
57  59  49  0
-7  17  -55  0
-28  15  -2  0
43  22  -9  0
-14  32  51  0
10  -12  -24  0
20  -24  -16  0
32  -37  -15  0
-37  -5  -49  0
53  20  -5  0
35  -49  -12  0
3  46  41  0
36  25  59  0
60  43  -20  0
5  -11  -47  0
15  60  19  0
-47  2  -30  0
-49  13  -41  0
43  -33  -58  0
-37  46  60  0
45  -11  -27  0
-12  -45  -53  0
-1  55  -45  0
-56  49  -17  0
