c mkcnf random cnf with seed 826628, max clause length 3
c FORCED SATISFIABLE
c 
p cnf 60  258
-2  47  -24  0
10  -31  -33  0
49  -31  9  0
55  -30  -44  0
-26  33  -32  0
53  37  42  0
33  -54  -44  0
-53  28  -43  0
25  -27  -47  0
-16  -8  -53  0
58  -40  -23  0
-32  -37  7  0
-48  58  -53  0
32  -2  48  0
49  39  -31  0
14  27  -29  0
41  -7  -35  0
55  21  -12  0
-43  18  -58  0
-26  -48  28  0
-10  -17  59  0
-17  25  -37  0
2  -45  -9  0
40  -31  -9  0
-48  36  46  0
-27  -44  -15  0
2  19  16  0
-48  22  27  0
-4  -21  -31  0
-46  7  -2  0
41  5  -31  0
-57  -6  -22  0
30  31  52  0
19  -48  22  0
-37  14  11  0
-59  56  -39  0
-38  -34  60  0
14  34  60  0
-34  -55  -41  0
6  -57  58  0
1  54  -52  0
1  44  47  0
36  39  -13  0
-60  24  42  0
-7  60  44  0
40  -44  49  0
-22  -36  -52  0
7  -56  50  0
-45  40  54  0
-9  30  -37  0
-9  13  -54  0
5  2  -29  0
-59  -58  10  0
-38  60  23  0
-20  11  -54  0
-16  -27  13  0
-57  -10  6  0
24  -59  23  0
-22  18  -33  0
-42  -49  -46  0
-45  -17  -35  0
20  -58  -19  0
-31  34  43  0
-36  24  57  0
52  -1  -48  0
53  -44  9  0
-39  -2  22  0
47  -5  33  0
11  -27  -26  0
58  59  55  0
8  -16  48  0
-6  -10  -33  0
3  14  -21  0
45  42  44  0
-50  -6  10  0
53  -58  20  0
24  -50  -52  0
-55  12  13  0
-15  -46  58  0
-49  -23  -52  0
-44  26  -22  0
-39  -52  58  0
38  32  52  0
24  -18  27  0
7  -57  3  0
-59  -34  -60  0
14  25  -49  0
-12  -31  7  0
60  11  -56  0
-10  32  -57  0
10  43  55  0
59  47  21  0
51  -33  -31  0
-58  -8  38  0
45  -16  28  0
-3  24  55  0
-16  17  -21  0
-48  -3  44  0
19  -8  -27  0
42  45  -23  0
-20  31  11  0
-34  -60  8  0
20  19  -24  0
-24  -47  27  0
-11  38  57  0
22  4  -1  0
49  8  -55  0
42  58  54  0
8  33  18  0
-5  45  -58  0
-47  -14  50  0
55  -47  -34  0
-44  -48  -34  0
-40  -48  16  0
28  -18  34  0
15  45  -21  0
-6  -19  -46  0
-22  15  27  0
-27  44  -58  0
-57  -48  -1  0
48  -32  17  0
39  -44  46  0
29  -36  -52  0
5  24  15  0
-22  -16  52  0
51  35  -10  0
34  -58  -11  0
19  -22  36  0
18  -9  29  0
-25  -44  -60  0
24  -25  -6  0
37  60  -11  0
31  38  35  0
-19  38  -45  0
-41  1  38  0
-50  -4  -20  0
35  -42  19  0
-28  -19  30  0
-41  53  22  0
-22  -53  -4  0
-39  49  7  0
-35  58  -57  0
-28  -43  55  0
10  -56  15  0
-58  -17  -59  0
-55  -32  -11  0
32  22  16  0
24  12  25  0
-36  -13  24  0
-13  -55  -45  0
42  45  22  0
-18  50  -59  0
-15  -25  26  0
3  -14  -50  0
34  3  40  0
10  20  37  0
-6  34  59  0
-24  16  -7  0
-60  -45  16  0
52  -40  20  0
-25  49  45  0
33  -56  20  0
-18  -53  -12  0
39  -21  29  0
-31  24  -21  0
48  -28  35  0
35  52  -27  0
-45  16  37  0
31  -11  -23  0
46  -56  25  0
15  -21  18  0
59  -26  33  0
30  55  11  0
13  -42  55  0
2  -48  -37  0
-34  -42  -31  0
-38  -24  37  0
12  49  -48  0
52  -30  -24  0
4  -45  50  0
-27  38  24  0
-58  10  60  0
-42  30  60  0
1  13  31  0
-13  29  -59  0
-49  21  -42  0
54  -41  53  0
56  -39  6  0
34  -43  -58  0
60  -53  22  0
-5  9  7  0
-10  17  -7  0
22  -36  42  0
34  -57  -48  0
51  13  -11  0
-2  27  10  0
-6  -27  34  0
-33  -47  -42  0
26  -46  -30  0
-28  55  -9  0
-27  50  -36  0
-6  20  -45  0
-47  -5  25  0
34  56  53  0
-52  -10  -44  0
-29  43  52  0
-52  8  -22  0
26  15  10  0
26  -1  22  0
-56  -6  -2  0
8  2  54  0
-42  -54  -36  0
57  4  23  0
32  -38  1  0
35  -27  5  0
-56  25  -60  0
-31  15  -39  0
-9  -21  12  0
-41  -7  -8  0
53  -30  15  0
-2  56  20  0
-13  5  -33  0
51  23  43  0
54  41  -55  0
-54  -38  -7  0
59  29  -10  0
-2  43  -18  0
58  -5  46  0
46  44  37  0
-27  -29  -60  0
23  12  -14  0
-31  -59  -7  0
30  1  54  0
-24  19  11  0
16  -24  -36  0
19  47  -18  0
56  7  33  0
29  3  41  0
-39  30  58  0
48  1  19  0
-45  21  56  0
-4  -49  5  0
-48  -30  -53  0
30  -12  -40  0
-48  -8  -45  0
-49  41  31  0
16  14  -51  0
-57  -16  -42  0
31  45  25  0
-59  -27  -60  0
-33  -26  16  0
15  41  24  0
38  -2  -8  0
-54  39  -13  0
-53  27  -1  0
35  -43  18  0
6  -57  44  0
-14  -59  -44  0
