c mkcnf random cnf with seed 826639, max clause length 3
c FORCED SATISFIABLE
c 
p cnf 60  258
50  -44  38  0
-29  20  53  0
36  14  -46  0
-13  22  -3  0
-33  36  37  0
26  55  39  0
-44  -6  25  0
-12  -24  18  0
-27  39  -52  0
-4  -58  26  0
10  -22  42  0
60  -53  11  0
34  29  28  0
-7  11  -24  0
-21  50  -27  0
-24  -38  -57  0
55  40  -29  0
35  -31  -5  0
59  -30  -26  0
12  26  -16  0
6  28  -10  0
28  -35  -10  0
-55  31  -7  0
26  28  41  0
52  -54  12  0
54  25  -22  0
-18  7  -40  0
-3  50  1  0
24  25  41  0
-47  -32  -27  0
45  1  28  0
-41  -36  -13  0
32  -10  2  0
-18  38  -50  0
15  -52  -19  0
9  5  -53  0
-8  -7  -24  0
-33  4  -40  0
53  7  23  0
54  18  -44  0
-54  -59  13  0
-3  -18  -31  0
-36  -18  -45  0
8  -1  -53  0
52  -27  -10  0
-13  -33  -23  0
40  -44  -36  0
15  -41  33  0
34  24  48  0
35  -36  -6  0
-47  -9  -35  0
-36  7  -59  0
54  27  13  0
52  -12  -44  0
10  -54  29  0
14  19  24  0
8  -58  -22  0
-55  31  41  0
35  -6  50  0
-44  16  -1  0
48  -39  32  0
-50  -54  38  0
-7  4  50  0
1  -53  23  0
-12  -41  -42  0
50  25  -30  0
38  -34  -1  0
-22  51  7  0
53  -50  -41  0
-8  47  -14  0
54  -49  -34  0
-15  -39  -11  0
-14  -23  -38  0
50  -44  -19  0
-33  -51  -50  0
48  -21  46  0
-8  21  -15  0
-10  33  -35  0
-58  44  28  0
-22  4  30  0
-35  1  18  0
-59  54  57  0
32  -46  41  0
-35  -29  -42  0
14  -57  -45  0
9  -28  -38  0
-48  53  -5  0
-38  26  -20  0
37  -12  59  0
51  -29  28  0
-50  -23  5  0
51  6  9  0
3  -43  1  0
-10  -3  -43  0
-27  -1  -59  0
-39  -8  23  0
11  1  -39  0
29  33  58  0
-36  47  -15  0
-20  25  58  0
-14  21  -58  0
24  44  -36  0
9  -56  12  0
55  4  -33  0
19  -56  39  0
29  -17  -7  0
54  44  -32  0
15  42  16  0
30  13  -31  0
33  -40  50  0
-35  14  41  0
17  -12  -59  0
47  53  1  0
-45  -24  34  0
-30  -8  58  0
-33  -23  -30  0
-47  -29  -58  0
-45  5  -19  0
46  -52  42  0
-13  6  36  0
-30  50  -23  0
49  -51  -24  0
-35  -1  19  0
-13  22  31  0
-10  39  -29  0
18  49  -50  0
-25  -42  39  0
7  19  -38  0
46  -21  2  0
-15  45  54  0
33  -50  -22  0
33  44  -41  0
6  34  40  0
9  6  -59  0
18  -44  -10  0
-56  -16  -18  0
-54  2  -38  0
9  -21  -17  0
25  -33  2  0
5  23  -30  0
22  -16  29  0
-28  2  47  0
4  57  -3  0
-29  -37  -14  0
-7  50  58  0
-10  -31  -55  0
-25  51  13  0
40  47  -55  0
29  53  12  0
15  50  -43  0
-6  53  30  0
-7  33  -9  0
-41  -39  -28  0
-40  -57  18  0
-49  23  22  0
-29  16  49  0
-55  26  -53  0
-35  -1  23  0
-4  -14  -43  0
59  17  36  0
-9  -57  22  0
-16  -33  9  0
45  -38  60  0
-55  53  28  0
18  55  39  0
-2  -20  -41  0
6  34  57  0
52  32  -9  0
-51  -48  -39  0
24  -41  4  0
33  -40  51  0
-18  -3  -22  0
29  12  15  0
-42  -27  -23  0
49  -18  -31  0
-31  -53  -56  0
28  -10  -57  0
-21  -2  53  0
-15  49  41  0
25  17  -24  0
-35  -47  -19  0
56  4  43  0
5  41  -22  0
-46  -44  -47  0
-19  -40  28  0
6  -45  17  0
-44  -21  52  0
21  1  8  0
-25  43  6  0
-27  -60  47  0
-5  -21  -15  0
15  44  -24  0
42  51  28  0
-12  -44  8  0
-2  -42  -50  0
45  -26  -2  0
-15  -33  50  0
14  44  59  0
22  29  4  0
23  22  -56  0
-9  43  -5  0
12  -33  -20  0
-33  -8  -14  0
13  12  -55  0
-10  6  -26  0
-11  -26  4  0
10  -35  32  0
-26  52  -20  0
-22  2  45  0
27  -21  -48  0
-16  50  15  0
12  -36  10  0
-15  34  -16  0
32  -38  22  0
-59  -43  23  0
1  35  36  0
-49  -7  30  0
20  -30  -5  0
-41  55  37  0
-31  21  -20  0
23  -50  -12  0
7  -55  16  0
5  -24  41  0
32  7  -49  0
29  2  43  0
21  -37  33  0
-3  -19  34  0
14  41  -51  0
-49  51  -21  0
-24  22  31  0
-24  25  -37  0
9  -28  12  0
-12  24  11  0
46  -43  -25  0
34  -3  -12  0
14  57  50  0
36  -39  -18  0
-7  33  -59  0
-31  -58  8  0
-41  -30  -19  0
47  -26  44  0
4  -26  -22  0
5  2  36  0
-26  -18  -30  0
-55  51  -4  0
19  -47  -12  0
-18  57  10  0
-55  -17  9  0
48  -12  -13  0
43  -21  -49  0
-6  34  11  0
20  22  -50  0
54  26  -58  0
42  56  57  0
-31  52  -60  0
-8  -49  39  0
-47  -15  1  0
45  -27  -6  0
