c mkcnf random cnf with seed 826649, max clause length 3
c FORCED SATISFIABLE
c 
p cnf 60  258
28  -53  13  0
-30  -11  -49  0
6  -30  -12  0
29  38  -54  0
-35  -58  54  0
-20  32  35  0
53  -2  -34  0
-19  -30  -60  0
-59  -38  58  0
39  -57  -54  0
-43  -24  -13  0
-29  44  9  0
37  -13  -3  0
-22  -3  -36  0
44  -28  -12  0
49  28  5  0
-50  -15  -57  0
52  -5  -51  0
-12  -40  3  0
19  -50  -39  0
21  38  11  0
2  20  9  0
-32  11  35  0
-22  53  11  0
-38  -10  47  0
-1  5  15  0
25  -54  38  0
-25  53  55  0
-52  5  -35  0
30  -14  -49  0
15  -17  25  0
11  49  15  0
-36  -3  6  0
33  14  -36  0
38  -37  -16  0
60  -3  -45  0
18  -41  -51  0
48  38  -2  0
-2  45  -21  0
-26  23  55  0
-4  24  26  0
59  10  48  0
46  -12  -14  0
18  39  -17  0
-46  -26  20  0
28  -10  -23  0
12  56  -57  0
25  -15  17  0
2  -12  38  0
52  56  -2  0
-20  15  10  0
-7  37  -15  0
50  -32  53  0
36  -23  40  0
-53  -58  2  0
4  -20  -30  0
-48  -27  25  0
-5  -52  -20  0
-19  -11  -8  0
3  55  7  0
-45  -10  -9  0
8  -47  -50  0
-38  -34  -18  0
17  -25  6  0
-39  18  37  0
-52  -37  44  0
-12  -58  16  0
-13  -25  51  0
-53  55  23  0
-28  -39  60  0
-43  -57  -1  0
29  -51  -42  0
46  54  37  0
-31  -1  -2  0
34  -41  -60  0
41  -14  28  0
56  -15  39  0
-5  27  21  0
9  10  -21  0
-20  55  54  0
-51  32  39  0
-54  57  -6  0
60  -15  -34  0
-20  10  -28  0
3  -54  50  0
-5  -12  31  0
30  47  36  0
32  9  -30  0
56  26  -59  0
20  46  -40  0
-52  -13  -51  0
19  -21  -25  0
58  -19  -1  0
27  3  -40  0
46  59  -1  0
2  50  20  0
25  52  6  0
-22  -42  31  0
-9  -18  8  0
-39  -54  -27  0
38  49  -37  0
37  -48  -14  0
-27  -46  15  0
-4  11  60  0
-19  20  28  0
29  -54  -50  0
50  3  57  0
53  26  24  0
48  -31  -27  0
-43  22  56  0
17  24  -28  0
-44  -27  40  0
13  59  17  0
-17  -47  -12  0
-42  54  -47  0
-59  -38  -42  0
-16  -47  -20  0
41  -55  -37  0
-33  15  30  0
-20  45  13  0
52  33  1  0
-29  -44  -13  0
-41  8  -6  0
-12  53  -47  0
-23  -46  32  0
36  53  42  0
35  -55  16  0
10  6  -31  0
38  2  -39  0
17  -49  -57  0
6  43  -51  0
38  -43  -2  0
-58  -17  41  0
32  2  55  0
14  31  12  0
45  -49  -60  0
19  49  -39  0
-30  -24  35  0
-11  12  41  0
-11  -59  4  0
-2  -53  52  0
27  -20  -31  0
-55  -10  -8  0
14  26  -42  0
-18  -14  -55  0
33  -2  -5  0
-45  -4  -40  0
-6  -50  3  0
-4  -20  52  0
-43  24  29  0
24  11  15  0
56  -12  -59  0
-52  -26  -36  0
53  32  -56  0
13  -43  -37  0
21  -19  59  0
-56  -32  36  0
-58  -60  41  0
-47  -27  42  0
-55  -9  36  0
-16  -56  -21  0
20  -6  10  0
-41  23  47  0
-22  39  19  0
36  -42  15  0
-19  48  59  0
-26  -51  -20  0
-28  -19  35  0
52  -40  53  0
55  -35  20  0
-60  -34  25  0
-4  -31  -16  0
-10  -50  -6  0
59  -58  17  0
-4  25  23  0
-43  39  -10  0
-28  -16  -51  0
-37  55  -11  0
42  26  56  0
36  -54  -12  0
44  -34  -50  0
25  2  -14  0
-34  -30  -50  0
-32  18  27  0
-6  32  -23  0
49  -3  15  0
57  26  6  0
-40  10  -5  0
15  14  -52  0
26  -56  54  0
-32  36  -42  0
-13  5  35  0
-6  58  -10  0
-25  9  -14  0
37  1  -7  0
-24  4  -36  0
31  -19  -41  0
8  47  41  0
-53  -18  -30  0
-45  3  -46  0
-20  35  43  0
44  24  16  0
-14  38  18  0
30  2  32  0
44  -32  7  0
-15  -41  -23  0
48  39  22  0
40  10  -44  0
-4  -44  38  0
56  -4  40  0
40  39  1  0
37  -25  45  0
-1  27  44  0
-56  8  27  0
-60  12  40  0
-17  51  -4  0
9  -49  -17  0
57  -47  -49  0
30  -50  8  0
-49  -38  30  0
14  12  -49  0
-48  34  -40  0
21  -28  33  0
-10  -58  -2  0
-47  50  -27  0
-35  30  42  0
-22  -60  -8  0
3  19  5  0
-59  28  36  0
-35  -15  48  0
57  -38  -20  0
52  20  -38  0
27  56  37  0
-47  -49  -43  0
3  16  36  0
-21  8  7  0
-9  2  49  0
42  6  -57  0
-50  -16  -12  0
-36  6  -51  0
-1  52  18  0
46  31  55  0
37  51  -27  0
14  31  46  0
-36  21  -5  0
-35  -56  -55  0
14  -53  -22  0
31  6  -9  0
-12  30  55  0
-5  45  22  0
34  -4  -12  0
8  -47  -25  0
-27  45  -11  0
-58  -28  -18  0
-4  37  12  0
-40  -43  45  0
4  -38  -45  0
-41  -17  -20  0
