c mkcnf random cnf with seed 826715, max clause length 3
c FORCED SATISFIABLE
c 
p cnf 60  258
-15  40  -4  0
1  6  -28  0
-8  12  16  0
12  5  -1  0
-9  -42  30  0
-60  54  43  0
3  -57  41  0
21  1  -11  0
39  53  -34  0
-1  -4  -53  0
59  6  25  0
9  -26  48  0
16  7  -28  0
-19  53  -30  0
-51  -6  -38  0
-19  47  -41  0
-4  -24  -14  0
-19  -50  5  0
53  -26  18  0
40  18  59  0
8  -4  -36  0
25  59  -14  0
-15  -42  28  0
-50  -26  -45  0
1  -53  49  0
-43  -57  55  0
-43  -38  31  0
-23  29  58  0
34  -6  8  0
50  28  -46  0
56  -49  -1  0
38  5  21  0
-6  26  11  0
12  60  -5  0
5  4  -51  0
-49  -43  55  0
26  3  -55  0
32  -31  -23  0
-12  29  10  0
-6  -4  50  0
19  21  47  0
-21  -7  -30  0
8  53  24  0
-53  57  -52  0
-31  27  43  0
24  50  -23  0
14  15  47  0
24  38  18  0
-18  35  -44  0
-40  -17  -10  0
-21  -33  -46  0
-3  18  5  0
32  -46  10  0
-42  -20  -3  0
38  18  -35  0
13  -7  17  0
-14  -19  51  0
36  -50  -12  0
-25  1  -29  0
51  -21  55  0
-33  -36  9  0
32  -36  -26  0
-26  48  9  0
-4  12  -16  0
47  -10  -8  0
-10  -24  32  0
3  -38  19  0
4  -57  -12  0
16  -22  -3  0
-3  -42  5  0
48  -20  -38  0
-56  -3  -33  0
-53  34  -7  0
5  13  -20  0
-15  -23  12  0
-17  -8  -31  0
-16  9  38  0
-28  11  -54  0
-40  34  22  0
-2  -45  12  0
-51  -52  -14  0
-51  58  6  0
26  -13  34  0
-46  -42  -35  0
8  -29  22  0
42  -27  13  0
-38  2  59  0
-14  60  -26  0
-48  -60  38  0
18  -8  38  0
45  17  20  0
34  9  -1  0
54  -22  8  0
-24  -12  1  0
2  7  26  0
-59  30  -25  0
-47  36  33  0
-46  -36  4  0
44  -12  50  0
-2  -51  8  0
23  -33  -19  0
6  -31  14  0
13  44  -37  0
19  5  -25  0
48  43  23  0
48  -14  -39  0
-26  -48  22  0
1  -34  39  0
14  -5  25  0
-26  59  15  0
-50  -14  52  0
5  52  22  0
13  -17  18  0
34  17  -3  0
-7  18  3  0
38  4  -9  0
-47  53  -1  0
-51  12  -13  0
29  55  -56  0
42  23  -21  0
-26  20  18  0
52  28  -60  0
-49  50  21  0
31  46  56  0
-55  28  -10  0
52  -13  -56  0
-22  -36  -12  0
24  59  -33  0
3  2  -56  0
-31  -9  -35  0
-33  58  -38  0
19  21  35  0
-23  30  26  0
19  -22  -36  0
3  -38  -28  0
-29  -30  34  0
-19  10  48  0
-13  28  37  0
-49  -21  59  0
28  43  19  0
33  27  35  0
-41  36  -28  0
-36  26  44  0
-57  16  3  0
38  10  -48  0
-33  -37  17  0
-10  -23  -28  0
33  -12  21  0
30  -1  -20  0
56  47  -32  0
18  60  39  0
33  4  16  0
43  9  12  0
-35  -44  30  0
-31  -4  -44  0
55  -39  -53  0
18  -35  -2  0
-6  -45  22  0
-6  50  -41  0
-52  36  8  0
-57  25  -60  0
-29  7  -36  0
57  -1  54  0
37  -45  33  0
-1  -20  35  0
-50  38  17  0
-13  43  -53  0
48  21  58  0
47  49  24  0
2  6  22  0
27  -58  -3  0
33  45  -29  0
31  48  -42  0
-45  -17  15  0
-36  -2  19  0
44  48  -34  0
44  -27  57  0
11  41  -17  0
-32  -1  -58  0
11  -51  -4  0
54  -31  40  0
-25  -10  27  0
1  41  -54  0
-5  45  -6  0
-7  56  -5  0
-46  47  -59  0
51  32  -47  0
-51  9  -21  0
-41  14  -31  0
17  29  27  0
19  -29  -10  0
-20  -43  -23  0
-17  -22  -44  0
-23  -5  17  0
22  -19  -14  0
-25  -58  9  0
-8  -19  -25  0
55  -35  -22  0
40  -60  7  0
-12  -16  39  0
-41  28  -42  0
50  -59  -41  0
33  43  38  0
6  -30  -33  0
7  41  32  0
-21  -49  -11  0
-21  -46  -5  0
33  -10  -6  0
-9  -33  -28  0
14  -53  23  0
-14  -18  -55  0
-19  54  -5  0
-26  17  -4  0
-27  28  49  0
-15  5  6  0
-6  13  -46  0
-23  42  -26  0
-38  60  50  0
3  32  12  0
27  -11  28  0
28  53  -48  0
-11  14  -48  0
-42  -22  -56  0
-21  3  -51  0
-47  50  13  0
42  -44  -54  0
-55  -53  -25  0
-9  -49  47  0
-14  -4  -11  0
48  -47  -7  0
20  -25  -23  0
29  -39  -30  0
-8  42  26  0
60  -21  53  0
-41  33  -53  0
-22  25  -6  0
-22  19  56  0
43  -56  -4  0
-58  -38  -29  0
11  18  58  0
-51  36  56  0
20  -60  -18  0
-23  34  32  0
43  33  -40  0
20  22  -40  0
-55  -10  31  0
-8  -35  56  0
-59  -42  -26  0
31  20  -48  0
-10  -11  20  0
60  -58  43  0
-50  -1  -38  0
57  -22  -39  0
48  32  -31  0
50  14  35  0
13  12  -32  0
39  -13  47  0
44  -11  -41  0
