c mkcnf random cnf with seed 826635, max clause length 3
c FORCED SATISFIABLE
c 
p cnf 60  258
-11  29  60  0
22  -59  53  0
50  -21  53  0
19  -5  22  0
-8  42  34  0
-43  -57  12  0
-17  50  -30  0
-37  24  7  0
12  59  -55  0
40  -35  -34  0
44  -12  -59  0
15  -35  -33  0
55  -47  -44  0
-8  -56  -19  0
49  -23  -33  0
-45  6  -20  0
-21  28  29  0
-50  47  -9  0
-15  -34  5  0
25  -22  -8  0
23  -30  -46  0
47  26  -52  0
25  -13  17  0
-15  -13  -19  0
36  -11  50  0
-12  -30  -51  0
46  -55  -34  0
-19  58  48  0
-19  23  40  0
-60  -2  -56  0
29  5  24  0
-51  -59  37  0
-49  15  47  0
-54  -23  19  0
-36  -26  -10  0
8  -44  9  0
-33  11  -10  0
-19  35  -36  0
11  16  36  0
40  -43  57  0
-13  18  53  0
-31  -33  6  0
16  -4  -40  0
45  -19  -5  0
-6  -3  -2  0
42  32  54  0
-35  58  -12  0
55  -49  -58  0
-25  29  13  0
33  -17  -14  0
24  46  -4  0
54  -34  16  0
43  51  10  0
60  -27  -6  0
57  32  -48  0
-1  11  25  0
33  40  -57  0
43  40  -25  0
-38  27  12  0
36  53  50  0
-26  18  -9  0
41  58  -33  0
-49  -14  2  0
2  -53  11  0
-51  -26  -30  0
2  -10  -30  0
-11  20  -21  0
-3  -52  53  0
-51  -32  41  0
5  -29  8  0
-5  59  21  0
-14  20  -36  0
28  -4  -48  0
30  47  -7  0
48  42  19  0
-24  -29  -48  0
17  19  36  0
-27  49  -37  0
-38  13  10  0
43  -29  10  0
4  -15  36  0
-47  11  -9  0
34  -10  -18  0
-24  -28  56  0
3  36  39  0
-2  -11  -39  0
-4  58  41  0
45  43  -60  0
-16  -51  47  0
-19  49  -50  0
-17  31  56  0
5  59  11  0
-6  -4  -25  0
36  -58  45  0
17  53  14  0
-25  -45  -20  0
15  -12  -47  0
-45  21  -36  0
-23  4  19  0
-27  48  29  0
-39  1  60  0
50  43  -2  0
-51  41  35  0
40  60  -48  0
-30  -39  10  0
29  47  54  0
29  -59  14  0
46  53  50  0
28  58  40  0
-27  -46  -6  0
-42  -37  53  0
-10  46  58  0
-17  -9  22  0
-23  -32  -4  0
34  -57  37  0
31  50  -39  0
-11  -16  45  0
-52  22  53  0
-47  -51  -19  0
54  -39  -1  0
-30  53  39  0
14  6  -51  0
-1  18  -16  0
30  19  -7  0
2  55  11  0
-54  30  -33  0
54  -2  9  0
-49  -22  -56  0
26  24  -60  0
-31  23  12  0
-51  57  -24  0
30  55  34  0
58  5  -40  0
20  -6  41  0
-34  -51  -60  0
10  -30  -16  0
57  -19  55  0
52  8  37  0
59  10  -36  0
-53  31  1  0
-40  28  -18  0
6  42  -51  0
-37  53  55  0
-59  -45  24  0
40  1  46  0
14  -8  34  0
-30  -40  19  0
30  36  -10  0
18  -11  -38  0
-38  36  17  0
16  -59  -58  0
-10  50  -38  0
20  -5  -59  0
-30  -43  58  0
13  18  7  0
-40  29  30  0
-32  58  -16  0
52  -14  27  0
-31  37  45  0
42  -21  48  0
-37  24  -23  0
-1  -23  -6  0
-23  14  -15  0
54  -11  -16  0
-36  -20  6  0
36  55  43  0
2  34  39  0
17  -29  56  0
-59  14  60  0
37  59  -9  0
21  27  -8  0
-3  -12  -11  0
56  -6  -46  0
23  14  -7  0
-57  -36  -48  0
-10  -18  -59  0
-33  12  -55  0
42  15  23  0
16  28  -5  0
48  -39  60  0
-45  20  -49  0
52  -26  -29  0
20  9  3  0
-4  29  -24  0
-26  5  -58  0
51  -39  -48  0
-9  3  40  0
48  -8  52  0
43  -26  -10  0
-24  -2  -47  0
-9  -29  60  0
-59  44  -58  0
29  -10  44  0
-18  -54  -59  0
21  35  -12  0
-6  3  -46  0
-27  -25  -6  0
-32  -13  -53  0
43  41  40  0
-4  6  54  0
-53  49  -5  0
36  58  -7  0
-6  -13  22  0
45  -49  21  0
54  19  37  0
2  23  41  0
-6  23  -44  0
-6  -8  -16  0
-15  -31  -7  0
17  -48  -25  0
8  16  -23  0
53  -9  -29  0
-12  -34  -2  0
-51  10  -33  0
-21  18  38  0
60  55  58  0
54  22  -44  0
-50  -11  -18  0
15  10  59  0
1  -14  -56  0
-20  27  5  0
-27  -4  -59  0
32  -13  -28  0
34  -22  -33  0
14  -53  11  0
-19  43  -59  0
24  -46  21  0
-3  -4  26  0
22  -19  -18  0
8  -28  11  0
7  54  43  0
32  -18  -17  0
39  -12  44  0
48  14  3  0
-29  44  32  0
54  -2  22  0
-11  -18  -47  0
-29  -47  58  0
5  6  -51  0
2  44  31  0
-59  -21  -23  0
23  -36  41  0
39  -32  -20  0
-30  -5  11  0
11  46  -52  0
-17  -45  -35  0
-60  52  13  0
-50  -26  44  0
33  -52  -1  0
54  -11  -29  0
24  40  15  0
-31  -40  -45  0
47  -29  -32  0
-20  34  21  0
-32  54  12  0
-4  17  20  0
-11  27  -45  0
-19  -17  25  0
