c mkcnf random cnf with seed 826647, max clause length 3
c FORCED SATISFIABLE
c 
p cnf 60  258
9  16  -54  0
-52  -30  -3  0
-29  42  -55  0
-39  -56  58  0
-37  -5  36  0
16  -59  34  0
8  -11  48  0
-36  6  -56  0
-31  -11  -2  0
44  8  -7  0
-47  -26  -55  0
-55  -27  53  0
-34  30  16  0
42  -8  55  0
35  31  -13  0
12  51  29  0
56  -9  25  0
-13  -25  33  0
48  47  -1  0
16  -55  -7  0
1  24  -22  0
-24  33  20  0
25  29  -39  0
19  3  49  0
-26  57  38  0
-27  -34  -21  0
22  37  13  0
-9  -31  -44  0
-40  56  12  0
-38  -9  -30  0
44  50  -27  0
-30  -3  -12  0
12  28  24  0
28  8  -50  0
54  -10  -18  0
26  55  -21  0
46  -8  1  0
-3  8  4  0
-3  20  7  0
-32  44  -58  0
49  37  -50  0
-32  -34  -38  0
25  4  57  0
29  -42  -9  0
-59  -7  44  0
-35  51  -26  0
-55  18  34  0
42  25  -57  0
-5  21  39  0
-56  15  -60  0
-18  14  5  0
53  39  37  0
-2  24  -41  0
47  60  -7  0
-46  22  55  0
-55  -53  -21  0
40  19  -14  0
-25  -35  54  0
2  -53  36  0
34  33  7  0
-29  -5  -18  0
33  -12  34  0
48  -28  -30  0
-8  -30  -54  0
50  -45  -48  0
9  -17  8  0
49  -60  40  0
36  30  8  0
18  23  -32  0
-10  -18  31  0
-31  23  -51  0
-22  3  -32  0
-42  27  43  0
-27  -26  2  0
-7  40  13  0
-29  30  -12  0
-32  44  43  0
-51  -46  -56  0
6  -10  -40  0
-38  8  31  0
-8  7  -33  0
28  -12  23  0
39  -47  12  0
11  40  -39  0
-58  -10  -37  0
-1  -4  -7  0
-2  -35  -11  0
-43  -28  -42  0
-60  1  -54  0
4  -58  31  0
-34  25  -32  0
16  9  6  0
43  9  5  0
19  -10  12  0
-33  -8  59  0
44  -3  -10  0
-56  -55  -24  0
11  -13  25  0
16  36  -17  0
-46  23  -21  0
58  -32  19  0
46  19  -45  0
-33  49  1  0
-30  -1  -21  0
23  -36  14  0
24  18  34  0
-49  -41  -38  0
-15  -11  -22  0
-40  -31  -25  0
-27  5  19  0
-50  -10  -28  0
2  -44  -7  0
-7  30  -11  0
-26  -30  11  0
46  10  -48  0
34  5  -19  0
-32  11  14  0
-55  44  32  0
-58  21  17  0
-13  -20  19  0
11  41  -34  0
-1  -36  22  0
14  38  -29  0
51  -12  -49  0
-33  -35  13  0
-14  46  -47  0
-31  42  -3  0
-44  -38  -20  0
10  15  29  0
-32  -23  47  0
58  48  51  0
44  36  49  0
21  -51  -52  0
-53  -3  4  0
49  -22  56  0
-9  14  50  0
-23  45  16  0
36  23  45  0
-32  -50  59  0
-49  33  15  0
-32  46  -3  0
-40  -31  -35  0
-51  47  -54  0
-2  52  -38  0
-4  -46  -44  0
-11  -22  -2  0
-55  -23  18  0
-35  -24  -14  0
46  57  23  0
-30  48  21  0
-35  -16  12  0
-19  -55  10  0
54  24  -13  0
-5  -20  18  0
-11  -58  -7  0
35  -53  -41  0
49  9  45  0
-22  39  6  0
4  34  -27  0
-47  -38  12  0
46  -44  -24  0
-34  9  -15  0
22  7  41  0
-27  17  13  0
-50  49  57  0
-49  -37  -9  0
32  12  -9  0
16  -5  26  0
33  32  -20  0
-19  -42  -34  0
32  49  9  0
14  31  59  0
-5  50  31  0
14  37  -2  0
-43  31  -13  0
-27  -8  -33  0
11  26  29  0
5  17  -37  0
-28  -25  3  0
55  32  -28  0
-22  -51  -54  0
27  -7  -23  0
48  -54  16  0
-1  -32  -25  0
-45  -36  -12  0
-32  41  56  0
-55  4  30  0
-11  -52  32  0
-60  52  -2  0
21  10  -28  0
-43  -42  1  0
9  -22  8  0
-49  58  -38  0
-5  -11  -2  0
-41  33  -20  0
-54  -6  50  0
19  -33  -25  0
31  59  1  0
44  -25  1  0
-8  45  -24  0
5  34  32  0
5  -7  27  0
-14  -58  40  0
44  57  55  0
-24  -6  -28  0
-4  -40  54  0
-60  -59  -57  0
-45  -26  -34  0
41  10  21  0
-21  -43  -13  0
-51  -36  -55  0
-58  -40  29  0
16  -10  -35  0
23  -18  -57  0
-35  31  -16  0
26  -8  -7  0
-33  5  -43  0
27  -21  44  0
-7  -6  39  0
2  11  30  0
-10  42  -3  0
-58  -36  59  0
-27  -57  14  0
-45  -29  -25  0
17  60  -18  0
-25  58  13  0
-47  -50  32  0
60  24  48  0
4  -5  -49  0
-20  -4  -44  0
-28  -58  52  0
49  17  -5  0
-13  3  24  0
21  -35  16  0
-48  -32  53  0
-36  -24  -16  0
-42  -20  -50  0
7  35  -25  0
36  -9  -44  0
42  18  27  0
-23  55  38  0
2  45  -27  0
-15  -40  45  0
-57  28  -37  0
-57  -35  59  0
41  14  24  0
1  25  40  0
57  37  17  0
-53  50  60  0
42  8  45  0
9  24  37  0
-12  30  -53  0
-26  27  -36  0
-42  15  -7  0
-4  -18  -24  0
4  39  1  0
-45  -35  46  0
-22  57  35  0
