c mkcnf random cnf with seed 826629, max clause length 3
c FORCED SATISFIABLE
c 
p cnf 60  258
12  36  3  0
-28  -30  -57  0
-33  22  58  0
-37  -46  12  0
-50  2  -16  0
41  -19  -2  0
-3  -16  -9  0
-55  -7  15  0
31  -25  51  0
-33  30  10  0
-31  -45  16  0
37  46  -3  0
-46  -16  -50  0
-9  -12  -13  0
54  12  -50  0
-36  30  51  0
-48  31  20  0
-40  30  18  0
-38  -11  -13  0
32  46  51  0
11  -2  -45  0
-25  -6  35  0
-6  -16  43  0
-1  -7  57  0
34  -49  -36  0
-45  -11  16  0
14  -59  30  0
-58  -50  28  0
6  46  -12  0
30  -15  -41  0
-41  48  -54  0
37  -22  53  0
50  23  59  0
19  45  -40  0
-53  -56  -11  0
-53  -24  -43  0
-37  -36  -32  0
-5  4  36  0
44  -57  51  0
-41  29  -30  0
20  -23  -56  0
58  -25  37  0
-29  -21  -58  0
-43  32  -40  0
54  33  35  0
-2  46  -48  0
43  49  -12  0
8  46  -22  0
-10  57  -36  0
-56  3  42  0
-18  2  10  0
-43  54  -23  0
-51  -15  -49  0
-7  46  28  0
-23  -4  -46  0
-47  45  -4  0
34  50  57  0
28  -10  4  0
59  42  -1  0
-38  -12  14  0
-47  48  54  0
-49  -45  -15  0
-60  -50  38  0
45  -29  10  0
32  -42  55  0
31  -33  -22  0
41  -13  -59  0
10  -13  37  0
10  9  -2  0
35  -23  49  0
-46  -19  59  0
-37  3  -51  0
-37  -27  -49  0
-1  35  -9  0
25  30  -19  0
-24  54  -38  0
24  2  -52  0
-26  -49  1  0
-56  36  42  0
35  -15  29  0
52  15  -24  0
49  -48  40  0
-49  -11  -19  0
57  34  -44  0
42  9  10  0
60  18  -48  0
-12  15  42  0
-53  -9  -58  0
-14  49  -36  0
5  -39  47  0
16  -55  -49  0
-9  -10  -60  0
52  -34  28  0
-49  -40  -32  0
44  -43  -5  0
-54  -10  38  0
-13  38  52  0
-22  36  9  0
-40  -20  -50  0
-44  58  28  0
47  55  22  0
17  -55  20  0
-38  49  30  0
42  -33  -24  0
-33  -48  -53  0
14  31  -44  0
-10  -2  -11  0
60  1  -8  0
50  33  21  0
-54  -53  -12  0
60  -17  24  0
-13  23  -21  0
-26  60  -17  0
41  -56  -47  0
26  58  4  0
41  40  7  0
-20  34  48  0
-3  55  -15  0
13  4  -7  0
38  16  19  0
18  39  58  0
37  57  -53  0
-36  31  -40  0
53  -20  -12  0
34  -33  49  0
47  -32  -11  0
-14  -59  -50  0
25  -9  -37  0
-37  -18  -26  0
-31  15  -2  0
-6  7  -23  0
8  54  -52  0
-50  34  42  0
-44  33  52  0
1  58  -28  0
33  40  3  0
28  -7  -41  0
-9  -42  -29  0
-6  43  -29  0
8  22  16  0
58  -35  48  0
-44  -27  52  0
-43  14  -57  0
-7  17  34  0
60  -24  -25  0
-13  -7  -36  0
-32  -47  2  0
-28  13  49  0
-19  -12  45  0
57  20  8  0
-2  -15  16  0
37  28  20  0
-3  -34  -9  0
18  27  1  0
17  34  -36  0
-22  -36  42  0
-44  17  52  0
-60  -17  30  0
-45  -26  -59  0
22  8  53  0
44  -7  28  0
50  40  7  0
-41  60  58  0
-27  36  -53  0
-37  -1  -28  0
-47  -24  16  0
59  3  2  0
19  30  -32  0
-59  36  -31  0
43  -28  -40  0
47  -8  53  0
25  -3  -12  0
40  49  -44  0
5  -9  -49  0
-19  -34  53  0
-18  19  27  0
40  -38  26  0
-13  -7  38  0
-44  -10  -36  0
-20  -57  -28  0
-60  -26  51  0
59  -51  14  0
-42  -31  -33  0
21  1  36  0
8  -33  -60  0
-22  11  -26  0
40  -36  -50  0
31  -26  -19  0
-20  41  44  0
-42  -6  -45  0
49  34  54  0
-43  6  -16  0
60  38  -40  0
-55  -50  -21  0
46  -15  -59  0
-18  9  -17  0
43  13  25  0
-58  -50  -18  0
-34  -15  -1  0
35  48  2  0
-31  3  29  0
-34  -46  36  0
19  7  -31  0
47  53  7  0
32  -29  -35  0
57  44  -31  0
-59  23  -50  0
-58  28  -43  0
-43  -59  -41  0
13  31  23  0
-27  -10  6  0
44  -5  32  0
53  -29  48  0
-28  -31  -43  0
35  -22  26  0
-56  39  1  0
-12  -27  -29  0
29  55  -14  0
-60  25  -58  0
30  56  -21  0
-1  -42  -46  0
26  -58  -24  0
-32  -27  -4  0
-48  -59  41  0
-36  37  44  0
59  57  49  0
47  37  11  0
10  -52  33  0
26  14  18  0
13  35  -4  0
38  -28  -48  0
49  -47  44  0
-52  -18  -46  0
-50  52  13  0
-10  29  -59  0
-41  -48  25  0
15  -58  -48  0
8  -10  -40  0
46  51  24  0
15  8  16  0
13  -46  1  0
5  1  31  0
4  -51  6  0
-15  -44  -38  0
10  -23  -9  0
-24  -54  -47  0
16  43  9  0
-30  -25  -6  0
-37  -2  -43  0
8  -28  -40  0
-48  -36  31  0
-44  -19  -34  0
4  -24  -45  0
46  14  -43  0
30  21  16  0
41  -9  -43  0
24  27  -54  0
40  31  5  0
