c mkcnf random cnf with seed 826627, max clause length 3
c FORCED SATISFIABLE
c 
p cnf 60  258
53  -58  44  0
-38  -20  60  0
-11  -27  14  0
-30  26  11  0
-10  -47  22  0
37  49  43  0
25  -8  9  0
-26  24  -6  0
-17  -8  19  0
46  38  -47  0
-38  -34  -3  0
-53  34  57  0
46  -44  -31  0
-23  27  -37  0
-55  57  -5  0
16  23  -58  0
48  -51  -20  0
-55  -34  19  0
27  47  48  0
-4  19  -39  0
-10  21  -51  0
33  -44  5  0
34  33  -55  0
20  39  -55  0
-20  27  16  0
-30  54  -55  0
42  -34  14  0
-39  -34  -33  0
-55  26  -49  0
40  53  37  0
58  4  -50  0
-42  -1  -18  0
-1  15  45  0
7  52  56  0
-41  -49  28  0
6  -34  32  0
4  23  31  0
37  -7  -30  0
34  55  -59  0
-29  -30  3  0
-22  -39  55  0
-39  -26  28  0
-50  23  -25  0
-38  58  -2  0
3  18  -4  0
-13  -52  37  0
19  -17  -1  0
36  -8  -33  0
3  1  9  0
-31  9  -14  0
19  -32  -16  0
25  44  54  0
8  59  16  0
-19  -1  22  0
-9  -36  38  0
50  59  -44  0
-4  36  -29  0
-24  9  -29  0
4  33  -58  0
37  -32  24  0
-6  59  27  0
-20  1  4  0
18  -4  -26  0
1  9  -53  0
-41  46  -51  0
-27  -51  18  0
22  -39  -10  0
-2  38  -9  0
-54  -26  -51  0
-44  53  -31  0
26  -18  15  0
-18  24  28  0
32  8  3  0
-31  17  -36  0
-13  -21  -26  0
59  -18  32  0
17  5  -31  0
30  -35  -50  0
-1  -54  26  0
51  12  -50  0
-50  -46  -37  0
49  -11  1  0
41  -34  55  0
-49  31  39  0
44  47  -58  0
1  -16  -5  0
33  29  28  0
32  6  15  0
-45  -39  29  0
-47  -59  -27  0
-55  31  -43  0
-32  45  40  0
39  22  26  0
-48  42  2  0
-9  -14  18  0
-3  51  -34  0
-16  46  55  0
45  -52  42  0
34  -23  -42  0
-3  7  50  0
30  -49  -31  0
-49  -55  57  0
-2  43  -26  0
-26  47  -52  0
55  -48  -37  0
-26  6  -17  0
22  -25  35  0
28  45  55  0
24  -15  -9  0
-32  -9  50  0
-54  50  32  0
-47  8  -27  0
-20  21  58  0
22  -23  35  0
-55  -48  8  0
32  34  -29  0
28  3  -60  0
29  -26  -53  0
9  37  -22  0
1  2  6  0
4  -31  -28  0
-24  -21  55  0
46  53  -3  0
-43  -18  58  0
18  -31  -29  0
48  3  -2  0
-6  29  18  0
-20  -8  59  0
-25  15  18  0
-23  -45  53  0
47  4  -23  0
-2  -25  1  0
8  43  53  0
43  -31  -57  0
1  34  26  0
-39  5  -55  0
33  -41  34  0
-57  56  -53  0
35  4  -19  0
-30  57  -43  0
3  -20  54  0
-40  -57  2  0
-18  25  7  0
-15  56  -22  0
-31  -4  47  0
-60  -36  -39  0
-59  34  -35  0
-11  60  16  0
-58  -13  30  0
30  35  -8  0
29  -14  -8  0
-16  4  -52  0
-53  -29  -48  0
-50  -58  46  0
-59  -58  -13  0
11  -2  51  0
-15  34  -14  0
-22  20  51  0
-43  5  -12  0
-44  34  -32  0
2  30  60  0
-25  -49  -18  0
10  27  8  0
48  10  38  0
5  -24  19  0
-26  -25  22  0
-38  15  29  0
49  10  59  0
2  3  -40  0
-21  -39  59  0
14  23  30  0
-15  -33  -40  0
27  53  44  0
-11  -1  -46  0
-15  53  1  0
-14  36  -22  0
-6  24  36  0
-60  -14  -28  0
-24  -59  -12  0
-20  14  -56  0
14  53  -11  0
-21  29  -47  0
26  47  -30  0
-31  -47  -56  0
-15  21  -24  0
33  -59  37  0
-36  -8  -34  0
-33  15  12  0
-33  16  11  0
31  59  18  0
57  -12  39  0
10  32  23  0
29  -41  3  0
3  44  -18  0
39  1  8  0
-24  -19  -39  0
-57  7  37  0
26  44  14  0
-24  40  51  0
-9  -48  -5  0
43  -3  -45  0
22  -14  51  0
44  -29  -8  0
-3  -22  38  0
32  55  -20  0
-19  41  -18  0
-54  -24  38  0
22  -41  42  0
48  -50  -8  0
-54  8  -50  0
-4  -41  -10  0
-27  16  20  0
21  50  17  0
10  42  3  0
19  45  16  0
-44  -16  -8  0
-25  -31  -49  0
56  23  39  0
-10  28  -23  0
-14  32  26  0
-41  -19  -17  0
-26  -36  -28  0
-35  -45  -15  0
20  -47  56  0
27  29  -58  0
44  -27  -60  0
-16  60  -19  0
34  41  -25  0
41  -35  45  0
16  -49  26  0
12  9  -15  0
-59  -18  34  0
24  -55  43  0
-57  16  6  0
18  22  38  0
4  7  31  0
8  16  -1  0
6  28  -2  0
-7  -17  -37  0
-28  60  -46  0
40  -37  -11  0
-36  -30  53  0
24  40  -49  0
24  -40  51  0
31  57  36  0
53  6  -2  0
-4  52  -8  0
-36  39  47  0
-49  18  -4  0
22  -23  -53  0
6  34  19  0
-4  1  -7  0
-10  49  -41  0
58  34  -6  0
16  22  -11  0
-33  -19  20  0
-18  23  9  0
-32  47  -17  0
