c mkcnf random cnf with seed 826642, max clause length 3
c FORCED SATISFIABLE
c 
p cnf 60  258
-20  -11  37  0
-1  30  31  0
44  51  -1  0
-14  -44  -32  0
60  57  -13  0
20  5  -24  0
-1  -14  -6  0
21  5  -31  0
-41  11  -56  0
51  -41  14  0
48  20  -22  0
-28  12  34  0
-48  49  19  0
-40  8  -32  0
23  -20  4  0
-32  59  -60  0
3  -42  -12  0
-34  46  -44  0
-21  -48  -3  0
-31  45  25  0
-47  11  13  0
-40  -53  13  0
28  -21  36  0
47  -20  1  0
33  43  51  0
-60  -2  -31  0
33  10  -38  0
13  53  -50  0
3  -28  -53  0
-40  49  22  0
11  26  -19  0
-57  -7  -29  0
-57  -3  17  0
58  -26  -12  0
-22  -8  -42  0
-28  26  15  0
11  30  -32  0
21  28  31  0
-38  -49  -28  0
14  -26  33  0
-49  -41  36  0
-30  -25  48  0
-22  48  37  0
40  -31  45  0
18  38  -55  0
17  -9  8  0
56  -46  5  0
-40  -16  52  0
-20  -53  -25  0
27  49  2  0
60  50  -16  0
34  57  -8  0
31  -42  -10  0
8  5  60  0
26  49  -41  0
-40  7  43  0
12  -3  30  0
-7  28  -9  0
-13  22  8  0
31  8  36  0
27  -35  -29  0
41  -27  33  0
-56  36  -30  0
7  6  -49  0
42  45  11  0
-51  34  -31  0
44  -41  -2  0
-34  -5  1  0
-34  -33  55  0
-48  44  -53  0
27  -60  -9  0
-47  4  -43  0
-11  52  26  0
29  32  24  0
2  18  -28  0
-56  10  58  0
-43  22  56  0
56  -12  -31  0
-37  -52  -20  0
-15  -43  19  0
56  20  -30  0
-17  -56  18  0
51  52  5  0
48  -34  -4  0
35  -47  -26  0
-32  -4  48  0
11  -44  -51  0
29  45  12  0
33  24  21  0
19  -4  -15  0
-16  -14  -42  0
-33  39  18  0
52  53  -54  0
38  -20  50  0
55  -41  -18  0
48  52  -38  0
15  -48  57  0
38  -24  30  0
-21  5  -50  0
-19  -2  58  0
-50  -1  -42  0
-38  44  -50  0
32  55  15  0
-26  -32  -5  0
-9  21  -38  0
-32  1  16  0
20  58  12  0
-35  -6  56  0
-47  53  27  0
51  -43  57  0
46  -39  -36  0
46  -44  25  0
59  -50  26  0
46  -37  24  0
-48  -39  -25  0
-33  24  -57  0
60  -31  2  0
46  -15  21  0
29  -34  -55  0
-56  -58  29  0
58  -8  -47  0
47  38  48  0
51  40  -29  0
-35  56  29  0
48  26  40  0
-5  34  -17  0
39  -25  20  0
-7  -55  -20  0
-57  -32  -12  0
-16  -35  -26  0
-25  28  -39  0
-22  42  8  0
-6  -1  2  0
52  -19  44  0
-38  46  -20  0
57  54  -55  0
-16  -44  48  0
-32  -38  -7  0
25  -58  18  0
-16  3  -4  0
-32  18  38  0
-39  46  40  0
13  5  -59  0
42  -28  -35  0
11  -59  36  0
13  -47  48  0
-31  -8  -49  0
28  -26  -4  0
-1  -43  -36  0
8  -46  15  0
-13  -28  11  0
-16  -44  11  0
-33  -26  35  0
-41  50  57  0
-58  23  -57  0
42  -25  -43  0
-20  -27  -60  0
21  -50  -40  0
-46  -43  13  0
-15  -22  42  0
-48  -51  28  0
-55  54  36  0
-25  -32  10  0
26  45  9  0
59  31  15  0
-1  -11  -23  0
15  -25  10  0
3  -28  -51  0
57  53  -58  0
-14  -52  20  0
19  -9  -20  0
-31  39  -19  0
1  -41  -7  0
2  26  11  0
-14  -59  32  0
1  -15  46  0
13  42  -19  0
31  -29  -35  0
-44  54  -59  0
26  29  -57  0
44  4  23  0
18  22  -20  0
-29  -56  -23  0
-13  -53  -17  0
-4  35  31  0
-7  -40  27  0
48  8  -26  0
-13  -56  -21  0
14  -25  38  0
-7  -22  -26  0
-9  -36  7  0
-22  -5  43  0
12  -16  -37  0
-3  -60  52  0
-28  51  -5  0
-37  -10  -59  0
2  -35  -38  0
-59  14  -9  0
-57  -50  -19  0
-19  -36  15  0
-29  26  -27  0
-29  26  -20  0
12  -23  5  0
47  21  -38  0
20  55  -5  0
53  47  39  0
54  39  31  0
7  8  32  0
-10  30  31  0
-30  9  -32  0
41  -4  -2  0
-40  58  33  0
-8  35  -19  0
36  -40  38  0
-28  2  -60  0
23  -14  -17  0
-8  41  22  0
33  1  43  0
25  -8  -6  0
-7  42  -8  0
5  -16  -51  0
31  59  -16  0
28  45  38  0
-40  -15  49  0
12  18  -38  0
45  -2  7  0
46  -55  11  0
-39  53  54  0
55  8  31  0
-10  21  -20  0
-58  34  -40  0
-12  -60  -4  0
44  -7  35  0
-20  39  33  0
60  -27  -34  0
49  -13  18  0
48  -58  -39  0
11  52  55  0
32  25  -30  0
-16  6  -11  0
-34  -15  -47  0
45  -30  15  0
58  -8  53  0
-39  19  -46  0
-44  56  -15  0
30  -22  38  0
10  -55  57  0
-22  23  -6  0
-45  -59  14  0
16  -35  -22  0
-19  2  -53  0
-57  18  31  0
39  29  60  0
19  29  -30  0
8  23  -35  0
-10  -22  -42  0
60  -31  7  0
-53  -19  -22  0
