c mkcnf random cnf with seed 826625, max clause length 3
c FORCED SATISFIABLE
c 
p cnf 60  258
-33  20  -25  0
-53  -27  -21  0
57  55  -1  0
-15  -8  -22  0
20  33  -21  0
44  18  17  0
27  -46  -40  0
-31  -23  -49  0
-9  -33  37  0
-10  -54  57  0
51  52  30  0
-44  17  33  0
-8  17  -48  0
-34  -6  8  0
-41  57  -19  0
32  6  30  0
59  -25  -23  0
55  23  45  0
58  -28  38  0
-31  44  15  0
55  -28  51  0
41  -55  50  0
-1  -25  45  0
23  30  49  0
-46  27  10  0
41  6  30  0
1  -54  42  0
2  46  48  0
9  -26  -19  0
44  50  22  0
7  -20  30  0
-18  -50  49  0
-18  -40  27  0
20  44  -21  0
-39  24  -4  0
51  -60  15  0
59  -39  42  0
48  53  5  0
58  -57  -31  0
-28  -32  29  0
-32  11  -7  0
-16  -12  19  0
43  -8  -30  0
-25  15  -37  0
36  -54  3  0
59  -24  19  0
42  -2  -41  0
18  -24  -57  0
-40  -55  -24  0
-50  -28  -55  0
19  47  13  0
55  44  23  0
-18  -39  42  0
-2  -40  6  0
-14  -45  35  0
-17  -43  -54  0
51  16  -7  0
-35  8  5  0
-1  -33  54  0
60  21  -45  0
-38  -48  20  0
52  21  39  0
42  -14  36  0
-51  33  49  0
-53  -4  -29  0
-53  42  -35  0
12  35  25  0
51  -54  14  0
-52  -45  -40  0
-24  -1  -17  0
47  31  24  0
-27  29  56  0
45  -8  -52  0
13  4  -49  0
41  6  -59  0
-17  -33  50  0
39  -19  -28  0
24  -8  42  0
-23  -17  -38  0
55  -52  50  0
-12  11  40  0
56  -14  6  0
57  39  51  0
-54  -52  -1  0
-37  1  -40  0
-22  54  -12  0
-48  -18  -55  0
-7  31  11  0
-6  28  -51  0
-37  47  -3  0
-19  55  -35  0
56  -53  -24  0
3  -59  36  0
-51  -41  -36  0
50  -57  13  0
-51  1  -2  0
23  5  -41  0
16  34  -27  0
-38  -11  -46  0
-9  -8  16  0
-53  -9  -7  0
28  1  -13  0
22  -17  -12  0
-54  -22  -5  0
22  42  -52  0
-36  -32  11  0
-37  20  -16  0
38  -23  33  0
7  -18  21  0
60  31  43  0
-19  -40  -17  0
49  -41  43  0
-24  10  -3  0
-23  -45  -38  0
-20  26  -9  0
-28  -24  -8  0
15  -60  -5  0
-49  -8  13  0
18  34  -37  0
16  -47  -15  0
18  52  50  0
-37  -14  -47  0
-16  40  7  0
-43  -22  -13  0
-48  2  -40  0
-32  13  -11  0
-1  -27  50  0
48  -19  -23  0
54  -24  30  0
-10  -59  -33  0
-17  -30  -1  0
-30  -29  -59  0
-15  -51  7  0
-2  59  49  0
51  52  48  0
-7  44  59  0
-41  55  -5  0
-45  -40  -48  0
34  -38  20  0
12  -55  -43  0
38  18  51  0
-25  24  20  0
32  -4  -30  0
3  59  -7  0
5  -22  59  0
36  -53  31  0
-32  -47  10  0
13  -9  11  0
17  45  30  0
12  -25  48  0
-11  -36  -35  0
-7  60  19  0
-28  29  -30  0
18  53  13  0
-60  42  44  0
46  -21  56  0
-45  6  -10  0
34  -30  -15  0
-59  -53  -35  0
-37  50  33  0
-45  28  49  0
28  -53  48  0
-9  26  5  0
-49  -46  -47  0
37  -52  -27  0
8  -13  45  0
21  22  -49  0
12  -41  5  0
60  36  -21  0
-2  9  -8  0
22  57  -27  0
60  43  58  0
-23  46  22  0
-14  15  -3  0
-41  -45  34  0
-28  6  36  0
-48  23  44  0
11  31  -35  0
-24  39  55  0
54  -47  58  0
7  -25  -24  0
-52  -47  -50  0
-31  -17  57  0
7  60  -28  0
30  58  -46  0
-50  38  59  0
-5  -28  -24  0
-24  -10  -46  0
-6  38  10  0
-37  -57  -13  0
-54  -44  -11  0
-29  -45  -14  0
37  -16  55  0
12  18  42  0
59  -57  40  0
42  35  7  0
-20  -54  15  0
-34  -48  -57  0
-10  -4  -16  0
56  -13  -32  0
-25  57  38  0
16  -12  -46  0
-6  -52  21  0
9  -50  30  0
21  34  13  0
-18  57  -4  0
32  -1  54  0
31  52  -48  0
-51  -12  60  0
-37  36  -35  0
38  39  -56  0
8  -58  36  0
-20  21  33  0
57  -21  33  0
-58  -43  -13  0
-32  -26  -6  0
7  13  1  0
16  -10  29  0
-6  56  39  0
-44  -2  43  0
53  2  -1  0
-58  -14  3  0
-36  45  3  0
1  -29  8  0
8  -38  -31  0
18  33  -39  0
49  -31  -59  0
36  -48  -13  0
-9  25  -23  0
-11  31  -38  0
36  42  3  0
42  -13  -31  0
38  47  59  0
-59  1  -43  0
43  -16  60  0
49  41  18  0
-15  -33  29  0
11  35  -13  0
45  -10  -28  0
-34  -56  48  0
1  3  33  0
36  18  -28  0
50  -4  3  0
40  -45  32  0
34  -7  15  0
-14  31  27  0
35  -3  54  0
-26  37  32  0
20  21  28  0
-17  7  -48  0
27  -26  -13  0
4  -46  -6  0
-31  17  13  0
-46  34  39  0
17  -37  -25  0
-56  27  21  0
52  25  -1  0
37  31  -14  0
