c mkcnf random cnf with seed 826665, max clause length 3
c FORCED SATISFIABLE
c 
p cnf 60  258
-5  -56  45  0
-19  56  7  0
39  14  26  0
-57  -14  -16  0
6  7  21  0
-48  -28  -6  0
-16  5  52  0
5  12  45  0
-56  32  11  0
51  -33  -53  0
30  -12  -17  0
43  -3  24  0
9  -23  24  0
-50  -46  18  0
-31  19  34  0
46  30  49  0
-28  -48  8  0
-2  -60  -59  0
-49  30  -44  0
-20  18  3  0
-8  -59  -55  0
-47  -35  -28  0
41  -38  57  0
23  -53  -20  0
-51  41  -48  0
-39  15  -23  0
12  58  -59  0
-13  52  25  0
-8  -52  -7  0
-36  43  59  0
-31  -7  50  0
20  -18  3  0
56  36  -10  0
-2  -38  3  0
32  2  28  0
-52  -18  54  0
53  14  -58  0
-9  38  24  0
31  -53  60  0
-60  38  -54  0
1  9  -46  0
44  50  59  0
10  56  -12  0
28  2  -35  0
-57  38  9  0
-28  -39  -53  0
-60  59  50  0
37  55  -4  0
-49  -57  26  0
-30  -44  -14  0
-45  39  6  0
14  31  -16  0
-42  20  -38  0
8  -28  33  0
-32  28  8  0
-13  16  -56  0
36  -58  13  0
-41  51  -56  0
54  21  18  0
-45  18  52  0
6  7  -39  0
23  38  -28  0
42  34  25  0
27  -34  -56  0
16  10  -46  0
-16  53  -1  0
-50  -19  37  0
29  -11  -8  0
-42  8  55  0
18  24  -32  0
-54  42  13  0
-1  -13  26  0
54  -9  -29  0
4  54  51  0
42  17  -35  0
43  -50  58  0
-12  48  55  0
9  36  -23  0
56  9  -2  0
15  51  -19  0
-40  -23  -30  0
46  -5  -33  0
-33  -46  -18  0
-17  9  -21  0
12  -13  -36  0
46  7  -17  0
-15  -2  -27  0
47  -19  -14  0
53  -22  41  0
-11  -45  58  0
-52  41  26  0
56  53  23  0
50  52  -2  0
-58  -59  53  0
51  -42  23  0
-21  -60  -3  0
-51  -47  56  0
-52  -38  -16  0
-28  -9  -56  0
23  47  -24  0
54  34  31  0
27  -9  56  0
-2  -28  60  0
-36  -41  11  0
31  -33  43  0
10  -16  5  0
18  20  -8  0
7  45  -37  0
-4  -3  50  0
15  57  -50  0
-38  -40  17  0
39  47  -11  0
55  18  36  0
25  -30  -27  0
20  24  -56  0
-33  -47  15  0
-43  -34  33  0
-3  60  36  0
49  -58  28  0
37  -57  20  0
59  34  -46  0
-40  36  31  0
18  -16  -56  0
38  -3  22  0
34  48  -7  0
46  29  6  0
20  36  33  0
28  29  24  0
54  -19  32  0
-54  -14  -21  0
16  -8  11  0
-28  -13  -17  0
-15  -26  -6  0
1  27  -4  0
59  40  -43  0
-44  -46  17  0
-19  17  30  0
22  20  28  0
17  7  -28  0
-56  -26  -31  0
23  -18  -26  0
-55  46  -3  0
-15  -18  2  0
-50  -57  58  0
13  46  36  0
23  -59  -44  0
-30  -13  -11  0
21  50  -23  0
-16  54  10  0
-52  -9  -23  0
-48  -45  5  0
-50  58  8  0
-56  19  8  0
-41  43  -36  0
44  -60  51  0
13  -28  -16  0
8  47  23  0
3  -29  9  0
-55  9  -43  0
43  -4  -55  0
-57  17  -36  0
-46  40  23  0
52  -55  -60  0
59  24  1  0
6  -33  45  0
56  -46  -7  0
54  45  57  0
-58  56  7  0
-7  10  -56  0
23  51  -49  0
-54  -42  6  0
-45  -37  5  0
23  -28  -39  0
-57  -8  -25  0
37  -27  -11  0
3  -60  -13  0
30  -35  20  0
-41  29  19  0
48  -56  -19  0
56  23  18  0
49  30  23  0
-47  -38  -36  0
-7  24  -30  0
-58  3  44  0
37  -1  50  0
-8  -5  -53  0
-41  9  36  0
-50  13  42  0
-47  -10  34  0
-21  -9  34  0
59  -17  -42  0
-19  5  17  0
-49  28  19  0
-57  -21  -14  0
44  31  19  0
37  31  -26  0
-23  27  6  0
56  -5  27  0
18  -6  -15  0
52  -46  4  0
56  55  -44  0
-3  -4  -60  0
-23  41  -32  0
-30  -53  23  0
-43  -18  -48  0
-34  -17  -5  0
-39  -55  23  0
-6  -11  4  0
49  11  -16  0
-27  -10  13  0
-29  31  -48  0
1  -20  -29  0
49  8  -5  0
9  -52  54  0
-54  28  -13  0
-41  -47  49  0
13  -44  39  0
-17  21  -41  0
-9  16  37  0
19  24  30  0
-8  19  12  0
-57  8  -48  0
1  -42  -26  0
24  48  49  0
-58  8  21  0
-31  59  -9  0
41  3  1  0
-47  28  -22  0
11  48  4  0
-30  33  -24  0
-52  36  15  0
19  11  -31  0
12  53  -7  0
-51  -24  27  0
-24  50  2  0
-18  9  34  0
-28  37  54  0
-36  -39  -33  0
-47  -12  -38  0
-60  -16  54  0
-14  -12  34  0
39  -49  37  0
48  -28  50  0
46  -42  45  0
-13  -53  -1  0
-54  48  44  0
50  17  -22  0
-25  49  -43  0
56  -46  -49  0
37  14  -44  0
51  57  -18  0
-14  -34  20  0
-41  46  -25  0
-48  -6  39  0
40  -58  -57  0
-5  14  10  0
3  55  -59  0
46  42  -59  0
