c mkcnf random cnf with seed 826669, max clause length 3
c FORCED SATISFIABLE
c 
p cnf 60  258
44  11  -23  0
32  -52  -41  0
19  9  36  0
-19  57  -53  0
37  -58  25  0
-27  18  9  0
43  12  -28  0
-28  -55  -53  0
-27  58  -8  0
-4  -58  32  0
-2  -27  -48  0
-21  -28  17  0
-59  -47  13  0
-21  -10  -56  0
-57  -10  -45  0
6  -23  52  0
7  59  10  0
-40  -3  60  0
-32  55  -27  0
-43  -10  -16  0
-49  -23  -54  0
-9  41  32  0
-3  -8  -57  0
-60  -8  -21  0
-58  43  -7  0
-17  -46  -19  0
30  -47  -24  0
28  -48  35  0
41  -16  35  0
57  -59  60  0
22  -41  56  0
-20  32  1  0
38  39  -60  0
-38  -57  16  0
37  47  -40  0
-46  -59  15  0
-25  53  17  0
-45  -7  47  0
34  -31  -10  0
-26  22  56  0
37  4  27  0
-1  28  -51  0
-14  -11  9  0
31  40  -49  0
-43  22  -20  0
42  -23  34  0
-49  -54  -38  0
-40  -22  7  0
24  18  2  0
23  -57  20  0
1  -56  38  0
4  -34  37  0
16  57  31  0
41  42  -20  0
30  39  34  0
-57  -25  -42  0
-6  60  -10  0
-16  19  -51  0
-48  3  -16  0
1  35  15  0
6  27  -3  0
4  -25  50  0
44  17  59  0
-7  37  -20  0
-45  -58  -47  0
-28  43  12  0
15  -40  8  0
-19  53  -46  0
1  38  -7  0
22  -2  38  0
-56  25  58  0
-24  4  47  0
-11  -51  -6  0
-22  -3  -54  0
-35  -45  -32  0
-36  -21  60  0
32  15  31  0
28  36  -22  0
54  30  38  0
-50  43  2  0
-46  -4  -7  0
-40  -51  -60  0
-36  -58  -1  0
-58  14  -29  0
39  50  -25  0
26  41  -36  0
-35  -6  -51  0
54  51  -1  0
-38  -17  42  0
-15  -8  4  0
57  23  33  0
-53  -40  -27  0
28  -22  -27  0
5  -43  17  0
47  7  49  0
48  4  13  0
-8  4  -15  0
-44  8  -25  0
50  -35  58  0
-51  25  -57  0
-18  -31  44  0
43  -44  29  0
8  57  45  0
57  8  26  0
-35  22  21  0
22  14  37  0
-11  21  57  0
50  -22  20  0
16  59  -25  0
-57  -44  -59  0
-16  39  57  0
33  39  54  0
-19  10  -16  0
56  -36  -52  0
-1  -11  33  0
-16  -19  -38  0
25  -32  30  0
30  11  33  0
-46  52  1  0
-10  -28  -49  0
47  57  -14  0
28  -2  -48  0
-29  -49  -50  0
54  16  6  0
-41  7  -25  0
-48  -3  6  0
57  54  46  0
50  30  29  0
6  40  -38  0
15  2  10  0
49  -20  58  0
43  -53  -27  0
-33  57  -19  0
12  25  51  0
34  42  10  0
18  17  58  0
-4  -34  38  0
55  -33  46  0
-44  -52  -33  0
-43  -55  -16  0
-11  -50  12  0
-52  -38  -43  0
24  55  -47  0
-19  -48  49  0
46  15  20  0
40  -23  55  0
-20  3  -52  0
36  57  14  0
19  -9  27  0
-20  -39  49  0
44  -40  37  0
-37  -10  20  0
-20  2  -54  0
-49  -25  -3  0
20  27  -7  0
52  -42  7  0
-49  -43  -51  0
29  8  24  0
7  -11  -19  0
-21  -32  -48  0
25  -46  -36  0
-50  -15  26  0
45  15  1  0
-41  -9  17  0
23  8  42  0
-31  -37  -25  0
21  33  -56  0
5  -13  -19  0
13  -9  -11  0
53  25  -8  0
-60  -2  -43  0
59  -54  11  0
17  11  -25  0
-33  51  28  0
28  60  11  0
-7  53  16  0
-7  -29  -50  0
56  -53  -52  0
-39  -6  -53  0
-54  -7  6  0
-53  -43  23  0
-30  38  56  0
-4  52  -7  0
2  -60  21  0
-27  11  40  0
5  54  -33  0
-52  -42  2  0
-32  28  -2  0
-39  19  47  0
-15  43  21  0
43  46  38  0
19  -33  -46  0
2  -22  52  0
-19  -7  -59  0
29  -51  -32  0
-33  36  22  0
-21  -59  -52  0
-55  57  -54  0
-7  -31  -18  0
46  33  -4  0
20  23  -36  0
-25  -4  51  0
-23  49  54  0
36  -4  -2  0
21  -31  -26  0
-52  -20  -57  0
48  34  -49  0
24  -35  30  0
-18  3  12  0
-3  -5  -15  0
-38  43  29  0
-26  51  -17  0
-9  -35  -43  0
44  -38  53  0
55  -60  38  0
-26  2  58  0
34  -21  15  0
17  -51  60  0
51  -36  -23  0
48  4  -57  0
6  -35  57  0
-46  29  31  0
39  12  60  0
-45  -31  12  0
-4  -30  -17  0
47  -1  34  0
8  -49  24  0
-34  45  -38  0
-33  12  -50  0
-37  -3  21  0
-45  -1  -8  0
44  -2  53  0
3  32  33  0
-59  -10  45  0
47  -59  37  0
38  -15  8  0
-50  -39  -38  0
41  -1  13  0
42  44  -7  0
-24  51  54  0
-37  10  7  0
-18  -37  56  0
-10  -1  43  0
39  22  -43  0
32  -11  -29  0
-7  8  25  0
-42  -21  56  0
55  -31  25  0
3  1  47  0
54  2  -35  0
-33  5  -36  0
-22  -12  1  0
-40  6  -39  0
35  57  29  0
-22  -26  -21  0
53  21  -28  0
9  -2  1  0
15  -13  -56  0
