c mkcnf random cnf with seed 826707, max clause length 3
c FORCED SATISFIABLE
c 
p cnf 60  258
57  -9  -24  0
21  -10  18  0
31  17  60  0
-44  -2  -47  0
14  -37  50  0
-45  -60  -28  0
26  9  8  0
27  -59  23  0
-8  3  -58  0
-3  -53  33  0
-31  -20  2  0
59  12  15  0
-41  31  7  0
-12  -31  -9  0
-43  -18  -3  0
60  55  -59  0
-40  45  52  0
11  -53  46  0
59  -14  36  0
11  41  48  0
-47  7  -20  0
-48  47  57  0
-47  35  -19  0
-45  -3  7  0
26  42  31  0
60  -9  47  0
-47  -45  54  0
-50  -25  -53  0
-20  54  -51  0
-19  24  1  0
-23  -52  -6  0
-38  56  58  0
-34  51  50  0
15  -47  31  0
-35  -3  12  0
21  -11  29  0
4  -60  -58  0
35  45  26  0
-11  -7  35  0
-14  -36  7  0
-29  -2  41  0
-19  -29  25  0
42  -4  -41  0
38  -35  -3  0
18  25  58  0
56  20  24  0
-41  -13  -37  0
41  12  30  0
27  -31  -51  0
46  30  -17  0
19  45  -15  0
48  -21  -49  0
1  57  -23  0
36  42  -47  0
-24  -2  -36  0
49  2  -45  0
1  5  -53  0
10  58  40  0
42  12  -19  0
-53  1  38  0
39  -43  -4  0
-59  -4  -17  0
37  46  56  0
-38  -31  10  0
45  -3  -32  0
-27  36  38  0
-7  26  -15  0
7  -53  -28  0
33  30  16  0
-18  33  -55  0
-19  28  57  0
-6  -39  32  0
23  -10  -12  0
-39  24  42  0
5  17  -39  0
6  -31  -49  0
-19  -36  55  0
-54  -28  17  0
49  -47  9  0
-27  -5  42  0
-16  -26  42  0
42  55  -36  0
-34  -5  2  0
-21  -26  -1  0
-28  -21  -20  0
-59  -33  34  0
-18  5  16  0
-48  36  49  0
-41  12  -48  0
-48  -60  55  0
18  46  -22  0
10  -34  5  0
24  -12  -58  0
1  30  51  0
-13  32  40  0
4  -16  -5  0
-54  36  15  0
-26  -40  28  0
8  -55  -40  0
-6  -60  30  0
6  37  36  0
45  36  -59  0
-10  20  -2  0
-37  -29  55  0
6  -30  24  0
-16  -36  45  0
-52  -50  59  0
-2  -36  30  0
52  51  35  0
12  13  -57  0
-48  24  59  0
-20  -52  32  0
18  -45  41  0
-13  -16  50  0
-12  -46  -60  0
51  38  31  0
-20  -17  40  0
-41  4  39  0
-44  12  -7  0
5  -20  57  0
47  -11  -46  0
55  -21  -11  0
12  26  30  0
-40  -11  -21  0
40  -44  30  0
14  -54  41  0
-1  -11  42  0
-40  16  19  0
22  -30  -52  0
-23  36  32  0
1  -49  25  0
22  -11  -56  0
34  29  -27  0
-53  48  -58  0
2  1  -44  0
-23  -36  -8  0
-8  16  -55  0
6  -5  -59  0
8  -42  -40  0
52  -46  -15  0
42  23  26  0
-31  -35  -8  0
50  30  -11  0
-41  -56  -23  0
12  -38  48  0
-11  -46  -4  0
20  -23  -18  0
-26  -29  34  0
-44  20  -42  0
25  1  -23  0
30  -50  34  0
-39  -49  27  0
-24  51  -22  0
-57  25  7  0
35  -3  -57  0
57  38  25  0
31  -28  27  0
-54  -22  51  0
-46  -43  -32  0
3  16  -39  0
-9  -51  -58  0
51  6  -59  0
-57  -45  -22  0
13  -32  -57  0
-51  52  -56  0
-27  26  -40  0
60  -12  50  0
-7  51  37  0
-54  14  -1  0
44  50  -21  0
-41  35  -47  0
33  18  -32  0
17  9  -49  0
16  36  2  0
-41  -7  -40  0
-16  -41  33  0
-40  -35  27  0
-40  -14  -28  0
23  -22  -17  0
-22  -12  -57  0
20  44  6  0
49  7  -13  0
39  43  4  0
-9  48  42  0
-20  -50  40  0
-37  -13  59  0
23  13  -10  0
-13  -37  -39  0
29  9  7  0
-50  9  -24  0
-28  11  30  0
-49  -41  -23  0
-9  -26  -18  0
57  54  33  0
18  -53  38  0
29  19  -8  0
32  -14  -56  0
33  -31  17  0
45  -42  60  0
-20  2  -41  0
58  -9  30  0
5  16  -59  0
-10  3  -46  0
27  7  -33  0
49  15  37  0
30  24  -46  0
43  -52  23  0
-38  -52  -60  0
39  42  51  0
-54  -40  22  0
-30  7  -2  0
5  -35  -3  0
-32  -54  -52  0
56  -49  39  0
39  -5  24  0
22  -11  14  0
47  -17  35  0
28  8  22  0
60  25  4  0
-25  30  -31  0
-49  -20  -48  0
42  -27  60  0
55  -43  -59  0
-22  -9  29  0
-9  34  -24  0
-45  52  26  0
-16  33  42  0
42  44  31  0
14  -27  -50  0
-54  12  -9  0
-4  45  -29  0
-8  11  -35  0
-54  34  -21  0
44  46  51  0
-59  18  22  0
25  6  -36  0
-51  -6  44  0
28  -50  -47  0
-46  -23  19  0
-48  3  35  0
11  60  -33  0
6  44  -12  0
-56  -14  49  0
41  59  -2  0
47  7  41  0
-11  1  37  0
30  7  46  0
52  19  26  0
11  -12  22  0
16  -38  -48  0
-49  -18  -33  0
-16  -6  60  0
43  -16  50  0
-12  32  5  0
-25  59  31  0
-32  12  2  0
13  22  -4  0
34  50  27  0
