c mkcnf random cnf with seed 826633, max clause length 3
c FORCED SATISFIABLE
c 
p cnf 60  258
-51  -41  -18  0
50  -31  27  0
12  18  6  0
-25  9  -56  0
43  -11  -44  0
-58  12  -19  0
-19  -18  -51  0
59  54  -8  0
19  12  -52  0
8  -54  2  0
2  44  -19  0
-52  -33  11  0
55  -54  7  0
-8  -2  10  0
54  -29  60  0
41  -36  13  0
-21  -15  9  0
-17  30  14  0
56  42  26  0
-7  -20  57  0
-56  -23  46  0
55  -1  49  0
1  39  37  0
-35  -3  6  0
-4  -41  -42  0
24  44  55  0
-29  -35  -4  0
10  3  -11  0
-13  -43  -2  0
-51  54  -25  0
51  -27  55  0
47  -42  -57  0
-51  47  10  0
43  -60  -15  0
26  -35  48  0
-44  -59  -15  0
-3  59  -11  0
-15  -32  21  0
54  -40  -9  0
28  7  -12  0
24  -57  -52  0
-57  -18  2  0
-5  -41  -35  0
34  -53  -52  0
11  -25  -34  0
-18  -39  -27  0
2  -25  34  0
60  47  19  0
-36  -50  17  0
13  -53  -39  0
-46  31  -19  0
-13  35  -38  0
-20  -27  -31  0
48  -26  -17  0
44  16  -52  0
28  -52  38  0
-30  19  37  0
5  -39  24  0
-13  30  17  0
-33  22  -52  0
35  9  -12  0
-48  -2  -51  0
-38  -28  -42  0
27  -4  -18  0
-24  -59  -43  0
27  -28  -53  0
-38  34  12  0
3  -22  13  0
-19  -22  -54  0
24  31  25  0
14  53  26  0
8  -31  -3  0
10  49  46  0
-25  -48  -31  0
-36  -42  -3  0
-34  -27  -35  0
-7  11  -46  0
-44  21  -47  0
19  -9  -55  0
-20  -36  55  0
-2  41  12  0
12  -39  21  0
51  -3  -6  0
21  5  -20  0
44  49  21  0
-44  12  53  0
18  -33  -53  0
27  -39  -3  0
47  -38  27  0
-10  -44  22  0
-43  -12  -53  0
-42  4  9  0
47  17  7  0
-22  -46  -52  0
-3  -2  23  0
31  33  39  0
-55  -21  -3  0
-31  -7  -38  0
6  21  37  0
50  -41  -39  0
-8  -48  16  0
20  -46  47  0
-41  39  24  0
-3  -50  23  0
15  -8  -42  0
33  9  -29  0
-19  -34  -51  0
12  -36  -38  0
-2  -10  -34  0
-14  2  -57  0
-34  -18  -36  0
-14  -7  -20  0
39  -14  22  0
36  60  -44  0
52  49  -46  0
40  4  -25  0
26  -10  22  0
-39  32  -3  0
-44  -36  33  0
-7  29  -60  0
-59  -45  17  0
-40  -37  -6  0
56  59  -41  0
-16  -21  -3  0
34  22  46  0
-26  4  60  0
16  47  13  0
-18  -51  -34  0
-40  -10  -60  0
-29  -4  13  0
-14  57  -53  0
-24  -29  -2  0
-37  -13  -28  0
15  17  49  0
-45  -6  -29  0
12  18  -35  0
29  44  -45  0
-5  -55  49  0
55  -59  6  0
-2  50  -5  0
-52  -13  20  0
-26  19  49  0
26  37  -16  0
18  55  46  0
-15  -5  60  0
20  -51  -4  0
44  -45  60  0
-43  -31  -8  0
12  36  35  0
-35  24  16  0
14  -57  -59  0
-27  6  45  0
16  -7  50  0
19  -37  -23  0
12  -2  -3  0
24  2  -34  0
-30  -47  20  0
-55  -21  9  0
29  -20  -52  0
6  -42  -54  0
55  34  10  0
15  -37  -31  0
49  -51  27  0
-42  25  -2  0
25  50  54  0
51  -10  60  0
55  28  -4  0
46  19  31  0
-36  11  7  0
56  -47  39  0
-19  -22  29  0
-24  57  41  0
-10  41  57  0
29  -11  -17  0
-58  15  -21  0
28  -45  -34  0
-58  -9  32  0
-19  17  1  0
-23  -34  55  0
28  20  22  0
5  -2  31  0
40  -32  -42  0
-25  -30  -4  0
-30  50  -14  0
54  29  -37  0
20  -21  12  0
59  -11  32  0
40  15  -13  0
-17  37  -23  0
9  -56  39  0
1  -60  11  0
-32  -51  -41  0
-23  49  -41  0
53  -8  -32  0
-9  45  27  0
2  -3  -19  0
12  -27  -49  0
41  -25  -29  0
45  58  8  0
48  -20  -13  0
-30  27  32  0
32  33  30  0
-50  -60  52  0
20  -43  29  0
14  25  18  0
-30  -13  -24  0
-22  13  -7  0
37  41  -2  0
21  -56  -5  0
31  32  -51  0
57  16  53  0
42  -9  -53  0
-55  3  25  0
-31  -33  -44  0
17  -49  54  0
-1  -54  -39  0
-6  24  -19  0
40  -34  9  0
-8  -58  26  0
-33  -57  -28  0
12  -21  48  0
-7  -55  27  0
-9  -19  13  0
-26  -56  53  0
24  43  55  0
-44  22  -58  0
58  42  -21  0
-48  -7  33  0
-15  53  -51  0
-17  -47  23  0
59  -48  -7  0
60  -59  29  0
58  -56  -47  0
-11  -53  51  0
43  -3  -59  0
-7  35  -42  0
10  -57  29  0
-57  14  15  0
31  21  58  0
-53  -6  -4  0
34  42  -14  0
4  27  -35  0
11  13  6  0
-58  -8  -11  0
-51  55  -1  0
43  12  6  0
-22  20  37  0
41  -30  -3  0
22  28  -25  0
37  -2  -8  0
-34  22  -44  0
38  43  52  0
-5  -7  -39  0
-7  -27  -53  0
-42  33  51  0
29  47  24  0
-5  -30  -15  0
-16  -60  -48  0
