c mkcnf random cnf with seed 826720, max clause length 3
c FORCED SATISFIABLE
c 
p cnf 60  258
-4  45  -57  0
55  5  45  0
32  -43  -39  0
-59  18  50  0
23  16  56  0
52  27  -21  0
47  -60  25  0
5  -8  -52  0
-46  10  -38  0
-51  53  16  0
-2  -9  13  0
-24  -55  -3  0
-54  -52  31  0
60  -44  -3  0
-27  48  -60  0
51  -11  -52  0
-4  -3  -42  0
-22  -17  1  0
36  3  -31  0
-8  -40  21  0
-44  31  -10  0
24  6  -49  0
-21  28  42  0
-46  -37  -29  0
22  -36  59  0
56  -34  5  0
-27  51  -10  0
-51  12  -41  0
19  -38  -28  0
40  -46  -47  0
26  -32  49  0
-53  -27  -51  0
42  -34  33  0
-48  52  -19  0
-35  54  21  0
-51  24  29  0
46  48  -57  0
-32  -3  -30  0
-41  -24  -2  0
-47  2  -34  0
-37  -28  -18  0
-20  -22  37  0
10  41  44  0
-42  -54  11  0
27  -39  -3  0
47  -55  31  0
-37  -42  49  0
60  7  -4  0
12  -22  8  0
33  -14  -52  0
-39  23  -58  0
-41  39  34  0
-31  19  16  0
-40  -4  -23  0
-23  -30  -13  0
9  -27  -34  0
60  42  -24  0
22  3  1  0
-22  -50  49  0
55  -24  4  0
-57  -56  26  0
16  -39  -12  0
4  -21  28  0
15  -28  -13  0
34  8  -39  0
23  19  -51  0
60  54  17  0
-34  -44  -6  0
-10  -37  31  0
-6  -18  11  0
-39  -15  56  0
20  30  23  0
-16  -33  -57  0
19  -5  -14  0
2  -16  25  0
14  52  -41  0
3  8  13  0
-17  -32  34  0
-25  39  -46  0
-8  53  18  0
-38  45  -2  0
-35  13  6  0
-4  28  60  0
49  40  -38  0
14  34  22  0
-36  -8  -21  0
8  20  -25  0
-29  -36  24  0
-9  -46  50  0
31  -20  59  0
3  41  35  0
50  -44  32  0
59  25  -41  0
-60  28  19  0
-3  -43  -7  0
-49  -20  -9  0
11  -5  -22  0
-41  24  -40  0
-50  -18  -27  0
2  15  44  0
31  43  23  0
-53  20  1  0
9  -55  -53  0
-23  45  53  0
-34  -41  4  0
-59  -45  -30  0
20  5  -57  0
40  56  36  0
-50  -24  -18  0
26  -53  48  0
-4  12  43  0
54  -18  -37  0
-38  15  -45  0
-59  -9  -55  0
-52  -37  11  0
42  -31  36  0
46  -33  -3  0
-54  23  45  0
3  43  -22  0
-20  -43  -46  0
-4  -19  -59  0
55  35  -18  0
34  16  20  0
-37  31  -4  0
45  -27  60  0
-39  11  29  0
46  58  55  0
52  -1  -8  0
-17  47  12  0
-1  10  -26  0
-21  44  -43  0
-9  -13  7  0
1  16  4  0
-51  -15  -37  0
-47  46  -13  0
-20  -58  27  0
-25  -21  -22  0
-5  39  52  0
17  -13  -32  0
-4  -56  13  0
-18  25  -22  0
4  -3  -51  0
58  39  -31  0
-52  57  35  0
-29  -16  46  0
-15  21  19  0
37  51  -22  0
43  24  -22  0
-31  -32  -15  0
11  -22  -44  0
-47  38  -22  0
53  -25  -4  0
24  13  -23  0
45  -49  43  0
40  23  -9  0
4  -58  -19  0
60  -36  -13  0
-7  -22  -25  0
-11  20  22  0
-13  26  -21  0
45  -49  21  0
52  11  -6  0
-15  -10  53  0
19  -54  -41  0
9  11  -31  0
-35  19  -59  0
-3  -38  36  0
-13  60  -7  0
-23  31  -47  0
-35  -20  3  0
-1  51  25  0
5  35  -20  0
-48  -40  -14  0
24  7  -56  0
-48  13  28  0
-32  10  7  0
37  -2  -21  0
33  -24  -32  0
-4  14  49  0
-21  46  10  0
43  -14  -5  0
15  -8  56  0
-45  11  8  0
-34  26  54  0
2  -44  -24  0
60  -9  2  0
-46  24  -34  0
48  42  49  0
19  -5  1  0
21  30  -16  0
-10  -49  -4  0
-4  -18  47  0
12  -31  52  0
-4  6  -48  0
-60  -32  -22  0
-48  47  -41  0
-49  9  -51  0
-22  -53  17  0
-50  -10  -54  0
-25  5  -10  0
45  -49  31  0
55  21  53  0
-56  -19  -14  0
-43  -17  -14  0
18  44  -47  0
14  -33  -43  0
-59  35  -46  0
-19  1  -2  0
51  28  21  0
-12  -18  7  0
8  -31  -57  0
-60  15  22  0
-7  -27  44  0
-24  -27  37  0
-33  46  -26  0
-13  -32  7  0
-55  -15  51  0
-57  20  -42  0
32  -44  -52  0
51  -22  48  0
-26  21  7  0
-25  49  15  0
-38  4  -32  0
4  3  -9  0
40  57  -42  0
-43  9  -23  0
-42  11  -33  0
-8  -41  -25  0
19  -21  15  0
29  7  52  0
-42  -8  -47  0
24  15  5  0
6  -51  13  0
-8  -52  -32  0
51  14  -57  0
-55  30  14  0
-40  38  22  0
32  36  -22  0
-21  -46  -60  0
-35  -29  -45  0
49  -27  24  0
51  -21  44  0
-47  5  -56  0
-44  29  -1  0
45  -55  -54  0
-48  7  58  0
-39  10  -46  0
-29  -4  21  0
32  -44  57  0
24  58  8  0
-59  45  22  0
-23  52  29  0
-57  -1  54  0
55  -32  25  0
-56  58  51  0
-37  49  -25  0
-26  33  35  0
58  10  31  0
