c mkcnf random cnf with seed 826695, max clause length 3
c FORCED SATISFIABLE
c 
p cnf 60  258
59  22  30  0
-30  -47  4  0
-4  18  13  0
44  -20  -27  0
51  -47  54  0
23  -31  -35  0
51  -38  -60  0
34  -59  21  0
48  53  27  0
-52  -5  -8  0
-30  29  -32  0
4  21  -2  0
-38  -17  44  0
-49  48  19  0
-30  -4  -27  0
37  32  45  0
-14  -41  -40  0
45  -38  -25  0
-59  -57  26  0
38  44  49  0
-40  1  34  0
-59  15  -44  0
53  -26  -22  0
-21  -24  -28  0
-54  -27  -48  0
35  -27  -51  0
8  24  47  0
32  10  -21  0
-1  -43  55  0
-4  26  -55  0
31  1  3  0
48  49  -31  0
-54  -4  17  0
16  -45  -33  0
58  -9  55  0
27  58  -17  0
-13  -17  -29  0
-56  -29  22  0
-15  -44  49  0
-12  -32  27  0
15  -48  -9  0
42  -58  -8  0
46  51  -32  0
-7  -46  35  0
3  -9  18  0
25  59  57  0
-58  59  -19  0
18  -46  -20  0
19  -32  17  0
52  -44  57  0
-60  -21  20  0
45  -4  -1  0
26  24  -12  0
-36  -5  30  0
57  33  -30  0
-16  -59  -45  0
-8  58  -4  0
50  -10  -17  0
-47  -12  -59  0
28  -44  -25  0
42  46  39  0
-5  -45  -40  0
-9  46  -4  0
-4  17  -41  0
40  -44  -57  0
-41  33  7  0
32  -15  -37  0
-56  53  21  0
51  -2  31  0
-18  -27  14  0
15  10  45  0
-5  -54  25  0
-26  -7  42  0
-49  16  13  0
-60  -5  9  0
59  43  4  0
34  -55  22  0
42  -39  2  0
-37  -41  32  0
-25  23  -16  0
-33  -9  -42  0
36  -6  -8  0
5  6  50  0
-46  -39  54  0
6  -40  7  0
10  -12  43  0
52  12  -55  0
-55  56  -38  0
47  26  -49  0
-33  24  31  0
37  6  32  0
-8  -19  45  0
50  -13  -43  0
42  20  -24  0
-45  -58  -18  0
25  -26  -59  0
52  -60  -23  0
-2  -59  24  0
-9  3  -32  0
29  24  15  0
36  -34  -3  0
-23  -9  33  0
-6  -16  -23  0
60  -57  13  0
-19  35  -56  0
-27  -2  -23  0
-10  -4  -48  0
10  20  -60  0
-14  47  9  0
4  -48  59  0
12  -29  35  0
-45  -52  6  0
25  -52  2  0
8  -36  -42  0
-48  -17  -39  0
-39  14  51  0
-48  -33  -57  0
42  35  57  0
7  -12  16  0
-40  2  24  0
-18  38  47  0
50  -6  -45  0
60  18  -12  0
-51  -25  45  0
30  -13  -6  0
17  16  -38  0
-14  6  -53  0
43  60  7  0
59  -21  -31  0
24  -12  17  0
-13  37  45  0
41  -47  -25  0
-36  19  -12  0
-45  29  -55  0
-42  24  -29  0
8  -13  -5  0
-49  -16  -9  0
51  -58  -12  0
-29  -10  -6  0
22  -43  -44  0
15  -44  -56  0
-49  -41  43  0
19  26  40  0
-16  -50  -40  0
-54  -18  32  0
24  -30  50  0
52  -7  26  0
-31  30  -54  0
17  -34  42  0
18  14  59  0
-44  -37  60  0
-55  -25  36  0
-53  -5  20  0
5  -31  45  0
-9  47  -60  0
-37  -17  -22  0
31  -35  3  0
-43  -28  -4  0
31  -6  2  0
-41  -5  50  0
-40  -58  -3  0
51  26  3  0
-37  -1  6  0
-29  38  17  0
55  -5  54  0
-29  19  -14  0
-54  -58  -37  0
-14  -4  -31  0
51  35  -38  0
45  -48  10  0
-49  -50  17  0
-59  22  13  0
26  -5  -31  0
-46  4  -35  0
2  14  -9  0
-26  31  -19  0
-46  16  -34  0
23  6  14  0
-23  -19  -49  0
-3  59  -24  0
34  -37  -24  0
-53  -38  3  0
2  9  -19  0
-18  43  -23  0
-25  50  24  0
27  -1  54  0
-23  -50  -45  0
-56  29  44  0
37  -6  40  0
-16  1  15  0
-8  -13  -10  0
29  -14  27  0
7  -19  -34  0
56  -20  -38  0
29  -58  12  0
37  29  28  0
-12  48  -1  0
-27  -30  34  0
22  53  46  0
-51  -18  -28  0
-4  -53  31  0
-7  -52  40  0
54  -60  -44  0
-17  40  -31  0
-10  60  33  0
-55  35  19  0
-9  4  3  0
-56  -32  -6  0
2  -51  24  0
8  -40  50  0
21  -31  20  0
-31  14  39  0
47  -48  -5  0
-3  -37  -2  0
-48  -41  44  0
22  7  39  0
17  23  -3  0
28  23  45  0
-13  -10  -50  0
17  25  -18  0
25  2  4  0
41  -25  26  0
-31  56  1  0
-55  -30  -11  0
-11  -34  1  0
39  23  5  0
-28  -6  -3  0
43  18  -20  0
15  7  56  0
9  -28  -1  0
17  44  24  0
-50  -57  -58  0
59  29  -5  0
34  2  -56  0
-2  8  12  0
8  11  34  0
39  -53  12  0
-14  4  -11  0
-10  -29  57  0
-52  -22  -9  0
37  32  -49  0
-41  -36  -13  0
5  -27  -51  0
37  47  23  0
30  57  10  0
-41  36  9  0
-27  -57  23  0
-53  46  -49  0
45  -11  30  0
13  38  -37  0
-27  36  -54  0
47  -39  -53  0
5  -28  37  0
42  1  -23  0
-60  -15  3  0
-50  30  -52  0
-36  15  -57  0
9  6  -40  0
