c mkcnf random cnf with seed 826640, max clause length 3
c FORCED SATISFIABLE
c 
p cnf 60  258
-60  -33  -18  0
-1  -10  -17  0
35  -2  -18  0
41  -30  -17  0
-36  39  34  0
-33  56  -18  0
-36  59  14  0
50  -45  30  0
44  37  55  0
13  57  51  0
26  -5  32  0
30  13  37  0
25  38  -59  0
35  34  18  0
-16  38  -25  0
43  -18  -33  0
49  -1  -28  0
-32  -59  16  0
23  51  40  0
-42  -22  30  0
24  -9  14  0
-9  -33  -25  0
42  28  -56  0
-46  11  -58  0
45  -47  28  0
-44  -24  -42  0
-6  -9  -21  0
38  18  53  0
-56  -50  45  0
-43  16  32  0
34  46  -55  0
-57  -54  -6  0
-56  -47  -52  0
12  -25  -6  0
-37  -27  -7  0
-37  29  16  0
29  -47  -31  0
22  -14  37  0
23  -32  -40  0
-10  -15  -31  0
-8  -26  48  0
-58  55  -38  0
46  -5  26  0
13  -7  50  0
8  -23  -55  0
-3  22  7  0
15  51  -27  0
37  40  -15  0
-26  36  -57  0
21  36  -34  0
6  9  -39  0
6  -8  -11  0
46  -15  7  0
41  27  36  0
-36  7  26  0
-18  54  -35  0
-29  55  49  0
25  3  -13  0
45  6  -55  0
39  48  60  0
16  57  2  0
-31  52  5  0
3  38  -52  0
32  -5  7  0
-40  -39  -58  0
8  -19  -4  0
-14  23  -58  0
25  -13  -31  0
13  42  -33  0
-46  24  6  0
16  17  5  0
-6  50  22  0
-26  45  -41  0
-46  -51  -21  0
5  56  58  0
-37  -10  18  0
-52  -47  -12  0
57  58  28  0
34  47  -2  0
-21  14  30  0
-15  -7  -60  0
-15  18  35  0
-39  48  -45  0
38  -22  55  0
2  -32  -40  0
-3  30  -31  0
23  37  8  0
-4  -35  -11  0
-13  -40  29  0
3  10  -39  0
41  50  -55  0
11  36  27  0
-51  21  14  0
-21  22  54  0
-55  5  56  0
10  14  57  0
-50  19  56  0
-2  3  -22  0
5  58  15  0
34  -47  21  0
-21  42  -38  0
-41  -6  -37  0
35  20  27  0
50  -27  -33  0
-1  55  6  0
-3  56  -16  0
-1  55  -3  0
-47  41  -29  0
-45  -43  2  0
19  -10  -52  0
47  -41  -10  0
11  -15  29  0
29  -18  19  0
15  -17  -10  0
-7  33  -60  0
-45  -46  12  0
8  -36  42  0
-49  -10  35  0
49  -26  36  0
-40  53  14  0
-17  21  -41  0
-43  56  -15  0
-29  -49  52  0
-16  -24  31  0
-19  46  -9  0
53  39  -56  0
32  -37  25  0
-28  -45  -9  0
-12  56  24  0
-41  12  -37  0
33  18  -25  0
5  57  -10  0
-35  47  -39  0
14  -39  34  0
-23  -38  -9  0
-43  -2  -16  0
43  13  -2  0
5  -16  47  0
36  -4  -50  0
-14  -24  56  0
-30  -50  56  0
-59  -51  -32  0
-33  -22  -41  0
32  5  -26  0
-22  48  -25  0
60  -57  36  0
-23  -12  14  0
-14  -50  -34  0
-56  45  -32  0
55  -51  39  0
50  22  56  0
-11  -54  42  0
46  57  -1  0
52  -13  38  0
6  -51  9  0
-28  33  1  0
-18  2  -27  0
-37  19  -39  0
-1  -51  16  0
-9  -38  8  0
-43  5  -35  0
30  21  10  0
27  13  49  0
-52  -47  36  0
-4  42  50  0
55  -26  43  0
-32  3  29  0
-2  -58  31  0
14  27  55  0
-12  7  32  0
11  56  39  0
3  -36  49  0
-35  14  13  0
-49  32  -50  0
60  8  45  0
6  -35  -45  0
29  -32  -46  0
50  -41  39  0
-47  -22  -55  0
7  -48  6  0
60  38  44  0
28  10  46  0
51  6  -50  0
14  -34  -43  0
-24  -51  8  0
8  -46  27  0
-50  -28  49  0
-44  41  -32  0
55  31  35  0
52  23  55  0
-55  -44  -10  0
32  18  42  0
-57  -35  37  0
18  31  -28  0
-4  10  -7  0
-60  42  4  0
54  -59  51  0
35  56  -1  0
41  -10  4  0
-10  17  9  0
-45  19  17  0
-51  58  -24  0
-22  43  26  0
-58  54  -6  0
34  -24  21  0
-30  -58  55  0
-40  -47  -4  0
-21  -36  29  0
-28  -1  52  0
35  33  -17  0
39  34  -2  0
23  -19  13  0
-29  19  -48  0
-40  50  -30  0
-30  -52  45  0
-15  16  -5  0
51  -57  -5  0
37  12  -4  0
30  32  56  0
-32  -59  52  0
22  -16  20  0
-40  16  -52  0
-42  -39  33  0
-28  -24  15  0
39  56  25  0
21  -56  19  0
-56  18  -60  0
-34  -22  -24  0
14  -29  17  0
56  -43  -52  0
2  50  17  0
-47  51  34  0
3  18  59  0
-16  30  -25  0
-49  35  38  0
22  -7  -32  0
3  45  -15  0
2  -23  11  0
44  -4  36  0
2  41  -31  0
-2  -27  46  0
52  51  2  0
47  -18  31  0
37  23  4  0
-60  14  18  0
-48  -15  44  0
-9  43  -51  0
-16  3  -43  0
34  10  -13  0
-53  -28  32  0
49  -24  20  0
20  7  10  0
-50  3  -34  0
-36  45  -29  0
43  38  -56  0
14  35  -56  0
-60  -13  34  0
49  -29  -20  0
