c mkcnf random cnf with seed 826679, max clause length 3
c FORCED SATISFIABLE
c 
p cnf 60  258
-22  -20  58  0
-57  -2  -44  0
-8  -15  10  0
-39  45  -29  0
-53  -18  -4  0
-11  -47  54  0
11  6  -41  0
35  2  -53  0
-13  -22  23  0
20  -53  21  0
-42  -32  -41  0
13  -59  11  0
47  -24  -17  0
33  36  2  0
50  -44  11  0
32  -33  20  0
8  57  -18  0
6  -30  -1  0
37  -58  -22  0
-16  55  20  0
49  32  -26  0
-17  9  48  0
-41  44  35  0
-19  -28  17  0
-16  -40  -22  0
17  -29  2  0
-56  -21  41  0
-18  -21  16  0
-15  46  -6  0
-52  59  60  0
-11  40  -56  0
6  -50  14  0
-7  -58  -10  0
32  53  12  0
-54  -5  11  0
4  -38  23  0
-57  -17  -53  0
30  24  32  0
-8  -45  -16  0
-57  -37  59  0
-56  -50  -8  0
-18  6  59  0
38  23  46  0
27  -58  20  0
9  2  -28  0
-25  11  49  0
26  45  40  0
33  -28  -47  0
-53  -18  49  0
-32  22  -14  0
-48  22  -33  0
-41  46  54  0
32  41  -51  0
50  -57  -1  0
-2  -1  -37  0
-38  3  -5  0
42  -8  57  0
39  -38  -36  0
-1  47  -24  0
-18  -5  49  0
-53  26  -59  0
28  41  -55  0
-40  7  -22  0
10  35  -12  0
-51  -35  -39  0
-60  -48  37  0
-7  20  -5  0
-21  -19  -42  0
5  -36  12  0
-28  5  -15  0
-46  -29  39  0
44  19  2  0
42  37  -48  0
32  56  24  0
21  56  27  0
-5  -2  27  0
9  28  -24  0
-60  32  -7  0
26  50  23  0
60  -8  -28  0
28  -19  12  0
4  21  -34  0
-15  57  -18  0
-12  -24  8  0
3  -26  12  0
56  15  19  0
25  12  -23  0
-22  15  -38  0
-12  47  -49  0
-58  -7  -1  0
-55  51  -5  0
22  1  26  0
29  -20  7  0
-4  54  -25  0
-21  18  40  0
-58  -19  -43  0
-4  45  -29  0
54  3  48  0
-55  -56  -23  0
57  -41  54  0
36  12  -23  0
-29  -20  38  0
33  -26  51  0
20  24  5  0
-35  53  -33  0
40  -45  -19  0
49  -9  -13  0
37  21  59  0
-52  -35  -46  0
-58  -20  16  0
-43  -46  -54  0
-1  -36  44  0
-8  46  55  0
50  -38  -1  0
48  1  59  0
-47  39  16  0
-36  35  44  0
4  -30  -35  0
-19  40  58  0
-13  -58  -14  0
-34  52  44  0
-23  -14  -37  0
32  -8  -43  0
57  -49  -9  0
45  19  -34  0
-36  29  -57  0
60  -39  -11  0
18  -46  -45  0
49  52  60  0
27  -17  60  0
-22  4  -2  0
2  -4  39  0
-42  -21  -10  0
21  6  -58  0
-5  56  21  0
35  17  40  0
29  44  17  0
-25  39  -54  0
-12  -19  -33  0
-55  -25  7  0
-17  -47  -45  0
33  60  -55  0
5  -26  -25  0
-47  -35  42  0
-45  17  32  0
-36  47  -24  0
38  -26  3  0
-21  42  -38  0
9  -58  -56  0
-40  -43  -58  0
25  24  46  0
5  -55  20  0
50  -55  45  0
23  39  -9  0
59  10  15  0
-42  34  1  0
36  -2  -47  0
-25  11  -7  0
44  40  -12  0
39  42  19  0
29  5  60  0
33  -13  -16  0
-33  39  44  0
4  -3  -7  0
-59  31  -21  0
2  22  -42  0
15  13  -26  0
-17  -52  48  0
-54  48  -16  0
-21  38  20  0
-12  2  16  0
45  -51  -57  0
-18  -29  41  0
36  21  -13  0
-59  3  -7  0
40  22  -21  0
-20  2  -35  0
6  11  -26  0
18  35  -7  0
36  -30  -57  0
45  -44  36  0
9  1  40  0
20  42  -45  0
-59  -44  -13  0
-33  38  -14  0
-5  -4  -33  0
-37  40  1  0
43  -29  -47  0
39  25  33  0
-15  22  52  0
-11  33  26  0
39  -55  -43  0
55  -37  -52  0
-23  -12  13  0
-23  9  -47  0
-60  9  -43  0
49  31  -6  0
57  50  -54  0
17  -52  -3  0
-41  -31  33  0
34  12  -60  0
-39  31  37  0
57  -39  -1  0
53  -5  -13  0
54  -24  -58  0
26  -25  -54  0
-19  32  -26  0
-24  -27  -25  0
-45  -23  32  0
13  3  -1  0
-42  39  -52  0
54  -11  -34  0
-20  -51  36  0
-4  -23  41  0
51  -22  -6  0
-23  -48  16  0
31  21  -32  0
43  -2  36  0
-49  -32  5  0
58  41  -1  0
30  27  -26  0
36  30  44  0
28  4  -35  0
5  -12  19  0
36  10  47  0
3  -43  34  0
-35  15  -23  0
-14  25  48  0
54  5  -37  0
31  -54  -40  0
-5  4  -24  0
29  -50  17  0
31  -18  -37  0
-10  -17  -40  0
-38  34  1  0
34  57  -20  0
-59  -56  -27  0
-32  14  -38  0
-56  -10  -43  0
-15  45  25  0
-8  -38  29  0
-9  -8  58  0
42  9  -39  0
49  12  -43  0
-15  6  58  0
28  -21  -13  0
36  18  -38  0
24  42  17  0
-28  48  -15  0
18  -34  2  0
41  -58  -18  0
41  -1  27  0
14  -38  -46  0
9  -14  25  0
-48  47  -35  0
-59  -57  -9  0
42  46  -59  0
-19  -21  -9  0
