c mkcnf random cnf with seed 826686, max clause length 3
c FORCED SATISFIABLE
c 
p cnf 60  258
31  2  34  0
-39  37  22  0
3  -11  15  0
-33  -52  21  0
-28  -53  60  0
49  -23  -8  0
-40  -25  -53  0
19  59  -38  0
30  -43  -22  0
34  -28  16  0
-31  -1  -16  0
-48  -34  27  0
-16  -20  -1  0
-39  -4  -54  0
9  -42  20  0
-21  36  -15  0
13  -40  -4  0
19  -34  -46  0
22  43  -55  0
-49  30  25  0
-60  -37  31  0
-56  43  -2  0
48  17  -45  0
47  3  -5  0
-23  -59  21  0
53  34  8  0
-14  53  -3  0
17  -27  13  0
-51  46  18  0
52  -25  13  0
-36  -12  -48  0
10  50  -60  0
46  2  8  0
-46  6  -45  0
30  -15  9  0
46  5  -13  0
-13  -3  -37  0
-31  -4  6  0
24  20  9  0
-38  -17  47  0
13  -60  -48  0
-32  3  57  0
-32  4  -12  0
42  -26  -33  0
13  56  11  0
-41  -48  -50  0
-42  -4  56  0
-28  38  42  0
32  -16  15  0
19  33  -37  0
9  3  33  0
-8  -30  -13  0
-24  -36  -27  0
58  -2  51  0
46  -5  33  0
-29  38  -33  0
-10  46  -15  0
11  22  44  0
-7  17  -45  0
9  21  -20  0
4  46  -28  0
30  -4  5  0
-23  -56  1  0
25  22  -9  0
30  49  -35  0
21  -26  11  0
16  -55  60  0
-20  -36  -43  0
26  -36  -8  0
15  57  5  0
3  47  52  0
-58  -34  -53  0
-45  -28  -24  0
45  57  56  0
-56  58  -33  0
22  56  4  0
-10  -19  42  0
-37  -51  -11  0
25  -53  4  0
-40  53  -37  0
33  16  35  0
-20  -5  -56  0
-46  -25  42  0
14  -42  18  0
-37  -26  40  0
-35  -53  58  0
7  32  14  0
-60  36  -25  0
-14  44  -51  0
-20  -2  -55  0
-52  2  -15  0
-46  -5  -19  0
-28  -50  56  0
-10  -35  21  0
55  -2  15  0
29  -28  17  0
20  37  48  0
-48  21  -3  0
-37  60  36  0
56  57  46  0
-49  22  -37  0
53  1  7  0
44  54  25  0
56  -21  -24  0
-13  -55  54  0
-20  -45  32  0
50  31  51  0
32  -47  12  0
23  57  -2  0
2  28  26  0
-19  25  -38  0
-28  -32  47  0
15  4  35  0
40  19  -1  0
-14  43  -12  0
-43  56  -36  0
-33  23  45  0
35  -54  47  0
1  -45  48  0
-17  -54  -40  0
36  -35  44  0
-20  -44  -50  0
2  -51  58  0
3  -28  -55  0
-2  20  19  0
35  -38  -19  0
-29  28  -4  0
-40  -31  -14  0
-33  59  -51  0
39  -7  -22  0
38  58  -49  0
15  49  -39  0
47  30  -51  0
57  -22  -60  0
43  50  34  0
-21  -13  -20  0
-30  32  39  0
17  -40  -12  0
50  -6  49  0
-14  -25  -55  0
-45  -43  30  0
-4  24  -57  0
-46  -38  -27  0
56  52  -34  0
-13  58  43  0
48  -44  29  0
-9  12  20  0
22  -26  17  0
-3  35  -55  0
-38  44  -40  0
-25  14  49  0
33  44  24  0
25  -19  -44  0
43  10  56  0
8  -16  -20  0
8  18  50  0
-5  24  -9  0
-60  13  -41  0
42  10  -30  0
14  57  -38  0
40  -33  42  0
-41  45  52  0
6  60  10  0
-14  -40  36  0
-7  -41  -13  0
60  47  -21  0
-8  6  21  0
48  12  -1  0
-48  15  -50  0
40  -1  -17  0
-2  51  -49  0
33  -37  35  0
8  -49  -24  0
6  -43  51  0
12  -17  -7  0
-56  51  34  0
-25  40  34  0
6  -13  -16  0
33  30  -5  0
-27  22  20  0
12  -14  -29  0
39  43  -8  0
-20  36  54  0
-18  20  -42  0
-7  41  29  0
-59  20  49  0
-32  25  -1  0
8  30  -29  0
7  -47  44  0
25  37  -15  0
-9  -38  -42  0
-51  -52  57  0
16  -51  -10  0
50  13  10  0
-26  -56  8  0
48  33  14  0
39  -46  -54  0
-35  -8  -21  0
-5  -41  -8  0
12  8  50  0
32  14  -51  0
44  -21  57  0
17  -7  16  0
22  8  -24  0
60  -29  28  0
30  5  46  0
48  17  -59  0
50  18  -58  0
7  -4  18  0
50  -18  -44  0
46  31  41  0
21  -36  48  0
56  -50  14  0
-17  -28  39  0
-7  -43  -41  0
18  8  36  0
15  -22  8  0
-32  1  -24  0
57  15  44  0
-48  9  13  0
-22  -32  -46  0
51  -56  -20  0
7  34  47  0
-50  27  -11  0
-42  -17  -46  0
-16  -36  47  0
18  -5  8  0
35  -28  -44  0
-3  -42  1  0
32  3  -49  0
-41  -51  -60  0
-2  10  21  0
-41  -46  -50  0
-48  -31  -7  0
15  -52  6  0
27  -4  -20  0
-38  11  9  0
-39  32  -28  0
59  -36  -43  0
13  27  19  0
37  -58  34  0
-38  -37  -29  0
-24  50  5  0
-5  -19  24  0
15  11  50  0
57  -32  -42  0
-9  37  25  0
24  33  -47  0
-4  41  -18  0
-32  22  -19  0
40  32  -28  0
-35  -21  -25  0
-50  -27  53  0
-41  32  -4  0
-51  54  9  0
22  -2  -4  0
22  -48  -35  0
49  -24  -9  0
