c mkcnf random cnf with seed 826674, max clause length 3
c FORCED SATISFIABLE
c 
p cnf 60  258
33  -16  40  0
19  54  30  0
-17  6  47  0
22  -32  31  0
-36  5  -31  0
14  -30  -57  0
18  -40  -10  0
-28  7  53  0
-24  25  12  0
-2  18  21  0
-50  14  -19  0
-37  -25  -57  0
-30  -9  34  0
15  -60  -44  0
44  -31  -14  0
-18  -33  -39  0
-41  -8  43  0
45  -9  27  0
-25  19  47  0
-4  17  -13  0
22  -49  -1  0
-31  -20  5  0
60  -50  29  0
-42  20  2  0
48  -24  58  0
48  55  -42  0
24  8  -42  0
23  14  -1  0
-6  29  -49  0
-41  -43  -51  0
38  -35  1  0
-19  22  21  0
-34  -31  26  0
-14  -29  -60  0
-1  33  26  0
57  5  40  0
36  -22  20  0
-59  -23  -53  0
-32  -56  44  0
1  46  53  0
23  -43  4  0
17  36  31  0
-9  -37  -21  0
5  55  -32  0
50  39  -58  0
-59  -54  27  0
-37  -26  25  0
-7  -18  40  0
-51  16  39  0
-22  -24  12  0
21  18  -54  0
31  -11  -3  0
-30  -23  -38  0
-53  -13  15  0
-42  52  -6  0
-56  -26  -57  0
-18  29  43  0
51  -20  38  0
-31  41  -12  0
-23  -25  5  0
-22  -45  -55  0
38  32  -27  0
-14  35  53  0
-9  51  -34  0
4  -6  -25  0
3  41  -34  0
-52  1  58  0
38  52  9  0
24  -44  -56  0
56  -42  -59  0
-16  52  -48  0
48  55  1  0
13  31  -6  0
-51  24  -49  0
15  35  43  0
-6  40  -5  0
-28  -34  50  0
8  53  -32  0
-37  -29  27  0
-3  11  51  0
-2  -4  25  0
43  -34  -57  0
-35  15  29  0
43  -49  -40  0
-40  23  31  0
4  -17  -24  0
-51  -17  19  0
50  -41  10  0
-24  -43  -56  0
11  -6  -9  0
17  -37  -58  0
28  9  5  0
-58  -50  -56  0
26  -44  -48  0
-34  39  4  0
34  -4  -23  0
6  -37  8  0
-51  14  -36  0
20  -45  27  0
30  36  27  0
-39  -20  -55  0
-35  18  46  0
-20  48  25  0
27  10  -59  0
-5  -22  -42  0
17  -19  -33  0
-1  -18  -41  0
27  6  36  0
35  20  -44  0
-60  11  -33  0
59  11  6  0
-9  10  55  0
-49  31  52  0
40  -10  6  0
-36  -37  17  0
3  60  -45  0
-6  -46  -9  0
-28  -58  -3  0
-2  -59  -60  0
-54  41  -8  0
-59  49  41  0
15  -30  -39  0
20  -43  9  0
-25  -44  32  0
-51  -11  30  0
-22  -2  27  0
34  -2  -42  0
-7  39  -10  0
39  48  -43  0
-25  9  -38  0
-56  3  42  0
58  41  48  0
7  -55  -45  0
-12  -14  -37  0
-32  -27  52  0
-17  -54  -23  0
44  1  -41  0
19  8  26  0
-13  -11  26  0
25  -20  27  0
58  -6  46  0
-24  -57  -21  0
-7  -4  20  0
-45  40  -32  0
47  -60  -44  0
57  9  -36  0
-53  -41  10  0
26  -49  -17  0
-32  -19  11  0
26  41  -45  0
16  49  -26  0
26  -22  -42  0
50  5  23  0
-30  51  -19  0
30  -6  -32  0
-32  -8  39  0
55  43  -19  0
18  -11  23  0
-15  8  -42  0
47  -44  39  0
-1  -57  -19  0
53  5  26  0
-34  57  -12  0
59  21  12  0
-19  52  33  0
53  -51  54  0
34  3  -38  0
-12  37  -17  0
14  -47  -6  0
39  -59  -42  0
-48  3  -44  0
-55  48  -28  0
-54  -9  55  0
-10  49  -42  0
-6  -58  35  0
-60  4  -25  0
20  -34  -38  0
35  39  -46  0
-30  21  -38  0
-17  -16  -31  0
-31  -9  -29  0
42  56  -7  0
-26  -42  54  0
-24  40  59  0
47  -14  -4  0
-33  23  -24  0
28  55  48  0
1  13  29  0
15  -41  36  0
-35  25  -8  0
-36  52  31  0
-29  16  -34  0
-13  39  -34  0
-4  -11  22  0
10  12  60  0
-24  18  43  0
-6  29  56  0
-6  59  -31  0
-49  -14  17  0
-22  32  10  0
-48  -43  46  0
12  -37  -5  0
44  52  -22  0
11  52  28  0
-41  48  -47  0
-36  -23  7  0
60  10  42  0
31  -7  -25  0
36  -3  37  0
-58  8  -33  0
-21  32  2  0
23  -20  -40  0
-54  24  -22  0
-16  -7  3  0
4  9  -47  0
-14  -28  8  0
36  -39  27  0
38  17  14  0
51  -48  21  0
50  30  -13  0
-41  -3  -44  0
-27  14  33  0
-2  -44  -21  0
35  36  9  0
2  4  52  0
14  -26  -21  0
-36  -33  39  0
16  -24  53  0
12  -21  48  0
32  -41  8  0
-35  -57  -39  0
30  -36  -3  0
-31  46  -60  0
23  -47  46  0
-25  -11  -6  0
58  -48  11  0
27  39  -23  0
-39  22  48  0
-45  27  -40  0
-17  33  46  0
-38  -8  -56  0
9  -7  -20  0
-47  -34  -1  0
23  -42  46  0
-52  -31  -23  0
-21  3  43  0
-1  -7  14  0
-35  17  10  0
33  28  -16  0
31  58  -50  0
53  26  -27  0
-31  -56  -59  0
-5  -37  30  0
58  8  -55  0
-18  -15  -35  0
-47  32  26  0
-13  33  -59  0
16  17  41  0
