c mkcnf random cnf with seed 826677, max clause length 3
c FORCED SATISFIABLE
c 
p cnf 60  258
3  -42  -39  0
8  -56  -30  0
43  -15  36  0
26  -29  -51  0
25  -13  -2  0
-29  -53  -47  0
-43  -59  28  0
38  -37  14  0
59  50  37  0
2  35  23  0
29  -51  8  0
3  19  -60  0
-54  -59  23  0
-23  -39  49  0
-6  8  56  0
-43  58  -18  0
-50  18  -54  0
1  45  -29  0
-29  8  19  0
-17  8  32  0
49  -46  -38  0
-57  38  55  0
54  29  49  0
54  35  3  0
18  19  50  0
60  59  -21  0
-25  -8  -27  0
39  -1  -10  0
12  46  33  0
58  11  54  0
57  -1  -53  0
13  28  -16  0
12  -36  -19  0
33  -25  -35  0
38  -43  -9  0
-23  58  15  0
17  23  3  0
2  45  4  0
-2  3  18  0
4  -26  32  0
-1  58  -21  0
-33  -39  18  0
-43  -56  10  0
-32  -19  60  0
32  -44  -24  0
35  -60  -45  0
-15  -49  -9  0
-35  44  10  0
55  -2  28  0
28  -8  27  0
-14  -35  19  0
38  -54  50  0
2  13  -26  0
41  45  -6  0
44  -26  -19  0
59  -15  -23  0
-32  -51  53  0
4  -1  -5  0
-16  -33  -9  0
18  11  48  0
20  4  -8  0
60  58  -6  0
1  33  -13  0
-7  -28  3  0
3  58  -15  0
20  -36  -31  0
6  -43  20  0
-10  60  57  0
-28  32  9  0
5  4  -43  0
-36  37  -33  0
-7  -37  60  0
-24  -1  37  0
-7  57  12  0
-59  41  -16  0
-57  58  -36  0
-47  -53  -44  0
6  -49  -38  0
25  -4  -58  0
-60  -45  -50  0
18  -22  53  0
21  -45  -58  0
-13  4  -46  0
-39  44  -38  0
49  8  29  0
34  -52  -27  0
-22  -24  41  0
22  10  46  0
-54  -59  15  0
-58  -20  16  0
-7  -60  -15  0
52  41  -36  0
-13  12  54  0
7  -18  -42  0
49  -59  43  0
-2  -57  -37  0
60  -29  -21  0
1  27  -45  0
2  -3  44  0
-11  -47  -40  0
52  -7  -11  0
-8  45  30  0
-60  25  -49  0
-49  30  -40  0
44  58  8  0
-59  -10  57  0
-51  -33  17  0
52  40  -16  0
-50  15  -42  0
-12  11  44  0
-56  31  5  0
-32  -17  41  0
41  -7  5  0
-57  -5  34  0
-7  59  52  0
32  48  16  0
34  -46  -58  0
14  41  -3  0
45  31  59  0
54  25  2  0
15  58  -54  0
-49  20  -16  0
29  -47  58  0
31  16  -27  0
-21  -56  13  0
30  -6  13  0
12  -43  -11  0
19  -27  23  0
-17  -28  -49  0
54  -53  -31  0
-47  -44  -27  0
-56  -26  -30  0
-38  -40  -5  0
43  -37  30  0
-18  -36  -31  0
26  -29  -14  0
-34  23  29  0
-10  -1  39  0
-44  25  -55  0
-51  -40  -3  0
29  25  1  0
29  -25  -50  0
-56  -49  -34  0
56  49  -25  0
-9  -20  -37  0
-32  -49  -46  0
-41  10  -50  0
-8  -2  14  0
17  6  -20  0
42  52  38  0
-9  -48  43  0
28  -19  -38  0
56  -60  -44  0
12  -8  -47  0
-13  27  -1  0
24  -31  -58  0
-44  -51  27  0
6  -50  55  0
33  17  59  0
5  18  36  0
-49  -17  16  0
-48  18  24  0
-50  -57  42  0
-58  -35  6  0
29  -49  45  0
40  27  13  0
57  -10  -59  0
16  -37  40  0
-1  49  52  0
-46  -44  -55  0
11  59  41  0
-40  19  3  0
36  31  -44  0
-56  -60  31  0
60  4  -31  0
-2  -23  -39  0
-55  29  42  0
-39  -26  15  0
-20  5  -24  0
-34  26  -60  0
-58  -44  -52  0
45  50  17  0
-34  -3  -58  0
11  -57  -58  0
-45  58  -30  0
7  -21  55  0
-3  -57  -6  0
-23  18  21  0
-9  54  27  0
58  4  7  0
-13  6  57  0
-4  20  24  0
-60  -7  44  0
-23  51  26  0
44  57  -23  0
-26  28  -58  0
-31  30  13  0
-42  -40  57  0
-10  48  50  0
47  -31  -35  0
-4  -14  -59  0
-30  -27  42  0
42  -6  -48  0
-14  35  -30  0
17  21  35  0
20  -2  39  0
55  23  41  0
-11  21  8  0
-29  25  -50  0
43  59  -44  0
-7  30  -43  0
-35  -31  -17  0
-8  52  -53  0
27  28  39  0
58  46  -12  0
23  24  -41  0
18  26  34  0
2  -49  3  0
-13  5  -51  0
-23  17  16  0
29  1  -22  0
10  12  26  0
-36  -28  -8  0
-32  -54  49  0
-26  45  11  0
22  -24  -32  0
59  38  33  0
-52  45  -57  0
-28  3  6  0
20  11  6  0
-20  60  54  0
-55  -11  51  0
46  -57  -18  0
15  59  -46  0
50  53  -49  0
10  -13  37  0
-15  -48  43  0
60  -55  -59  0
47  -1  -57  0
-10  -33  23  0
-11  37  58  0
-28  11  -55  0
32  -20  59  0
27  30  40  0
44  37  -11  0
17  11  -19  0
39  -20  2  0
25  1  -24  0
12  60  2  0
-19  -60  -57  0
-34  38  -13  0
59  31  58  0
21  -31  30  0
-56  -19  -58  0
2  28  -52  0
-12  -3  -17  0
10  14  -6  0
7  -9  -3  0
