c mkcnf random cnf with seed 826700, max clause length 3
c FORCED SATISFIABLE
c 
p cnf 60  258
-48  -27  47  0
53  -24  32  0
-30  25  -45  0
-16  -2  15  0
31  -9  -39  0
-55  16  -36  0
-50  -57  39  0
-29  8  6  0
-41  56  -55  0
54  -23  -12  0
22  -19  -52  0
4  21  51  0
22  45  60  0
19  -28  54  0
55  -58  35  0
19  53  56  0
-44  -28  41  0
-54  8  -53  0
34  -52  11  0
-13  58  53  0
39  34  54  0
15  -4  -45  0
-16  4  10  0
39  35  -20  0
20  31  42  0
13  52  -30  0
15  27  14  0
-31  51  5  0
33  43  16  0
-16  37  -54  0
3  21  49  0
-53  -25  -58  0
-27  -41  26  0
-48  -26  -2  0
-40  32  18  0
-11  15  -22  0
37  -53  -39  0
4  35  1  0
37  -19  -52  0
23  37  3  0
-21  57  56  0
-30  38  -8  0
-18  10  28  0
21  50  48  0
-5  15  -49  0
-50  -19  -45  0
-4  17  -28  0
-52  -24  2  0
-9  -57  -36  0
-33  -45  55  0
-10  2  1  0
29  -51  -20  0
38  -27  26  0
-8  16  11  0
24  -15  11  0
-41  21  -10  0
43  -13  -17  0
44  24  -33  0
47  43  52  0
-37  44  14  0
-12  3  45  0
-25  12  55  0
56  37  52  0
-23  -3  57  0
-57  -4  18  0
-17  -54  -27  0
-58  -14  35  0
10  46  31  0
9  22  -30  0
-17  27  51  0
14  -57  -3  0
51  -39  -7  0
52  -42  -23  0
-37  6  58  0
-53  -47  22  0
2  -41  5  0
4  6  44  0
21  2  -29  0
-44  -56  -12  0
-32  -57  1  0
42  35  30  0
27  32  -6  0
52  -55  -35  0
3  -9  27  0
-18  14  -17  0
31  -56  -46  0
19  16  -18  0
-59  -55  -25  0
-23  -27  4  0
-1  20  30  0
-7  -19  31  0
44  1  39  0
-20  -7  49  0
17  31  1  0
18  -45  -11  0
-43  4  -40  0
38  -3  -35  0
2  -6  -15  0
-57  -24  30  0
-22  35  55  0
-16  -51  -14  0
56  -41  -20  0
-28  -10  5  0
46  -3  -53  0
38  24  15  0
-33  -27  -25  0
-48  -60  -35  0
29  53  56  0
30  -59  -29  0
-36  59  45  0
19  6  44  0
23  -9  44  0
-25  9  48  0
12  18  -9  0
35  -26  -33  0
-46  30  41  0
-45  36  -46  0
10  -36  -47  0
-37  13  -11  0
37  -2  11  0
42  57  47  0
42  1  39  0
34  25  20  0
22  -3  -46  0
45  -24  -29  0
11  2  29  0
42  -48  35  0
3  36  55  0
-31  -35  28  0
4  -46  35  0
51  46  -19  0
49  2  -53  0
54  31  -60  0
22  -43  -24  0
21  1  -3  0
25  -22  -24  0
57  2  45  0
26  12  -42  0
56  -27  22  0
-50  -31  -24  0
-12  -21  5  0
-29  36  -37  0
31  3  -9  0
-40  17  -38  0
57  -23  22  0
43  58  -40  0
-33  20  -5  0
-51  20  45  0
-22  -8  -9  0
28  19  -29  0
-23  -30  1  0
5  4  52  0
47  -32  -57  0
6  -33  -23  0
-44  -11  -48  0
38  22  -30  0
55  -29  -25  0
-3  -44  15  0
-53  40  46  0
-29  22  -16  0
-23  17  -8  0
-47  17  24  0
10  -1  38  0
-2  58  -31  0
1  42  -25  0
23  -2  42  0
-14  -47  51  0
51  52  45  0
26  42  -39  0
-44  -6  -5  0
-48  47  -50  0
1  -14  44  0
21  -6  -35  0
-8  -5  6  0
-57  52  42  0
37  60  42  0
-23  -37  -9  0
-59  46  42  0
15  -45  40  0
-13  -24  -15  0
2  54  14  0
-17  4  -18  0
46  10  12  0
36  -22  45  0
-32  -55  60  0
-27  -60  -35  0
27  16  -1  0
29  33  -44  0
30  13  45  0
40  35  -27  0
-6  -46  12  0
12  -3  -28  0
45  49  28  0
20  -15  -56  0
7  -37  40  0
43  9  11  0
57  28  -22  0
-26  -8  -34  0
-55  49  -8  0
-38  40  -55  0
-52  59  -36  0
37  2  -29  0
-49  47  -28  0
-60  -23  30  0
53  -40  19  0
42  29  -59  0
-60  25  -18  0
-11  50  58  0
46  -45  -29  0
46  43  -41  0
34  -57  -3  0
-5  18  -34  0
-51  -56  -18  0
-29  -43  -41  0
46  35  -34  0
-46  53  -18  0
-14  -32  -59  0
51  -54  13  0
26  38  25  0
19  17  13  0
19  -56  -12  0
15  -14  -32  0
38  17  -13  0
-53  -48  2  0
-14  12  -18  0
36  3  -25  0
58  -42  -1  0
-53  -39  -34  0
2  -32  35  0
-42  -12  -7  0
55  29  -5  0
-60  -50  -16  0
-9  39  -42  0
5  -28  1  0
-1  -48  50  0
-41  17  31  0
-44  -20  45  0
11  5  -45  0
54  -14  35  0
45  -60  -12  0
-36  -1  13  0
60  -49  -13  0
6  21  -60  0
-28  -25  21  0
-17  -40  48  0
-45  -56  19  0
-26  -21  3  0
-20  27  -12  0
49  55  -53  0
22  -49  58  0
49  20  30  0
26  -36  -27  0
-24  -37  -32  0
-55  7  17  0
4  42  26  0
32  -33  49  0
-41  12  9  0
56  -7  16  0
