c mkcnf random cnf with seed 826663, max clause length 3
c FORCED SATISFIABLE
c 
p cnf 60  258
-46  -18  26  0
-58  49  28  0
18  12  -42  0
-7  -55  11  0
-35  -23  33  0
-32  -38  49  0
25  -51  -2  0
32  50  -51  0
-17  -12  -20  0
47  -20  -59  0
36  -24  -8  0
20  -21  40  0
-44  -51  40  0
-53  39  58  0
-41  29  58  0
-7  -33  -17  0
-9  -50  1  0
-20  -39  -1  0
56  22  47  0
-15  2  -20  0
53  -10  -45  0
40  -60  -41  0
51  -6  43  0
42  60  25  0
-18  8  15  0
-25  58  -16  0
-23  -42  -39  0
-53  57  35  0
5  -8  -41  0
35  -1  -50  0
-12  -20  -6  0
45  9  31  0
-3  2  -4  0
-26  -20  59  0
52  16  56  0
51  -59  -28  0
44  8  5  0
-30  28  -35  0
-40  -44  1  0
16  -28  25  0
-45  31  55  0
8  24  27  0
-34  -33  32  0
47  32  14  0
35  17  -2  0
18  -24  12  0
-59  13  -47  0
3  6  33  0
11  -37  6  0
-33  -27  -39  0
19  54  3  0
28  18  -31  0
-25  -15  -6  0
27  -21  10  0
-8  23  -52  0
51  -12  44  0
24  -45  -12  0
-54  -57  32  0
-56  59  -7  0
-3  -43  28  0
-15  -16  18  0
-29  42  -1  0
39  -18  33  0
-20  15  -60  0
24  -6  18  0
-7  -1  -29  0
-17  10  14  0
-35  -25  -45  0
-7  14  6  0
-17  -29  -35  0
-25  37  -32  0
-6  46  25  0
-42  -35  -34  0
58  -31  -8  0
38  14  -13  0
38  26  -9  0
18  32  -25  0
-12  32  -42  0
-59  25  56  0
41  11  25  0
58  -53  -43  0
-58  -55  52  0
-48  25  18  0
-37  28  14  0
-30  -48  2  0
-15  -53  58  0
49  50  28  0
-43  -5  -16  0
2  22  -28  0
14  -25  31  0
15  -10  -3  0
-43  -58  40  0
-22  16  27  0
18  25  -14  0
8  -37  49  0
-34  47  36  0
48  35  8  0
-21  46  36  0
-55  26  -52  0
31  -3  -10  0
40  -31  59  0
-43  -8  22  0
58  39  -21  0
-18  -58  9  0
-53  -35  25  0
-17  27  -11  0
-58  48  -32  0
-56  -20  18  0
10  43  -7  0
-39  37  -26  0
-2  15  3  0
25  -47  -42  0
56  22  -7  0
2  -29  43  0
-43  -25  31  0
-29  -51  34  0
7  -58  -40  0
-31  -32  -34  0
-15  31  -32  0
15  17  -56  0
56  4  -54  0
16  3  6  0
15  -13  21  0
-59  52  1  0
-40  -11  3  0
30  51  -59  0
-18  22  -10  0
1  34  2  0
-5  47  20  0
-15  43  -22  0
56  -34  -24  0
-18  6  -7  0
4  -38  -16  0
50  -54  40  0
-35  18  -4  0
14  43  -33  0
-12  -17  -28  0
-39  32  -14  0
16  -39  -33  0
34  18  -14  0
-54  -12  -33  0
-37  -26  -23  0
48  -40  -27  0
22  59  -16  0
-3  -49  25  0
-42  54  -9  0
27  24  -51  0
25  -5  -33  0
55  -18  -46  0
-23  -60  -4  0
7  -33  14  0
59  12  -47  0
46  -11  -32  0
28  -23  -52  0
19  -46  10  0
-28  13  -17  0
51  47  -11  0
-14  -24  -13  0
60  14  -46  0
-29  -39  -13  0
-10  -31  -27  0
16  41  -37  0
60  17  14  0
-9  45  51  0
-15  47  -53  0
42  12  55  0
35  39  -5  0
-3  4  -25  0
39  -40  55  0
-43  -10  -57  0
27  -22  -59  0
50  16  -30  0
43  13  4  0
22  6  3  0
-50  33  51  0
-1  -22  30  0
22  4  -23  0
-16  -20  -1  0
-11  36  -58  0
60  36  53  0
-59  31  -49  0
-40  -23  3  0
-33  22  -3  0
36  22  -6  0
-17  -43  -3  0
24  -18  34  0
-28  1  56  0
47  -41  -8  0
24  -57  32  0
-59  -54  30  0
-29  -2  55  0
-26  46  38  0
52  -32  -30  0
-37  -57  54  0
-27  60  -21  0
-49  -58  38  0
-51  -50  -4  0
-34  29  -26  0
-17  -26  6  0
31  -44  -42  0
23  -35  40  0
41  -60  39  0
52  10  -32  0
-10  -15  17  0
-14  9  37  0
4  56  -7  0
28  56  57  0
-22  -40  8  0
-35  -14  -56  0
-39  -14  -41  0
10  53  42  0
10  42  -4  0
-56  -12  29  0
4  -28  49  0
2  6  1  0
55  44  -47  0
22  29  30  0
30  -16  -55  0
-60  -6  42  0
44  37  21  0
36  -51  -41  0
-48  16  21  0
-8  -55  -2  0
-5  -25  48  0
-59  -32  23  0
-47  -7  19  0
-37  45  46  0
-49  -12  17  0
-4  -11  -58  0
19  29  -51  0
60  -30  18  0
-12  -55  -19  0
-20  30  -57  0
-4  60  -58  0
-16  -28  20  0
-41  -53  -43  0
19  44  -28  0
37  -33  21  0
-16  15  58  0
14  -40  -7  0
19  11  29  0
57  -26  -44  0
18  25  -58  0
-37  -20  50  0
-50  -14  43  0
-45  -21  -25  0
58  57  41  0
-54  -19  55  0
-27  -60  -56  0
42  -59  56  0
49  -35  25  0
-38  -50  44  0
-51  -7  23  0
25  11  43  0
21  -17  26  0
-13  -55  -51  0
37  -50  -40  0
39  13  35  0
