c mkcnf random cnf with seed 826710, max clause length 3
c FORCED SATISFIABLE
c 
p cnf 60  258
-26  -36  -22  0
-54  14  -49  0
32  44  -35  0
42  -59  56  0
54  32  29  0
-20  19  14  0
50  8  29  0
17  -11  -46  0
10  -16  44  0
-54  4  45  0
-24  11  15  0
-2  16  -23  0
-54  12  44  0
-30  -32  45  0
-1  -42  -28  0
44  14  10  0
-27  -12  47  0
-40  18  -50  0
-21  -55  -36  0
-51  23  -40  0
-55  13  25  0
-59  -49  24  0
-56  -57  9  0
-22  47  37  0
-2  5  36  0
-56  32  14  0
-23  37  59  0
-31  28  57  0
12  -50  59  0
13  -26  -33  0
56  42  -47  0
8  9  41  0
52  -32  -12  0
40  8  -57  0
20  10  -18  0
34  35  -36  0
-35  57  37  0
-16  13  -49  0
59  -32  35  0
53  -45  26  0
10  -35  -3  0
13  20  49  0
-16  -49  -11  0
-7  43  41  0
-52  18  42  0
35  54  3  0
-14  -23  39  0
32  35  60  0
-2  31  46  0
-39  55  31  0
-57  -55  30  0
-42  -43  -31  0
60  57  9  0
43  -22  -49  0
-4  36  -31  0
1  22  18  0
-18  54  38  0
37  55  -24  0
52  -43  -37  0
-27  38  -6  0
-13  -15  6  0
-39  -1  23  0
-10  -21  31  0
-49  -60  -59  0
54  -42  -32  0
-11  30  25  0
52  16  43  0
-40  14  -37  0
59  56  7  0
59  14  -44  0
-60  15  24  0
15  -52  35  0
-10  6  19  0
5  -48  52  0
-8  4  11  0
-7  47  12  0
-20  -23  -47  0
2  -25  -7  0
32  9  50  0
16  58  31  0
-53  34  -26  0
27  2  -13  0
5  43  29  0
-27  -57  10  0
-27  1  -17  0
38  29  15  0
-25  -9  -57  0
-3  -14  34  0
49  -34  4  0
52  18  56  0
-35  48  -21  0
7  43  -11  0
-7  -33  58  0
-38  44  -30  0
-16  -5  50  0
-32  30  39  0
-7  45  21  0
25  -10  24  0
53  16  -39  0
-32  39  51  0
-60  -43  -21  0
45  6  -28  0
34  -5  -22  0
-4  -26  15  0
9  -46  41  0
-30  -35  -22  0
-25  -16  -48  0
-24  -44  -10  0
38  -50  -56  0
-57  -7  -26  0
-9  -57  60  0
-17  -46  1  0
-17  58  -43  0
-35  -57  1  0
46  56  -38  0
-35  -44  -33  0
-33  49  -32  0
18  -23  -45  0
40  32  47  0
26  30  43  0
45  -40  23  0
-12  48  -8  0
35  -42  4  0
45  -39  -48  0
-17  -48  -50  0
-49  -58  -53  0
58  49  18  0
-10  -50  -57  0
13  35  46  0
-47  -42  -40  0
6  51  -36  0
14  -35  -53  0
-6  44  14  0
35  28  -57  0
1  56  15  0
36  4  44  0
31  -22  -4  0
4  37  -18  0
30  3  14  0
4  26  -23  0
-36  60  57  0
12  -26  -5  0
-16  -12  37  0
43  -42  -10  0
8  41  25  0
6  41  -34  0
-1  -11  -14  0
54  46  -6  0
56  -46  -1  0
44  57  3  0
-53  -18  57  0
38  25  -40  0
-39  7  -43  0
29  -50  -45  0
59  15  -54  0
-42  26  -14  0
24  -47  3  0
5  32  -17  0
14  -8  -44  0
30  -20  43  0
-29  -50  -47  0
-11  7  43  0
53  -31  44  0
-3  -29  -59  0
18  5  23  0
53  35  55  0
4  14  34  0
-12  -5  26  0
-42  -47  44  0
-44  11  -8  0
-51  4  -17  0
-20  -28  15  0
-48  -2  37  0
-44  2  16  0
9  25  -1  0
-10  -13  -35  0
-38  40  -22  0
45  51  4  0
-23  -55  18  0
-32  44  -14  0
13  15  19  0
-29  27  -37  0
-42  10  -11  0
8  46  -30  0
-13  36  -5  0
26  -60  17  0
-48  25  30  0
52  -39  -43  0
-6  -39  20  0
18  -55  -11  0
-11  53  -35  0
19  -58  10  0
51  27  13  0
-58  32  6  0
3  -50  55  0
-18  -56  -25  0
4  41  30  0
51  -55  -45  0
20  34  9  0
-20  8  42  0
43  12  -39  0
23  13  41  0
-39  -58  -48  0
-33  -24  32  0
-38  -48  -47  0
-40  8  -25  0
48  -19  47  0
15  48  2  0
30  24  -26  0
49  16  -54  0
-44  -22  -37  0
-30  1  -2  0
59  -22  15  0
53  -31  -41  0
-13  -12  -54  0
53  -55  26  0
59  -7  -55  0
49  -43  -26  0
32  6  -47  0
31  44  24  0
-4  -18  1  0
50  44  -6  0
-17  -16  2  0
-35  -24  6  0
-29  -51  28  0
43  9  -58  0
-29  49  -19  0
12  2  -59  0
-20  -58  12  0
38  45  55  0
57  30  55  0
-8  22  -9  0
-30  47  -59  0
-54  -24  3  0
3  43  -11  0
34  32  -39  0
29  24  -56  0
-19  -25  15  0
43  2  -52  0
-13  21  -10  0
-51  -18  -22  0
25  -2  -40  0
-35  23  -11  0
23  24  -13  0
42  18  19  0
26  30  22  0
-46  48  -11  0
-8  -20  -39  0
-9  -28  -36  0
-5  51  -14  0
36  33  -41  0
19  43  -25  0
6  -29  23  0
1  -48  55  0
48  40  -53  0
50  -21  -25  0
-23  -7  -50  0
14  -37  -36  0
