c mkcnf random cnf with seed 826722, max clause length 3
c FORCED SATISFIABLE
c 
p cnf 60  258
24  -22  16  0
42  -5  6  0
-40  37  -48  0
14  -33  1  0
39  -14  11  0
-56  1  -15  0
-56  12  -10  0
-34  -55  -26  0
-53  44  -23  0
-22  -29  45  0
48  -33  27  0
-5  23  -20  0
-29  44  45  0
27  -45  -46  0
-54  -16  -1  0
32  59  -3  0
-36  -16  -23  0
38  -31  30  0
38  46  -57  0
-56  23  -37  0
-20  55  -56  0
-58  53  -34  0
7  48  -36  0
-28  6  -32  0
5  26  -25  0
-15  11  -28  0
43  -47  -44  0
-8  47  -2  0
8  58  -48  0
54  15  38  0
15  -59  24  0
18  -45  -42  0
12  14  -48  0
15  41  32  0
6  -41  -14  0
-40  -22  -6  0
54  -43  -44  0
-33  11  48  0
-53  36  19  0
21  56  28  0
13  -43  -35  0
-59  -44  -18  0
23  53  37  0
43  -44  -35  0
18  9  31  0
27  20  42  0
-2  44  9  0
29  -37  21  0
-47  -29  30  0
-41  22  -10  0
58  -30  -31  0
27  -15  5  0
-45  10  37  0
46  -33  35  0
38  12  50  0
4  -31  -15  0
24  -31  -58  0
41  32  6  0
-59  -56  60  0
42  50  -60  0
28  20  -16  0
7  10  -56  0
-23  7  -1  0
-1  42  -57  0
38  58  26  0
-57  15  39  0
-38  59  -52  0
59  -47  -33  0
-5  55  7  0
16  22  -13  0
44  24  -4  0
25  -35  -19  0
36  -45  -56  0
-35  -7  -17  0
36  7  -1  0
29  28  6  0
22  57  -9  0
-7  -12  -24  0
10  33  34  0
-6  -21  14  0
30  -12  -31  0
24  -4  -26  0
-12  -39  -17  0
-30  -40  -33  0
-50  54  -26  0
-7  8  -6  0
-7  59  -36  0
13  53  54  0
44  -11  -32  0
20  -53  38  0
-15  11  -28  0
-22  5  -52  0
-60  42  4  0
-31  26  43  0
33  -24  -13  0
43  4  39  0
-36  -15  37  0
-49  9  -12  0
-55  30  -27  0
-45  58  -22  0
-27  47  9  0
-4  56  -26  0
-36  47  35  0
-7  -51  28  0
-16  11  -53  0
-28  2  -52  0
-43  3  53  0
-42  -19  -18  0
41  53  -30  0
-23  32  -55  0
38  -3  -16  0
-28  55  19  0
39  46  13  0
33  -49  -39  0
-24  11  -55  0
-49  4  21  0
-27  60  3  0
46  34  -17  0
16  25  -1  0
49  17  39  0
7  -39  21  0
43  -5  -20  0
-9  8  59  0
-4  -41  35  0
-53  16  28  0
-14  -48  -27  0
38  2  -29  0
26  -12  -46  0
43  -5  22  0
43  -22  19  0
43  16  13  0
34  -44  -20  0
32  -13  46  0
27  -23  -56  0
52  9  34  0
-53  52  -36  0
40  33  -54  0
-8  -46  49  0
-54  43  -23  0
28  -53  19  0
55  53  32  0
-21  4  -29  0
19  -6  32  0
21  -60  19  0
58  12  24  0
-40  -35  -33  0
12  1  -42  0
-1  -58  -10  0
-23  27  -17  0
-12  -38  3  0
28  32  -59  0
-9  58  59  0
7  55  -53  0
3  1  47  0
-2  5  45  0
-9  11  20  0
-35  9  -38  0
52  39  44  0
47  45  -34  0
11  -9  19  0
6  -42  43  0
-8  34  -11  0
-34  14  9  0
51  52  -59  0
22  -57  -56  0
-28  -5  38  0
-18  6  -60  0
-27  -48  21  0
35  10  19  0
44  7  -32  0
-24  60  -44  0
-41  -18  34  0
-51  -14  2  0
28  -21  -11  0
-47  -10  11  0
-8  9  12  0
-33  51  -47  0
6  -36  -43  0
-25  17  21  0
-6  8  -4  0
36  22  31  0
-52  27  -3  0
18  -17  8  0
57  18  -36  0
38  31  9  0
-41  -39  -40  0
20  -31  -60  0
30  41  -32  0
-4  -30  -59  0
42  -56  -14  0
-9  -29  -27  0
-8  56  57  0
-12  25  -20  0
-43  -54  -26  0
-48  17  -57  0
9  -32  2  0
60  -38  11  0
-55  22  33  0
48  12  -10  0
17  -37  49  0
-23  32  57  0
15  -49  18  0
18  -22  9  0
60  -46  33  0
23  33  -7  0
41  -53  25  0
-36  58  -7  0
-1  -47  -37  0
-49  -50  -36  0
19  -46  -22  0
58  -35  39  0
-9  -43  4  0
-5  58  -53  0
-39  45  -29  0
33  -41  8  0
28  -44  20  0
-14  48  -21  0
-31  58  -10  0
-13  -15  7  0
58  -23  -29  0
53  -20  -29  0
-52  -39  -48  0
3  56  -33  0
32  33  -36  0
-32  52  -50  0
17  13  55  0
23  -41  -4  0
-47  59  -27  0
-54  -30  -7  0
-15  -36  59  0
-20  -43  11  0
11  22  -16  0
-24  -54  -28  0
42  -56  -2  0
37  18  -56  0
-21  17  -50  0
-50  31  -3  0
-51  1  -40  0
44  -21  -41  0
7  33  57  0
-27  43  1  0
-15  -47  39  0
18  39  56  0
-49  14  30  0
33  34  51  0
33  36  -19  0
54  7  -13  0
19  60  -9  0
20  50  -29  0
47  -30  7  0
40  28  -52  0
58  22  -35  0
9  -54  11  0
31  -36  34  0
-31  29  1  0
-55  -41  4  0
27  12  8  0
-19  34  -58  0
