c mkcnf random cnf with seed 826697, max clause length 3
c FORCED SATISFIABLE
c 
p cnf 60  258
-19  60  49  0
59  -26  -42  0
-4  -36  -11  0
23  -55  41  0
24  13  -38  0
58  -33  32  0
-45  -20  -16  0
-39  -26  -46  0
-50  20  39  0
-17  24  -21  0
-58  -14  -13  0
60  -43  33  0
-42  -38  48  0
-56  -42  -40  0
-54  37  -25  0
-43  5  -26  0
-38  -2  54  0
-34  -12  2  0
-58  -37  9  0
3  39  14  0
20  32  -6  0
26  50  -22  0
-11  -19  -60  0
42  4  -22  0
8  -16  18  0
12  6  55  0
-32  -56  -11  0
3  13  53  0
-35  7  44  0
-53  -20  30  0
-41  37  -60  0
-44  -39  -26  0
26  4  -10  0
-50  -56  55  0
56  -36  22  0
35  -21  36  0
38  19  20  0
32  10  -20  0
10  -11  -23  0
-33  -26  -13  0
-49  -27  56  0
-22  -35  40  0
-55  -54  -33  0
41  -16  -48  0
36  40  20  0
-40  60  24  0
27  -51  -31  0
34  33  -12  0
-38  -33  52  0
-59  -48  -19  0
-17  54  32  0
49  -1  35  0
-59  -12  -41  0
-26  28  17  0
-10  -5  -59  0
28  -24  54  0
29  -49  -39  0
8  12  6  0
25  5  38  0
-48  -32  -41  0
10  12  -25  0
42  -54  44  0
24  -11  -7  0
16  36  20  0
-43  -40  44  0
-37  -52  22  0
-15  56  -38  0
-43  -40  -19  0
-57  -1  -4  0
31  22  58  0
8  22  -5  0
29  27  10  0
-49  60  22  0
-34  13  -38  0
-58  11  42  0
-20  44  -12  0
-5  45  24  0
30  -26  50  0
57  58  26  0
-39  -6  38  0
31  56  15  0
-9  26  -23  0
35  52  -39  0
-7  -38  52  0
15  -22  40  0
51  -30  -21  0
57  -49  -15  0
-18  47  -38  0
15  35  21  0
60  -16  48  0
-48  -35  21  0
17  -27  -8  0
-35  51  7  0
-20  50  46  0
-1  42  20  0
44  3  29  0
31  23  32  0
33  -29  2  0
-24  20  40  0
-55  36  43  0
-32  34  -9  0
7  -18  -40  0
-44  -32  -2  0
-23  -60  32  0
-40  -31  17  0
-30  -35  57  0
-53  43  4  0
-12  33  -60  0
42  47  -12  0
3  -48  -44  0
10  41  -9  0
13  -24  19  0
37  -44  -31  0
-26  47  -28  0
-1  -46  -25  0
60  -10  32  0
39  5  -46  0
48  -58  6  0
49  6  22  0
-37  -47  6  0
57  52  -36  0
54  -3  24  0
28  16  -1  0
-49  -20  -18  0
-20  10  53  0
13  47  59  0
-30  -56  -26  0
8  -52  56  0
-41  -51  -34  0
31  -7  54  0
-43  5  -4  0
-5  25  -2  0
-18  11  -41  0
36  3  -26  0
-29  -51  -15  0
-41  55  -9  0
1  -40  3  0
60  -40  24  0
41  34  -4  0
-29  -44  11  0
-47  -54  55  0
26  -12  4  0
40  18  -45  0
-46  -45  -56  0
-9  28  -15  0
-27  29  -33  0
-39  -14  -2  0
28  -5  -45  0
46  10  -28  0
30  50  -12  0
-28  44  7  0
1  -33  -60  0
-30  9  -21  0
-25  56  -4  0
-35  -25  22  0
-5  -41  -28  0
9  -56  23  0
-39  26  11  0
-38  -32  -11  0
-24  6  -59  0
50  8  31  0
30  1  17  0
57  17  -21  0
1  13  -51  0
48  51  44  0
47  -3  2  0
-48  37  45  0
57  53  -42  0
1  -27  34  0
-4  -48  27  0
39  42  59  0
-46  15  14  0
-8  49  -57  0
13  -53  56  0
-47  -42  38  0
27  -28  -24  0
1  -54  -39  0
5  32  -60  0
-9  -5  38  0
-13  -4  48  0
1  13  -3  0
43  23  -52  0
26  -20  2  0
26  -50  30  0
15  -60  -18  0
14  -39  2  0
-57  -22  -31  0
19  -10  -6  0
46  60  36  0
29  -18  -24  0
-37  49  -19  0
1  52  -34  0
-17  -60  -20  0
-56  -35  26  0
9  -4  37  0
-47  11  -41  0
54  -23  16  0
30  -54  6  0
-4  34  40  0
59  -30  -40  0
-58  -26  -32  0
7  25  -39  0
-39  44  33  0
-53  -59  37  0
-12  56  -59  0
-54  -60  58  0
21  10  15  0
47  21  46  0
-56  -7  28  0
-18  -14  -59  0
-50  -24  48  0
12  -32  47  0
-6  16  39  0
-21  -40  -4  0
-37  -9  -1  0
-54  8  -55  0
42  -17  56  0
-22  -11  40  0
32  -22  17  0
-28  -5  -17  0
19  -10  22  0
43  -41  30  0
29  4  -32  0
10  -13  -32  0
-17  10  -8  0
8  -54  -32  0
35  -45  56  0
-12  -39  8  0
-38  -9  -18  0
2  43  -57  0
-28  26  -24  0
-42  51  -33  0
39  -47  -9  0
-5  -25  -27  0
57  34  58  0
51  53  -54  0
-15  -47  22  0
49  6  -9  0
-19  -22  54  0
5  -17  -20  0
-27  -2  -47  0
-11  4  -22  0
52  -39  -55  0
17  59  53  0
-36  22  55  0
52  56  -8  0
-49  -42  -30  0
-16  -1  -10  0
48  -9  -44  0
-24  -29  8  0
16  36  47  0
46  4  60  0
53  40  41  0
-56  -29  32  0
-10  -31  -50  0
-56  39  58  0
-31  28  -6  0
-51  5  27  0
