c mkcnf random cnf with seed 826680, max clause length 3
c FORCED SATISFIABLE
c 
p cnf 60  258
32  -9  37  0
-18  21  43  0
-30  41  27  0
58  15  29  0
-21  -26  -14  0
60  50  -8  0
-60  5  19  0
-47  18  16  0
2  -46  -55  0
-38  39  17  0
24  7  -8  0
17  -41  18  0
59  1  -60  0
5  16  -8  0
-1  -54  44  0
-32  26  -41  0
-59  -40  -11  0
-31  25  -60  0
-3  54  29  0
30  -4  -34  0
9  51  -19  0
-6  26  -43  0
56  -26  10  0
38  7  -5  0
36  -34  43  0
-2  56  30  0
-30  29  56  0
-47  -23  -16  0
-23  33  52  0
-4  28  3  0
21  -9  -51  0
-26  55  -30  0
-57  -25  -53  0
-35  9  -38  0
58  32  25  0
-26  -17  -57  0
55  -4  -52  0
-2  55  -13  0
26  -37  -56  0
21  -31  39  0
48  60  -20  0
-53  -10  51  0
-23  53  -57  0
38  9  -55  0
24  36  -33  0
-17  -47  6  0
-23  5  -26  0
-52  46  -31  0
-26  -6  12  0
10  -39  34  0
-24  -60  -33  0
54  5  -16  0
57  -41  -60  0
-22  -56  37  0
-56  -7  -30  0
60  -44  -6  0
20  35  -31  0
-41  -27  57  0
-56  -35  9  0
7  -14  -58  0
-3  54  11  0
13  -53  44  0
39  -53  45  0
13  51  -28  0
30  19  -41  0
40  25  32  0
-22  -5  36  0
-3  -18  30  0
42  -14  27  0
54  -2  -14  0
-54  -59  55  0
-11  -58  -12  0
-29  -9  -50  0
14  59  53  0
-56  51  8  0
11  -38  14  0
-40  26  -19  0
20  -31  38  0
-37  49  -3  0
-39  -55  -38  0
-5  52  -15  0
-36  35  26  0
-53  -42  -54  0
-46  -2  60  0
-58  12  9  0
-34  -47  -35  0
14  29  27  0
40  55  3  0
3  -14  57  0
-50  36  -21  0
9  22  12  0
40  -49  -58  0
5  45  -49  0
-32  -25  19  0
22  -58  49  0
12  50  15  0
-9  -24  2  0
53  27  -46  0
37  -34  -45  0
29  59  -14  0
35  -11  46  0
15  -37  1  0
-22  47  -32  0
40  34  5  0
51  -23  43  0
20  -22  -9  0
36  45  41  0
-40  -20  -56  0
-41  -36  -19  0
17  -36  -49  0
42  -33  48  0
52  -54  -14  0
-1  26  41  0
-5  8  -52  0
-43  -38  59  0
-18  -39  41  0
-36  20  -32  0
46  16  -42  0
-39  -45  -30  0
36  32  57  0
54  -56  -19  0
10  -42  -12  0
-56  22  36  0
19  38  -33  0
28  -5  34  0
26  -9  40  0
-37  30  39  0
13  -14  -26  0
40  17  -47  0
-13  -23  52  0
-24  39  -7  0
27  11  -25  0
27  -45  -30  0
45  4  5  0
-17  39  -60  0
-25  9  -12  0
56  -29  10  0
-42  -17  34  0
-51  33  -11  0
22  -47  56  0
-46  -25  50  0
-38  31  34  0
44  -27  -57  0
-28  49  16  0
25  -5  35  0
54  50  -8  0
-3  13  -58  0
-28  10  24  0
41  23  -15  0
35  59  -47  0
10  -13  -35  0
36  -15  4  0
15  43  54  0
-12  -51  34  0
9  12  -10  0
-60  -42  22  0
49  -46  -32  0
-33  35  -26  0
-2  37  -51  0
37  30  36  0
-57  -10  19  0
-43  -6  34  0
-33  20  19  0
-11  -51  -41  0
-60  54  42  0
-60  50  53  0
-2  52  16  0
-14  31  -34  0
10  6  -2  0
44  19  25  0
1  -59  19  0
-22  54  -60  0
-14  25  -18  0
-51  9  4  0
9  -40  -13  0
-19  59  29  0
-6  21  31  0
-19  -56  15  0
-7  -19  -20  0
-22  12  53  0
60  33  -37  0
-60  6  -16  0
-50  -33  60  0
-47  -30  45  0
29  48  28  0
2  8  -34  0
10  -52  26  0
-38  41  48  0
23  54  -18  0
27  18  -13  0
-46  28  39  0
-5  -18  24  0
-43  26  27  0
-8  6  52  0
-1  49  50  0
-42  -34  -33  0
29  50  -6  0
40  -6  7  0
37  55  -9  0
32  28  -21  0
49  -56  10  0
-16  11  51  0
1  -30  -60  0
42  -6  49  0
-49  51  50  0
-45  7  -12  0
-55  9  48  0
-8  1  -27  0
-58  41  -7  0
35  -17  -32  0
-35  -41  -51  0
-27  29  6  0
-1  -21  29  0
-12  51  -56  0
11  -51  14  0
22  -54  12  0
52  19  -57  0
-38  41  -27  0
-51  -32  41  0
19  -34  33  0
-54  55  -21  0
-52  58  -18  0
38  -46  24  0
40  2  -37  0
-1  43  -56  0
10  27  -19  0
19  51  18  0
-57  -1  -13  0
-43  -42  -9  0
-8  -9  10  0
16  -22  11  0
48  -40  11  0
27  -47  -49  0
8  31  20  0
57  -16  -42  0
40  29  19  0
55  17  -13  0
12  43  -8  0
19  -46  -29  0
-4  -19  -8  0
1  55  -20  0
-25  27  -54  0
41  -52  -14  0
-45  -33  -36  0
-48  11  13  0
-31  52  -19  0
-34  -37  56  0
54  -45  -15  0
47  -22  20  0
-42  29  34  0
-44  -35  -25  0
51  -35  -43  0
-48  60  33  0
38  -5  6  0
21  36  41  0
-16  -5  35  0
-31  -46  -16  0
25  23  -11  0
