c mkcnf random cnf with seed 826693, max clause length 3
c FORCED SATISFIABLE
c 
p cnf 60  258
40  -44  11  0
-46  -30  -8  0
15  -3  1  0
19  -16  5  0
-12  24  -38  0
21  -13  26  0
44  -2  -17  0
-60  23  30  0
45  28  -24  0
56  -48  -41  0
-9  32  16  0
10  -1  -28  0
-34  -33  -50  0
-50  -32  44  0
58  42  3  0
-59  -30  13  0
5  42  -11  0
-48  -26  -47  0
-14  49  20  0
-25  14  -32  0
-36  -56  2  0
-27  -34  17  0
58  -24  -33  0
33  20  10  0
19  -14  -38  0
-20  57  -51  0
-42  48  52  0
35  43  -40  0
39  -54  44  0
29  -7  10  0
-58  26  -9  0
3  49  -58  0
41  -48  19  0
-15  -29  -13  0
10  -7  19  0
15  35  -42  0
-30  -37  16  0
-53  -31  11  0
40  -41  50  0
-1  -28  50  0
42  -55  -9  0
3  -40  1  0
17  -11  -7  0
-22  37  18  0
57  5  48  0
45  -11  7  0
14  56  30  0
-18  52  24  0
10  59  34  0
-12  -59  38  0
7  17  52  0
36  28  -45  0
43  -32  35  0
-4  30  49  0
36  30  -56  0
-28  -35  -56  0
-23  16  -12  0
-1  -48  -47  0
-7  -51  41  0
-21  14  -54  0
19  37  -54  0
-51  33  -28  0
-41  -37  -39  0
54  14  -39  0
1  -18  -55  0
23  -43  33  0
49  39  1  0
-10  -22  48  0
47  13  -7  0
-26  38  45  0
15  43  -53  0
26  -25  49  0
6  1  -13  0
-13  21  -45  0
1  -21  -58  0
-38  30  4  0
38  13  17  0
-36  52  -31  0
57  -9  7  0
-41  17  -51  0
-12  -7  -1  0
39  60  -10  0
-34  -53  50  0
22  -10  12  0
-6  52  17  0
27  40  -23  0
44  -25  -47  0
-21  47  -52  0
-15  -30  5  0
-25  37  52  0
21  15  26  0
-27  -32  -11  0
35  11  12  0
-52  -3  -12  0
-51  -22  -59  0
-58  2  -16  0
12  47  37  0
17  44  -15  0
25  -21  40  0
-14  -39  -43  0
-58  6  53  0
-15  -5  -26  0
-33  -49  39  0
25  1  -39  0
-19  -51  -18  0
-5  24  49  0
60  56  -8  0
-54  9  6  0
19  28  -18  0
-10  45  21  0
16  48  -34  0
-36  60  -41  0
11  49  -21  0
-6  -21  4  0
21  56  39  0
35  -34  -22  0
53  25  -45  0
52  -19  -57  0
39  -53  -58  0
-53  25  10  0
41  -12  -27  0
31  33  35  0
-2  -3  -24  0
29  56  51  0
56  19  -39  0
-50  -18  -48  0
-26  -53  -5  0
2  -58  -35  0
-55  21  13  0
-23  51  -16  0
-27  -12  -44  0
36  -30  -2  0
33  -42  -54  0
1  52  7  0
-43  -50  8  0
56  -59  22  0
1  -4  -8  0
-25  -45  -30  0
32  4  58  0
52  -4  -44  0
54  -14  11  0
-8  -3  39  0
33  28  56  0
45  23  -2  0
-1  33  42  0
20  34  15  0
-51  4  33  0
-12  -52  -3  0
-27  -38  2  0
-48  -21  50  0
41  -46  13  0
-34  -50  -7  0
13  -1  -37  0
-50  -32  -30  0
-40  21  -27  0
16  48  40  0
21  -37  -15  0
-12  34  -20  0
11  1  -41  0
13  17  -42  0
-29  -20  41  0
43  -6  59  0
-10  -26  -29  0
-53  21  -19  0
16  -58  15  0
20  -37  -43  0
55  -29  45  0
-57  -20  50  0
18  -12  -43  0
40  9  13  0
-3  -21  41  0
-57  -47  -38  0
56  -45  50  0
30  48  -14  0
-35  -59  -51  0
31  -43  -13  0
10  -14  -45  0
52  30  56  0
1  -22  44  0
-11  -52  -35  0
30  9  -35  0
-39  -9  -23  0
-2  -42  20  0
42  -27  -36  0
55  -52  16  0
51  47  -10  0
7  3  -6  0
26  -1  36  0
-22  15  -60  0
-45  -34  10  0
48  8  7  0
-40  -9  -32  0
-42  12  -48  0
-49  -26  8  0
-25  59  12  0
22  -57  3  0
51  -6  -11  0
-11  -30  -14  0
24  35  -25  0
8  50  -5  0
5  -12  -16  0
-41  18  2  0
-46  -38  -56  0
42  -44  27  0
-32  -13  -29  0
27  -11  -17  0
-46  31  19  0
-12  48  -10  0
4  -11  -44  0
37  28  -3  0
4  42  -44  0
40  -48  13  0
3  -15  -51  0
40  44  -3  0
14  -53  -21  0
-20  -2  -39  0
7  32  58  0
-46  3  28  0
37  -7  -49  0
-8  7  -23  0
-27  -16  -4  0
15  11  21  0
55  34  8  0
-50  -56  34  0
-32  6  -26  0
54  4  -26  0
-19  -10  50  0
19  10  35  0
50  -26  52  0
58  -38  -25  0
4  -5  -23  0
56  16  1  0
60  -7  -26  0
11  19  5  0
24  -14  3  0
28  53  -25  0
7  51  56  0
-22  53  -39  0
-33  -29  -50  0
8  -25  -51  0
-38  5  -4  0
39  -40  -36  0
28  -5  13  0
-59  -54  33  0
-32  -20  17  0
-58  38  44  0
18  12  25  0
51  29  43  0
-28  -50  -41  0
-5  41  -15  0
-12  40  42  0
-34  -54  42  0
24  -26  -41  0
-27  17  -49  0
-59  54  36  0
31  13  35  0
10  46  41  0
-44  37  -39  0
