c mkcnf random cnf with seed 826666, max clause length 3
c FORCED SATISFIABLE
c 
p cnf 60  258
15  44  -24  0
-30  26  55  0
-19  -40  -32  0
30  -35  -4  0
-47  -5  35  0
4  -20  -54  0
33  -12  46  0
-34  -32  -15  0
53  51  -41  0
1  -19  -23  0
30  54  -9  0
35  -9  -25  0
-43  9  -55  0
-37  8  -28  0
-32  48  -53  0
56  60  -32  0
-28  35  14  0
3  40  37  0
47  20  16  0
21  -14  -27  0
-46  40  33  0
5  -54  29  0
-26  -58  20  0
-48  43  18  0
48  36  -37  0
23  6  -55  0
-19  16  -21  0
-7  40  -24  0
-56  39  -25  0
-39  21  -8  0
-8  -7  54  0
-57  43  -22  0
28  13  -31  0
-52  34  -49  0
44  7  -29  0
6  41  24  0
-23  -32  -4  0
4  58  -16  0
15  39  9  0
-33  -12  -45  0
58  -57  -22  0
-57  16  -7  0
-44  -57  -22  0
-53  31  -38  0
5  -30  21  0
10  -47  24  0
-40  -11  26  0
-43  55  47  0
-54  31  5  0
14  -4  -46  0
59  -22  -40  0
43  -38  34  0
29  -55  45  0
-31  -37  -44  0
20  -57  60  0
39  31  -37  0
19  26  54  0
-31  -30  -34  0
-21  48  44  0
45  11  30  0
-55  -56  -45  0
48  8  37  0
29  37  -12  0
53  6  -14  0
-21  -7  -45  0
-14  -50  -35  0
-27  50  -45  0
32  -6  -53  0
37  -55  52  0
2  59  -38  0
-60  -51  46  0
57  -9  -48  0
-9  -13  -10  0
-44  7  -27  0
57  9  12  0
22  17  48  0
8  54  7  0
28  -10  20  0
39  7  18  0
27  -16  -44  0
12  -26  -47  0
25  15  -50  0
-34  11  -33  0
58  60  57  0
-50  -45  -16  0
25  44  -38  0
60  -58  34  0
44  -5  17  0
-49  51  18  0
22  -29  -51  0
3  -6  11  0
-25  -6  -8  0
-2  -38  -53  0
45  -5  35  0
39  60  50  0
-9  -7  -40  0
-25  -55  -60  0
42  21  33  0
-14  -8  -32  0
18  40  31  0
-10  -3  -18  0
-11  60  1  0
-12  -38  10  0
5  43  -3  0
60  32  47  0
3  25  49  0
-38  30  -52  0
52  -58  -6  0
49  -27  -42  0
-10  2  -12  0
24  23  39  0
-32  -57  -30  0
-12  -38  30  0
55  -16  31  0
9  -26  20  0
34  -9  39  0
-34  -42  -18  0
19  -3  35  0
-33  38  22  0
-2  33  -51  0
16  44  47  0
-3  -2  -51  0
-14  28  9  0
-49  27  1  0
20  51  60  0
47  -39  27  0
20  16  -23  0
28  -54  -42  0
35  45  -10  0
53  57  -49  0
-48  46  -11  0
-36  -20  15  0
-6  -29  -40  0
45  -43  -51  0
-46  50  55  0
56  1  -29  0
-7  -34  -26  0
18  -35  -28  0
-27  55  -52  0
39  -31  7  0
-48  -44  -14  0
-41  18  -45  0
-31  51  6  0
39  -57  19  0
-48  -51  -35  0
31  -16  50  0
47  39  -15  0
-29  -48  27  0
-16  8  -30  0
-24  -36  54  0
48  50  -51  0
-45  5  12  0
-18  -47  15  0
33  -22  27  0
9  -57  -50  0
36  29  49  0
5  26  -36  0
-3  -9  -47  0
52  -1  -8  0
5  45  2  0
-30  -14  -26  0
-41  5  9  0
60  53  34  0
9  -49  -21  0
-54  5  -49  0
38  -53  57  0
14  -6  29  0
10  2  -19  0
-22  50  58  0
-34  -18  48  0
60  3  -51  0
58  49  25  0
4  54  -38  0
-53  -39  -6  0
22  -38  12  0
-20  -35  -51  0
-35  -43  56  0
45  -46  48  0
18  -46  -37  0
13  -58  57  0
4  -13  -48  0
11  -51  -33  0
-10  34  45  0
-38  -35  45  0
23  -50  -57  0
13  -9  12  0
10  -13  31  0
43  26  -27  0
-22  -38  -41  0
-32  18  16  0
5  49  28  0
-46  -45  -26  0
-4  -6  48  0
-54  26  -58  0
-54  33  -57  0
43  46  26  0
40  -21  20  0
51  32  55  0
53  -33  16  0
-13  -15  -43  0
57  -13  4  0
9  -22  11  0
51  -19  -20  0
55  6  -9  0
7  4  45  0
-29  31  -25  0
-36  -11  53  0
-44  -47  36  0
-5  -59  -53  0
-26  30  36  0
12  -50  37  0
32  21  6  0
-7  39  17  0
53  13  24  0
-46  24  38  0
60  1  -27  0
22  -54  -34  0
-1  42  -37  0
-10  -13  -9  0
-4  56  -39  0
10  -29  7  0
-1  20  40  0
22  14  53  0
-31  -38  41  0
28  -27  4  0
-14  -42  40  0
-47  -42  -21  0
42  -26  -21  0
10  -28  41  0
33  -16  56  0
-20  -10  22  0
-15  -29  31  0
34  -7  55  0
37  35  -55  0
35  -43  58  0
-28  -35  -40  0
-12  -48  -23  0
-12  -4  28  0
-17  57  60  0
-38  53  -1  0
2  9  1  0
-18  -51  -38  0
10  26  -9  0
8  5  41  0
29  -44  54  0
57  15  -34  0
41  15  -11  0
-20  59  10  0
-14  53  6  0
-5  52  28  0
6  -7  34  0
-44  56  29  0
59  56  -46  0
-30  32  4  0
14  -1  35  0
-31  -12  -1  0
-56  49  -1  0
-36  5  10  0
