c mkcnf random cnf with seed 826632, max clause length 3
c FORCED SATISFIABLE
c 
p cnf 60  258
-42  2  -60  0
47  7  -44  0
-8  28  56  0
-47  -48  -27  0
33  -42  51  0
-50  -31  54  0
-9  7  -55  0
20  -3  39  0
-26  14  18  0
50  -35  53  0
-5  12  11  0
-59  57  -46  0
-11  -14  -2  0
-26  -54  44  0
52  -57  12  0
-14  -45  -52  0
26  37  10  0
-15  12  -14  0
17  2  -54  0
-52  -13  -40  0
60  57  31  0
-42  -37  -29  0
52  -41  -46  0
12  55  -19  0
26  27  -49  0
-38  17  19  0
31  52  43  0
-53  -12  21  0
27  -17  33  0
-49  48  4  0
9  -42  36  0
22  -50  -23  0
29  46  -7  0
26  54  17  0
14  59  -27  0
-23  39  -35  0
34  51  -13  0
43  -30  47  0
-36  -11  -60  0
-29  58  -24  0
41  29  -24  0
10  52  -25  0
51  45  47  0
-30  18  -19  0
-18  9  -29  0
31  -17  -29  0
-9  52  -58  0
-46  -45  42  0
-57  7  -36  0
-31  44  -40  0
-17  -30  16  0
54  36  15  0
30  10  22  0
-17  -29  60  0
-2  42  47  0
-45  31  2  0
9  48  58  0
46  -39  -2  0
60  41  -15  0
-52  20  49  0
54  -33  -46  0
-2  -10  -42  0
-17  -48  -3  0
21  35  -37  0
58  15  -25  0
2  -56  -29  0
-15  26  -42  0
-15  44  -12  0
-2  15  60  0
-23  -32  30  0
-26  24  -36  0
6  19  9  0
-28  46  -19  0
-52  39  -1  0
-20  -6  27  0
24  49  -11  0
8  16  5  0
-54  1  17  0
17  -41  -55  0
48  -17  -24  0
48  -18  55  0
-18  27  17  0
-42  -25  8  0
-11  25  23  0
59  58  -3  0
-3  -12  14  0
10  -22  51  0
38  7  -34  0
7  52  16  0
22  53  -44  0
50  -28  -32  0
53  -27  -8  0
34  -38  -12  0
36  55  -15  0
28  -1  41  0
-28  -23  40  0
17  54  -24  0
-28  3  48  0
29  56  11  0
-16  -43  25  0
-12  -11  -56  0
47  14  -30  0
-3  42  1  0
-60  53  -23  0
-58  24  23  0
-29  9  -33  0
-56  21  -28  0
24  9  -44  0
58  -4  39  0
40  26  9  0
59  20  -48  0
-18  -39  -7  0
50  -35  2  0
-43  -52  2  0
-52  -44  50  0
-30  3  -53  0
-3  24  31  0
26  53  45  0
57  38  24  0
-6  -37  -33  0
33  -51  -17  0
-15  46  47  0
51  -50  26  0
50  25  15  0
5  42  -54  0
-5  -32  34  0
-25  17  -50  0
8  25  -35  0
25  26  -8  0
20  -51  34  0
7  -22  -56  0
-22  -52  8  0
32  -37  38  0
48  -60  11  0
42  -21  -23  0
27  55  -52  0
53  25  33  0
-51  -5  30  0
21  -52  51  0
49  14  -8  0
36  -32  -11  0
-57  -52  -1  0
-52  57  -47  0
-22  55  23  0
-25  -43  -58  0
-58  12  11  0
13  -42  60  0
-38  30  -26  0
-29  13  10  0
44  -21  -55  0
15  51  -54  0
15  42  -60  0
51  60  -26  0
-6  19  47  0
57  58  4  0
-4  -23  -22  0
50  25  -9  0
60  51  -48  0
-2  13  57  0
-1  -56  15  0
-24  -53  -8  0
5  19  15  0
10  58  -13  0
28  -13  -38  0
-26  28  44  0
-21  -11  -14  0
-28  -18  2  0
11  -28  24  0
-52  -37  26  0
55  35  57  0
-21  60  28  0
38  -30  -26  0
-33  -52  42  0
-35  44  -54  0
45  25  -55  0
53  -25  -35  0
-7  -32  31  0
59  47  21  0
9  -59  -30  0
-37  24  -21  0
-28  -3  -36  0
37  -22  29  0
37  -60  -12  0
40  -16  -49  0
59  -39  10  0
-21  -28  43  0
-16  -13  28  0
-11  -3  -51  0
34  -24  52  0
21  -55  -30  0
45  -13  -34  0
-50  -51  -58  0
-1  -13  30  0
-22  28  -56  0
-44  -17  41  0
18  -32  -16  0
-16  -39  48  0
58  45  53  0
-50  -44  35  0
-36  40  26  0
42  21  53  0
-53  -16  9  0
53  34  -14  0
18  47  -15  0
44  -24  22  0
-52  4  33  0
-11  12  -34  0
-7  1  -8  0
-29  2  -32  0
31  3  29  0
-53  34  -51  0
-27  -56  6  0
42  -4  -46  0
55  26  19  0
-48  -43  -49  0
34  -30  24  0
51  28  -22  0
2  28  27  0
-23  -28  -34  0
-23  -21  -43  0
27  -9  51  0
-2  31  10  0
54  27  25  0
50  25  -2  0
-36  21  6  0
20  -55  3  0
-36  17  -34  0
-55  -49  21  0
-23  -58  49  0
-31  -25  -53  0
-36  55  5  0
-33  27  -31  0
17  59  -40  0
-34  -51  -29  0
-30  -5  1  0
9  30  36  0
-30  -32  9  0
10  6  27  0
26  17  -49  0
-49  -25  -4  0
-12  8  -4  0
39  45  23  0
-37  -31  -18  0
-36  -34  -42  0
-37  23  -9  0
-19  60  18  0
60  -45  -36  0
26  -39  -2  0
-33  -36  -59  0
-15  9  57  0
36  -52  -12  0
-6  -5  33  0
45  10  2  0
-59  -30  -27  0
-19  51  -34  0
34  20  29  0
14  -51  -17  0
33  50  -1  0
