c mkcnf random cnf with seed 826714, max clause length 3
c FORCED SATISFIABLE
c 
p cnf 60  258
-6  51  -60  0
6  -10  23  0
-57  -25  13  0
6  17  -57  0
53  -33  -38  0
-26  -56  -11  0
-49  8  -46  0
17  49  31  0
55  -27  -58  0
17  32  44  0
10  28  -48  0
28  54  2  0
45  23  -42  0
26  -22  7  0
-20  47  -52  0
-5  33  11  0
-20  -8  30  0
42  52  34  0
58  18  59  0
44  4  -7  0
-24  45  1  0
-1  -4  25  0
33  -21  59  0
-41  -16  -32  0
27  -23  -35  0
-59  -10  7  0
-36  58  -16  0
-23  -53  12  0
43  52  13  0
24  43  23  0
-46  18  41  0
23  -34  -18  0
-25  -7  -4  0
60  -47  -22  0
-13  -3  -9  0
-37  -15  -31  0
-21  35  56  0
44  29  -6  0
37  -11  13  0
-3  48  -58  0
-15  42  -4  0
5  25  14  0
-16  9  -3  0
18  51  -25  0
8  -13  50  0
50  -56  44  0
-31  21  -47  0
-20  -33  25  0
-38  -15  12  0
37  -27  -11  0
-2  7  -60  0
60  -10  -19  0
-24  33  -55  0
15  -37  16  0
49  12  -35  0
-22  1  -5  0
49  -13  -45  0
21  -55  20  0
-46  -48  -33  0
-50  55  -58  0
41  36  38  0
-32  -10  37  0
31  -7  33  0
-14  31  38  0
-10  -3  -44  0
50  45  -42  0
-46  49  11  0
18  -17  39  0
-52  -7  21  0
-32  13  -25  0
11  -52  40  0
-48  4  22  0
11  -7  9  0
-13  20  55  0
49  44  22  0
-34  58  -12  0
-23  -41  -28  0
46  41  -39  0
52  -44  -4  0
51  -53  22  0
-42  -9  57  0
-43  -45  51  0
-14  17  10  0
-4  51  20  0
9  -54  -14  0
-4  60  -38  0
-42  10  46  0
33  -50  58  0
-59  -27  8  0
17  49  50  0
38  46  21  0
27  58  -54  0
-3  45  -60  0
-29  -36  18  0
-43  38  52  0
-56  23  -22  0
-54  50  -56  0
-10  45  -3  0
27  -25  -34  0
33  -12  9  0
3  2  -6  0
-4  -29  -50  0
10  41  29  0
36  38  9  0
-7  -32  -29  0
41  -34  13  0
40  53  2  0
-50  -21  37  0
-58  60  44  0
44  -8  -18  0
-16  -51  34  0
39  45  49  0
-18  -1  39  0
-12  -31  -11  0
-46  -18  -47  0
59  -3  52  0
31  -37  50  0
20  29  -56  0
-43  25  -15  0
-59  34  15  0
57  -59  -27  0
22  -48  -57  0
23  -38  7  0
-35  59  7  0
15  23  -49  0
42  6  20  0
-38  41  -20  0
-59  26  -33  0
20  40  34  0
-60  35  -44  0
-42  39  -26  0
35  60  -6  0
-50  29  -6  0
34  35  -28  0
-60  14  -16  0
-36  -1  -56  0
53  12  19  0
-48  -37  51  0
-50  43  -30  0
31  50  1  0
-3  52  -18  0
-18  39  30  0
-35  -60  43  0
10  21  53  0
18  16  -26  0
-21  32  -24  0
-56  -51  -48  0
3  41  57  0
46  40  -48  0
19  21  -6  0
-56  -55  -27  0
4  18  6  0
13  11  45  0
8  -37  22  0
30  -4  14  0
-53  43  59  0
52  53  57  0
-4  1  -34  0
-9  37  -53  0
18  17  27  0
-1  21  -18  0
-37  -26  -2  0
-42  -50  4  0
-11  53  -30  0
-43  -24  -37  0
-11  59  -30  0
-39  44  -56  0
20  -15  53  0
-47  -18  -13  0
5  42  25  0
53  15  56  0
51  26  -45  0
-17  -11  27  0
-29  44  -60  0
39  -31  -3  0
-37  -53  47  0
7  20  33  0
-20  32  15  0
-1  -17  9  0
28  16  -9  0
14  -12  19  0
56  39  24  0
51  12  -23  0
12  -36  -42  0
-1  -39  -29  0
-9  39  -2  0
-54  60  40  0
12  25  10  0
25  -56  -9  0
-10  55  47  0
-11  -14  35  0
4  2  -59  0
36  37  6  0
-28  -36  20  0
11  31  18  0
-40  14  -30  0
56  -6  -19  0
46  -16  53  0
52  -50  -45  0
53  -50  24  0
44  33  60  0
-49  10  58  0
-23  -49  -53  0
36  1  46  0
44  -8  54  0
7  -6  -39  0
9  -11  -53  0
-7  58  25  0
41  -46  34  0
-32  4  -13  0
37  29  47  0
-39  20  44  0
-27  -1  -44  0
-3  45  1  0
21  -45  -34  0
-28  -3  -22  0
22  59  1  0
-44  6  -41  0
20  25  -42  0
-53  29  -38  0
30  -36  24  0
60  30  -42  0
16  -58  -18  0
-36  38  5  0
4  20  8  0
22  50  31  0
-10  18  47  0
-57  30  22  0
-35  -5  -42  0
-30  54  -17  0
-29  -26  -24  0
31  -29  -48  0
-59  -53  -3  0
-9  -21  6  0
-29  53  -33  0
13  -44  10  0
-47  -27  -59  0
-20  56  50  0
-9  45  -37  0
-10  -30  40  0
-45  -51  60  0
34  -4  -2  0
-52  20  15  0
-9  -38  -23  0
-20  -44  -3  0
55  -1  48  0
-57  -10  24  0
-2  41  27  0
-36  3  -23  0
-56  -40  -60  0
-38  -49  -27  0
-10  45  -7  0
-45  -5  -14  0
39  32  43  0
-41  28  -13  0
-34  9  -6  0
46  43  -30  0
34  -12  29  0
