c mkcnf random cnf with seed 826634, max clause length 3
c FORCED SATISFIABLE
c 
p cnf 60  258
-1  40  -21  0
-11  -39  1  0
39  -32  -13  0
-2  34  -8  0
46  25  33  0
-57  -58  33  0
-45  42  -4  0
9  -52  22  0
-30  60  -38  0
-34  32  49  0
-27  52  48  0
45  31  -54  0
15  33  -22  0
-33  46  -52  0
28  -1  25  0
-27  35  -38  0
-31  39  52  0
19  57  -10  0
42  -23  8  0
60  7  -25  0
36  -7  -32  0
-10  59  1  0
-7  -2  -9  0
-2  11  -37  0
-57  9  8  0
41  16  4  0
-32  3  8  0
35  50  -4  0
-30  3  1  0
44  -27  26  0
32  23  -39  0
55  15  -60  0
42  -24  -53  0
-6  4  -16  0
24  57  53  0
59  12  -33  0
-43  25  56  0
-32  -33  -5  0
58  53  -22  0
38  18  45  0
5  6  -13  0
18  14  -36  0
9  59  -28  0
47  2  21  0
-35  -34  -13  0
-6  -24  44  0
-22  -37  -28  0
48  35  -21  0
26  -14  -28  0
33  5  -3  0
-13  42  41  0
-7  -46  -17  0
-14  34  -5  0
-49  -43  -1  0
-20  -35  -45  0
-50  -2  36  0
-48  22  -13  0
42  49  51  0
8  -46  -6  0
-17  14  29  0
-53  -16  -13  0
51  50  42  0
60  -14  -31  0
57  22  5  0
-20  8  -24  0
21  -40  54  0
-58  7  -37  0
47  -11  -14  0
-38  3  -49  0
55  27  -51  0
32  34  -39  0
-5  -57  -44  0
27  47  59  0
31  16  32  0
52  59  -17  0
7  60  10  0
44  -53  -54  0
-19  -5  -35  0
-60  23  3  0
-59  25  -46  0
7  -3  5  0
49  11  -43  0
51  13  -60  0
33  4  48  0
-36  46  -17  0
16  12  33  0
-15  16  45  0
-47  42  7  0
-3  24  36  0
-54  8  -24  0
-26  -44  -36  0
25  55  -20  0
-20  -44  -57  0
35  36  45  0
20  -5  -58  0
37  -19  5  0
-44  54  31  0
29  -38  -20  0
49  1  -7  0
21  44  -57  0
5  43  -4  0
57  -10  24  0
21  50  -40  0
18  6  -48  0
6  24  25  0
18  -54  -34  0
38  52  22  0
4  15  39  0
-43  20  -37  0
-58  54  11  0
-58  46  51  0
24  -27  13  0
-2  19  -39  0
-45  28  -5  0
3  -33  -52  0
15  -29  2  0
11  -10  22  0
27  59  -21  0
-6  -52  -41  0
-37  -55  58  0
-40  44  -17  0
-1  59  -25  0
-60  35  28  0
29  -44  -6  0
-12  45  -57  0
-8  -6  3  0
46  7  -56  0
51  46  38  0
-8  41  -1  0
-4  57  -24  0
-21  40  35  0
55  -53  33  0
35  56  -48  0
-19  32  8  0
-41  59  24  0
39  -14  -23  0
-31  23  -18  0
34  -15  22  0
-42  -9  54  0
-40  -60  -31  0
-44  -53  17  0
-29  -60  -39  0
-2  -50  -22  0
48  -45  26  0
-34  21  -6  0
-49  31  29  0
22  -54  40  0
32  24  39  0
52  43  36  0
-25  -20  12  0
8  47  22  0
51  -15  58  0
54  -6  30  0
44  -55  10  0
18  7  -46  0
9  31  -40  0
59  32  -43  0
20  -39  25  0
-46  -35  -60  0
-53  49  -12  0
-18  17  8  0
-36  47  2  0
-25  34  22  0
-31  42  -21  0
18  -32  56  0
48  -6  9  0
-22  -9  17  0
35  -23  -58  0
28  -36  -54  0
-24  -7  1  0
29  -31  51  0
-9  -50  17  0
-29  47  -37  0
-27  -55  -34  0
-54  6  -60  0
4  28  33  0
-56  -30  38  0
14  -34  38  0
-20  26  58  0
37  -18  -35  0
16  -18  -52  0
-58  48  49  0
-14  7  52  0
28  -16  3  0
40  27  -2  0
-21  8  -3  0
44  -20  60  0
-52  44  -49  0
-44  50  21  0
-6  27  57  0
-7  -30  8  0
56  -36  -3  0
57  -8  -46  0
4  -59  -12  0
-16  -40  -2  0
59  -42  -23  0
-15  -54  -50  0
37  1  -49  0
34  -5  -20  0
-27  -33  -10  0
20  -43  28  0
7  48  12  0
-52  47  16  0
-58  -26  40  0
25  58  -55  0
-36  33  -3  0
49  5  20  0
-6  -4  13  0
34  -57  -20  0
-16  32  11  0
-53  -6  -17  0
-24  60  49  0
24  -3  -55  0
-5  -34  10  0
52  -12  36  0
29  -39  -1  0
24  20  -9  0
17  -37  13  0
22  -48  59  0
37  1  46  0
11  38  39  0
5  -24  49  0
54  47  -49  0
-7  -33  31  0
-10  -48  -23  0
12  13  57  0
-32  30  52  0
20  32  2  0
9  -33  -56  0
41  -13  59  0
4  -14  -30  0
49  -6  -18  0
-4  -12  42  0
-51  12  -40  0
46  20  1  0
-3  38  28  0
-4  -3  -25  0
-5  -9  -16  0
-41  54  -33  0
-18  -21  60  0
1  -37  -44  0
25  48  -38  0
43  -5  45  0
26  -6  -13  0
-10  -14  58  0
-18  -9  37  0
44  3  -11  0
34  19  -57  0
54  39  58  0
29  52  14  0
24  -16  36  0
26  -40  -60  0
-35  45  23  0
54  -18  47  0
13  5  46  0
5  -49  -20  0
-53  55  -29  0
3  6  19  0
