c mkcnf random cnf with seed 826660, max clause length 3
c FORCED SATISFIABLE
c 
p cnf 60  258
16  51  -27  0
49  1  9  0
7  55  8  0
-10  -21  56  0
-7  -44  -50  0
-15  4  5  0
59  16  25  0
1  25  -55  0
57  8  12  0
-15  30  -31  0
6  -34  45  0
9  50  -35  0
-31  13  -9  0
-16  13  -12  0
49  32  -11  0
-21  46  42  0
58  48  17  0
59  -11  -42  0
37  41  -55  0
58  49  56  0
34  -20  48  0
33  5  50  0
7  27  -8  0
21  22  36  0
-2  48  33  0
-42  47  -25  0
-46  53  -58  0
8  50  -3  0
26  -8  37  0
-53  25  -44  0
-44  56  -55  0
53  -11  35  0
-28  55  -4  0
21  51  -4  0
59  -24  -23  0
-9  -45  49  0
43  -15  47  0
53  -7  11  0
-33  -26  -10  0
-56  -21  32  0
-18  -47  60  0
-37  -46  15  0
15  -44  2  0
-44  -52  -20  0
4  -23  24  0
9  31  -4  0
-31  -55  51  0
2  14  7  0
42  -39  -28  0
45  -52  31  0
-49  47  3  0
-2  -23  16  0
37  -30  24  0
54  -36  -57  0
-26  30  13  0
-53  -6  -8  0
-39  -43  -16  0
41  1  -22  0
-59  -35  -11  0
-18  28  31  0
-24  53  -9  0
38  20  34  0
57  10  -25  0
16  1  49  0
35  -50  -28  0
-25  36  10  0
7  -15  -37  0
-40  36  -10  0
-23  -52  13  0
33  7  47  0
36  39  21  0
-18  -60  -29  0
32  -48  27  0
48  -42  35  0
-26  44  35  0
6  40  -18  0
40  -36  -10  0
-54  23  -13  0
34  -2  22  0
-24  -3  48  0
-4  -57  -27  0
-58  30  -55  0
59  -31  -24  0
23  -56  57  0
-38  30  -18  0
20  -11  26  0
-10  -46  -60  0
-28  -11  -25  0
-32  55  -56  0
-38  34  53  0
-22  -9  -2  0
37  -34  -53  0
-51  -43  -15  0
-32  36  -28  0
-10  -25  16  0
-5  -10  -6  0
31  30  -32  0
-1  -37  5  0
53  -52  -55  0
-13  23  -52  0
28  -41  -60  0
10  -34  14  0
37  25  10  0
7  -20  -52  0
-56  -36  -24  0
-45  34  2  0
33  54  -24  0
18  21  -45  0
-13  -54  31  0
26  -4  -28  0
56  13  34  0
-25  -1  -59  0
-48  -32  23  0
-27  -3  -59  0
-39  -2  -54  0
51  11  56  0
34  -32  30  0
-54  -15  1  0
18  14  28  0
13  -54  22  0
-3  41  -4  0
-8  -56  38  0
13  -49  34  0
34  53  -35  0
-12  -25  31  0
41  36  53  0
-50  -27  22  0
-23  -12  52  0
-7  26  -1  0
8  -26  -35  0
51  -31  15  0
-27  15  -54  0
-43  -12  10  0
48  46  -24  0
-10  -34  51  0
30  -49  -32  0
-25  21  20  0
-58  2  -20  0
-30  8  22  0
28  -14  -48  0
-24  -20  35  0
-39  59  -27  0
-23  -56  -46  0
-58  -15  -4  0
32  -56  -13  0
13  29  46  0
4  -42  43  0
-42  10  -25  0
-47  10  1  0
-45  -2  8  0
49  -40  -2  0
-52  -43  6  0
32  -14  24  0
30  -44  -15  0
-44  50  38  0
-19  55  44  0
52  -32  -6  0
32  34  -35  0
9  -6  36  0
-43  38  48  0
-3  29  -27  0
51  -49  10  0
4  2  -3  0
-18  3  15  0
-52  17  32  0
41  -36  17  0
38  24  58  0
6  31  -46  0
-28  -8  2  0
20  45  -36  0
-12  -32  -57  0
1  17  43  0
-32  1  11  0
-19  -4  -7  0
-8  48  47  0
39  -3  -29  0
10  45  -9  0
-20  60  -58  0
-38  12  -57  0
-24  -30  29  0
33  56  30  0
28  -48  -49  0
24  -2  49  0
-16  -29  -26  0
-20  -27  -45  0
-17  5  -25  0
-53  48  45  0
25  -26  -18  0
-13  -59  26  0
-34  10  46  0
20  -50  -58  0
21  55  24  0
2  57  20  0
-48  2  -50  0
-10  -13  48  0
-53  -27  7  0
-7  -53  20  0
-22  -54  38  0
-32  4  25  0
-55  -4  28  0
-15  -23  4  0
22  34  -53  0
-20  -52  33  0
-53  25  -26  0
-2  -59  -40  0
30  -51  53  0
41  54  -60  0
53  19  -2  0
16  56  -5  0
-54  49  50  0
3  33  -6  0
-9  19  43  0
5  23  -31  0
-45  37  -36  0
27  2  -43  0
60  29  -59  0
-7  36  -48  0
28  38  -5  0
-10  50  -23  0
-23  1  -15  0
30  20  48  0
26  -39  2  0
8  -59  13  0
-16  8  -15  0
-9  35  44  0
-19  59  23  0
43  53  50  0
-32  46  -41  0
-39  53  12  0
11  -53  35  0
-2  -42  -28  0
21  31  43  0
-25  -9  -46  0
38  -33  -56  0
-45  -43  41  0
29  17  10  0
-46  55  -38  0
10  40  29  0
18  22  -23  0
-29  19  -47  0
-56  -26  -40  0
22  30  51  0
-45  50  -38  0
-13  49  -17  0
32  17  -16  0
15  43  36  0
21  50  -33  0
5  -21  24  0
60  -57  -20  0
54  -16  -10  0
55  37  52  0
14  -11  -38  0
35  -44  -40  0
-38  35  -16  0
-6  -35  -21  0
57  -37  -29  0
-54  -6  -15  0
21  -8  -58  0
