c mkcnf random cnf with seed 826641, max clause length 3
c FORCED SATISFIABLE
c 
p cnf 60  258
-10  -22  -57  0
5  -19  -40  0
10  -55  36  0
-45  53  19  0
-60  5  35  0
-22  -46  27  0
-15  11  32  0
36  4  -51  0
60  27  11  0
-53  -5  32  0
-53  -27  -33  0
-41  17  57  0
-14  56  -55  0
-53  29  19  0
-8  -56  28  0
-34  -26  -25  0
-48  -11  -29  0
30  -15  44  0
22  5  -25  0
-57  48  2  0
-1  -10  60  0
60  8  36  0
36  -60  -33  0
-57  27  -43  0
31  56  -38  0
23  55  -60  0
-41  11  23  0
51  54  -1  0
5  26  -21  0
-42  -2  -4  0
-20  4  -60  0
-51  -34  44  0
-53  -47  38  0
26  -60  -14  0
-49  37  -8  0
-58  39  30  0
-12  -8  23  0
11  -39  -22  0
44  -46  55  0
-19  14  -52  0
-25  16  -22  0
-4  -6  18  0
-31  36  -55  0
16  51  -40  0
29  11  21  0
-37  -32  42  0
-18  -41  24  0
38  17  -42  0
13  -52  -8  0
41  -21  -3  0
-15  -2  24  0
36  -12  -1  0
6  -20  -33  0
-35  52  32  0
-14  57  -39  0
-57  -46  -45  0
54  40  49  0
-18  -38  -2  0
33  29  34  0
-27  -28  3  0
-34  58  -17  0
-6  -40  52  0
-15  44  -11  0
-17  21  8  0
-51  59  38  0
11  -60  -34  0
6  -44  34  0
26  -28  42  0
-5  43  -14  0
26  -28  19  0
-22  13  -42  0
-54  45  -28  0
-6  -50  -25  0
57  -14  37  0
51  -52  3  0
25  35  40  0
-2  47  -46  0
-48  -57  -9  0
-45  -12  -57  0
27  -56  -11  0
-37  17  2  0
30  -44  -5  0
-57  58  -36  0
1  7  48  0
56  -14  44  0
31  29  -34  0
-49  32  -11  0
28  -39  52  0
-12  34  46  0
-41  -60  -34  0
5  31  -11  0
52  -29  47  0
-52  -60  17  0
-29  59  -38  0
-26  10  -59  0
52  18  55  0
12  -23  28  0
-44  -32  13  0
44  -34  6  0
17  -51  27  0
-25  18  53  0
34  50  31  0
1  -55  4  0
-44  58  -40  0
15  25  16  0
26  18  22  0
-28  47  -40  0
-59  31  11  0
23  39  -53  0
-16  -52  -1  0
45  -35  -52  0
-27  12  -43  0
-11  25  58  0
30  -29  13  0
-50  -18  -3  0
9  15  -38  0
-54  36  5  0
16  -45  28  0
1  -38  41  0
-57  4  22  0
-45  7  -35  0
51  -6  -36  0
-33  -11  -14  0
37  -60  53  0
-60  -1  55  0
35  -39  -60  0
1  -5  -27  0
-52  -9  11  0
-30  -39  -60  0
29  31  53  0
-14  13  9  0
30  47  25  0
30  -1  9  0
-30  54  -34  0
-56  -18  -16  0
2  25  -37  0
-20  -57  15  0
32  -58  -18  0
53  -31  49  0
-24  41  -6  0
-20  -6  -52  0
-35  31  17  0
-16  -7  50  0
36  -7  16  0
29  -17  24  0
15  -10  -1  0
-21  -42  -33  0
-24  44  -38  0
-59  13  -14  0
-33  40  -5  0
27  18  49  0
-30  23  24  0
5  41  56  0
2  -29  -19  0
-15  20  13  0
1  16  -44  0
-4  -54  -2  0
-18  21  43  0
-19  35  45  0
58  12  60  0
-49  50  21  0
-41  24  17  0
-12  42  -32  0
5  25  -34  0
-25  28  -58  0
60  53  -8  0
41  45  -29  0
59  34  -19  0
51  37  -60  0
53  -29  -2  0
-6  -24  -26  0
-25  -36  9  0
-17  16  35  0
-43  -29  -27  0
-37  38  -2  0
45  -20  44  0
-28  52  -49  0
-10  -43  1  0
40  -32  -25  0
-56  22  -24  0
30  11  -57  0
-43  25  26  0
14  39  -28  0
-2  13  9  0
-20  22  -57  0
50  -39  12  0
-36  24  59  0
-45  22  38  0
23  21  -40  0
26  -50  -5  0
40  7  -23  0
-24  20  -30  0
8  -55  -25  0
-27  -29  -1  0
-36  -35  -19  0
12  59  49  0
-31  22  9  0
4  -10  47  0
47  34  54  0
54  45  21  0
46  21  -26  0
49  29  34  0
-1  21  -24  0
-43  -35  -3  0
52  53  13  0
33  -29  -27  0
-14  37  -2  0
32  60  -8  0
-21  -60  37  0
6  31  55  0
30  10  -59  0
14  1  3  0
58  1  12  0
-50  39  -20  0
-34  -22  -28  0
-55  -3  -1  0
-17  -27  36  0
32  57  -52  0
57  -11  -26  0
59  -27  -41  0
7  45  53  0
3  8  5  0
21  -1  27  0
-15  21  -40  0
14  -51  -45  0
21  4  -57  0
49  -11  56  0
-15  -10  -40  0
26  24  59  0
-59  -32  51  0
-53  -42  26  0
-8  -31  47  0
20  -11  12  0
-14  35  -16  0
2  -17  33  0
-46  8  -12  0
-58  39  28  0
58  41  10  0
-3  50  -11  0
-6  -37  -46  0
18  -45  -10  0
-20  13  21  0
58  15  -47  0
-7  36  -42  0
-23  26  -17  0
-42  -43  -26  0
-38  24  -56  0
-53  -47  18  0
6  -1  52  0
-21  -54  -24  0
33  -25  -50  0
-12  44  55  0
54  -58  55  0
21  16  -27  0
-41  -50  -59  0
-54  43  51  0
-26  -2  18  0
-13  60  56  0
