c mkcnf random cnf with seed 826667, max clause length 3
c FORCED SATISFIABLE
c 
p cnf 60  258
25  33  -4  0
3  -27  -59  0
-21  39  24  0
54  4  48  0
20  -57  55  0
12  -16  1  0
-32  9  25  0
-9  46  50  0
-43  3  -31  0
60  8  3  0
-3  5  44  0
-42  -53  9  0
-50  -31  -22  0
8  26  6  0
-7  45  30  0
45  20  -8  0
31  26  -27  0
-13  39  22  0
-13  -2  -38  0
-43  -56  7  0
44  58  28  0
-51  23  -10  0
-7  45  -56  0
-42  3  -38  0
-11  -54  -47  0
52  49  -18  0
-24  17  -20  0
-30  11  -44  0
-1  15  -20  0
-31  17  38  0
23  -43  40  0
-24  55  20  0
58  -25  9  0
43  24  -27  0
36  46  -16  0
12  -44  48  0
18  -35  52  0
33  16  -20  0
24  29  -14  0
-45  -16  -8  0
2  19  -47  0
47  -7  -37  0
-35  -39  -28  0
-46  47  -29  0
-16  8  19  0
-20  -48  -54  0
-11  12  -41  0
54  12  -6  0
47  56  3  0
-53  -4  -12  0
-51  6  -39  0
-6  29  12  0
-43  12  -21  0
-21  -9  40  0
-28  30  -22  0
5  -7  24  0
34  -10  23  0
43  -16  -21  0
39  -14  13  0
56  21  7  0
-12  50  41  0
-33  16  -5  0
-51  -14  -1  0
45  1  -59  0
-56  38  20  0
-27  -33  -45  0
-42  -30  55  0
28  -40  44  0
59  46  31  0
52  -49  -14  0
-9  -18  -43  0
-31  -44  58  0
-53  -39  30  0
9  30  29  0
30  20  1  0
-34  27  24  0
35  29  7  0
-23  58  53  0
49  36  -24  0
-20  60  30  0
33  53  -54  0
32  41  -18  0
-37  38  -40  0
-6  -26  -27  0
46  25  -60  0
-8  31  2  0
-6  19  -40  0
22  -54  -12  0
7  38  44  0
-9  40  -42  0
39  8  -22  0
41  -22  60  0
-37  15  42  0
7  -29  -31  0
7  -25  -16  0
13  -12  58  0
-3  42  53  0
-60  28  47  0
-59  52  -23  0
41  37  -58  0
-34  56  -27  0
-43  -57  -32  0
-42  58  -54  0
-41  -2  45  0
-7  41  -54  0
-53  36  13  0
-27  -24  -36  0
60  -40  -50  0
-15  -17  8  0
-46  -49  -14  0
56  51  -30  0
-30  -58  -5  0
58  43  -11  0
23  -30  -37  0
34  -15  -60  0
-37  -34  -28  0
-48  40  53  0
-53  -47  3  0
39  10  -51  0
-5  39  32  0
3  58  36  0
-28  -20  -14  0
11  -54  55  0
-28  29  -9  0
51  -5  53  0
28  -26  27  0
39  42  -9  0
-36  -60  35  0
-31  -21  54  0
13  22  -7  0
20  -3  -44  0
60  -23  34  0
11  -39  26  0
-29  -49  30  0
-2  13  -51  0
3  58  26  0
40  2  23  0
27  51  18  0
60  47  44  0
-49  5  -13  0
46  40  -5  0
30  -18  58  0
34  47  17  0
50  11  -2  0
50  32  4  0
17  34  -1  0
-46  -20  -32  0
-25  -27  20  0
39  -6  21  0
-24  -15  -9  0
1  -56  -5  0
50  41  1  0
-53  28  22  0
40  27  28  0
57  -25  -22  0
29  48  -10  0
29  36  41  0
6  -56  -9  0
-23  -26  41  0
22  45  -60  0
10  -36  22  0
-16  -9  -40  0
14  38  -13  0
39  -32  11  0
-12  -19  5  0
54  -30  16  0
-24  -37  -36  0
-53  -27  -3  0
3  42  4  0
-38  30  -56  0
-8  -48  -46  0
-25  -52  47  0
53  -32  -9  0
-28  49  -56  0
56  -38  -1  0
19  -55  -7  0
29  -27  -17  0
-6  -18  -28  0
17  42  -39  0
5  -6  42  0
-44  -51  -15  0
-1  -49  -5  0
-47  -10  12  0
38  -7  -12  0
49  -22  -59  0
-47  -28  -12  0
-48  -7  -25  0
-7  9  -56  0
58  -24  -8  0
-2  -1  58  0
41  21  2  0
-48  47  -6  0
-41  -2  -40  0
-42  15  18  0
-38  57  -53  0
-28  57  -50  0
38  -19  57  0
28  34  16  0
14  -39  -38  0
-41  7  45  0
-27  -57  -32  0
52  47  -3  0
-51  -29  -37  0
-51  -26  24  0
-8  -47  40  0
-38  -45  -33  0
-54  -48  -22  0
-19  -38  -36  0
-23  27  2  0
-36  -49  -1  0
-27  33  -16  0
12  4  1  0
-35  -59  -30  0
24  -30  9  0
45  3  35  0
33  42  -41  0
50  -33  44  0
-29  -32  -50  0
29  20  22  0
-56  29  35  0
17  -4  33  0
-55  13  1  0
-30  37  -16  0
-10  8  58  0
12  -41  -28  0
-1  -8  24  0
36  -24  33  0
35  -22  23  0
-33  52  28  0
-40  -1  -20  0
-1  -30  -49  0
-12  -59  27  0
-20  10  5  0
-5  -48  8  0
1  30  -52  0
-8  -34  49  0
-24  20  -4  0
56  7  26  0
51  -32  -25  0
58  31  13  0
-43  53  -6  0
-44  33  -25  0
49  2  35  0
-42  27  -54  0
29  -54  -46  0
49  -55  13  0
44  -26  -43  0
50  -11  -35  0
-3  -24  -60  0
18  -47  -27  0
8  -11  -38  0
-32  -29  59  0
-42  -23  6  0
43  11  55  0
25  -46  -49  0
55  14  56  0
-37  47  50  0
45  -59  -51  0
