c mkcnf random cnf with seed 826712, max clause length 3
c FORCED SATISFIABLE
c 
p cnf 60  258
46  13  41  0
-30  -12  -36  0
16  -60  -15  0
-43  -25  -24  0
-56  42  -9  0
37  -40  27  0
-23  31  -43  0
-27  46  -37  0
11  48  17  0
53  -8  -59  0
-47  56  -29  0
-10  15  -28  0
25  -2  -40  0
-45  -10  -54  0
40  -43  11  0
11  55  -41  0
-8  36  -50  0
32  -20  33  0
-40  -6  24  0
28  39  -57  0
-3  -19  5  0
52  -30  -44  0
40  -38  49  0
-56  34  -26  0
-8  42  52  0
38  -26  3  0
52  -21  -14  0
11  60  12  0
15  22  -19  0
-33  -21  17  0
31  10  -18  0
-2  10  -38  0
56  -25  59  0
30  60  56  0
43  44  -32  0
-33  -28  -9  0
43  38  58  0
-56  18  -51  0
12  -58  -37  0
20  -43  -40  0
-50  -58  -2  0
-36  60  -1  0
-29  2  -45  0
39  -2  28  0
5  30  4  0
17  -34  28  0
-21  57  40  0
-48  46  -14  0
28  10  -52  0
31  -5  -56  0
19  -38  -43  0
-57  -26  15  0
11  37  -4  0
-1  -42  -59  0
-4  57  -46  0
-15  48  21  0
12  -5  -40  0
6  -46  21  0
8  3  -48  0
42  -20  -21  0
-57  25  -3  0
39  -20  -58  0
57  -37  29  0
23  53  13  0
-46  57  -50  0
-57  -53  14  0
8  -26  -20  0
-51  21  -31  0
22  20  -48  0
41  -5  11  0
-60  -20  -49  0
21  -39  10  0
-19  6  10  0
-8  -18  -28  0
-46  -50  40  0
-25  30  43  0
-49  -35  -29  0
22  -36  -4  0
-2  53  -48  0
-35  47  -29  0
-14  4  -12  0
-3  -32  -4  0
59  49  -18  0
-22  -51  -47  0
-9  2  54  0
-2  -14  12  0
-43  -55  11  0
-47  46  18  0
-4  11  29  0
48  -2  -38  0
11  41  -35  0
34  60  17  0
29  36  16  0
-3  -27  -15  0
-18  -59  9  0
-5  -24  41  0
4  59  46  0
-37  27  36  0
47  -27  12  0
-20  30  -47  0
-25  30  35  0
-14  53  -3  0
49  -52  4  0
37  15  -4  0
-23  14  58  0
-57  39  -19  0
20  -37  22  0
-60  48  14  0
-60  45  57  0
54  30  -27  0
-24  20  -10  0
-58  38  30  0
36  30  44  0
53  42  -8  0
-27  6  -17  0
32  54  -1  0
-37  60  9  0
-23  -49  -27  0
-34  35  -45  0
-24  -12  47  0
-28  -13  16  0
-16  -15  -1  0
-31  -49  -42  0
19  55  -37  0
-29  11  -25  0
34  13  27  0
49  45  8  0
47  -40  -59  0
39  14  -49  0
-19  13  24  0
19  23  -55  0
-24  8  37  0
31  -54  -23  0
58  -45  38  0
-18  55  47  0
31  17  -38  0
-27  -45  40  0
-21  20  -8  0
-6  -46  -34  0
7  31  14  0
-12  -18  5  0
44  -36  -53  0
-56  -32  -1  0
-17  -28  44  0
5  -15  -39  0
-60  16  -27  0
-52  -54  58  0
-15  5  30  0
-60  -8  24  0
-52  -58  -41  0
-13  -58  7  0
-37  -5  11  0
-6  57  42  0
32  -43  15  0
-30  38  -9  0
-41  -3  -4  0
-3  -60  -52  0
21  16  -26  0
-58  10  6  0
46  -56  -7  0
-46  -12  -44  0
-33  -54  -25  0
-53  -46  -54  0
19  -39  47  0
-24  -45  -36  0
-18  50  -15  0
1  -41  5  0
33  7  -46  0
43  -44  30  0
52  -43  -13  0
18  59  -52  0
54  -34  -2  0
28  -44  34  0
26  11  32  0
53  -60  -56  0
-60  21  -35  0
-34  26  50  0
47  -46  36  0
-25  21  35  0
55  12  18  0
-55  -45  -11  0
59  49  10  0
-16  4  57  0
57  39  -22  0
-8  48  32  0
-32  -34  9  0
-14  -48  -30  0
-28  35  -31  0
59  -22  29  0
48  2  36  0
45  -24  -29  0
-17  -30  21  0
-22  -54  31  0
20  28  -29  0
-55  53  -3  0
-57  5  28  0
49  -36  -37  0
-47  -56  -21  0
-2  -35  -43  0
-2  -36  -13  0
21  34  14  0
-9  -13  53  0
-38  -48  60  0
-21  -51  27  0
52  42  -25  0
-25  19  11  0
45  47  -54  0
41  -29  -57  0
-22  2  -36  0
-34  51  45  0
-58  -10  57  0
37  42  28  0
58  3  -32  0
-51  60  -35  0
-53  25  -41  0
55  -32  14  0
52  51  -20  0
23  -56  -46  0
-29  -16  33  0
-39  -43  -26  0
19  -58  -27  0
-35  -54  -33  0
-39  -36  -31  0
-11  14  -27  0
-33  -12  5  0
-11  42  50  0
-47  24  54  0
14  35  1  0
23  43  10  0
-39  -58  -48  0
1  -55  24  0
-15  -23  29  0
-26  -21  -58  0
-32  16  -27  0
-5  -60  36  0
42  33  12  0
49  -53  -10  0
-41  -27  -14  0
-60  45  34  0
-30  31  -36  0
60  14  21  0
27  -28  45  0
-3  -59  -30  0
-12  -48  -9  0
38  46  4  0
-60  59  2  0
42  38  -14  0
-11  -20  -9  0
-32  -26  -57  0
29  -48  16  0
53  -39  -2  0
-38  18  -10  0
-34  5  -58  0
26  17  19  0
-37  24  -57  0
34  -33  51  0
-38  -59  1  0
-28  -49  3  0
