c mkcnf random cnf with seed 826708, max clause length 3
c FORCED SATISFIABLE
c 
p cnf 60  258
7  -58  -3  0
-4  1  -7  0
8  31  30  0
-53  -51  -31  0
7  -43  -55  0
28  -47  29  0
-3  -18  11  0
3  39  60  0
-45  53  47  0
-25  52  58  0
51  19  -9  0
56  32  -54  0
10  -31  -27  0
-13  30  -34  0
10  -50  -8  0
-49  -5  8  0
-50  -4  60  0
49  30  -21  0
-4  -17  -39  0
8  -14  -40  0
10  -36  -12  0
1  54  -55  0
-11  -6  -50  0
-29  38  33  0
-8  22  -44  0
-12  11  -48  0
12  27  -40  0
58  -32  20  0
18  -24  34  0
-60  -46  11  0
57  -32  -52  0
19  50  -52  0
-36  -1  -39  0
-36  10  6  0
-13  -24  30  0
-35  52  -48  0
50  -60  -56  0
-24  -54  -30  0
-48  40  -14  0
45  -34  -33  0
36  -14  24  0
-8  27  12  0
38  35  17  0
-47  5  -41  0
19  -14  -31  0
-22  -47  -8  0
7  -46  5  0
-44  -52  47  0
-38  1  56  0
-18  46  50  0
54  22  -50  0
-25  31  -7  0
-21  -7  -47  0
-31  -7  41  0
49  -60  -5  0
34  -25  32  0
-29  45  16  0
-45  -36  -1  0
-6  -3  -53  0
-21  -43  45  0
-32  17  -8  0
-38  57  -1  0
31  19  43  0
-17  -45  -5  0
17  -10  -12  0
33  -9  -34  0
49  -42  17  0
15  59  8  0
45  24  35  0
41  9  12  0
41  -32  35  0
-18  -22  4  0
42  55  60  0
-54  60  -5  0
-31  -28  -45  0
-32  -3  -51  0
-32  15  25  0
20  29  4  0
-1  -35  28  0
28  -35  38  0
-32  -41  -35  0
10  48  8  0
-34  49  -8  0
34  -7  -32  0
15  -12  28  0
-3  36  -51  0
16  -60  46  0
-42  27  60  0
39  29  -31  0
26  -29  39  0
21  -16  -18  0
30  48  37  0
38  29  47  0
-31  54  -2  0
-9  26  -27  0
-57  25  36  0
12  -56  7  0
-60  20  34  0
-56  -54  36  0
23  -36  37  0
-1  19  56  0
-7  6  -44  0
-10  -24  2  0
49  30  -13  0
44  -56  37  0
-19  -45  -7  0
57  22  -47  0
45  -13  25  0
40  -55  -22  0
-6  -55  -42  0
-13  56  -53  0
-39  -12  -21  0
5  -59  30  0
46  1  -2  0
-8  31  -6  0
57  -8  -45  0
-51  52  39  0
-47  44  -25  0
-54  -44  -1  0
-7  55  47  0
-4  -2  -22  0
-31  -55  -30  0
18  5  8  0
-48  -39  17  0
6  4  -48  0
8  -18  58  0
15  2  35  0
3  -50  57  0
6  -23  -58  0
22  -32  28  0
-35  2  40  0
50  -24  -22  0
37  -16  59  0
52  -37  16  0
-45  60  43  0
-49  47  -39  0
-33  22  4  0
-12  -52  -3  0
51  1  -59  0
-36  -23  5  0
-42  -11  27  0
56  21  -38  0
-56  17  24  0
5  -48  13  0
-58  12  -5  0
2  5  -31  0
27  1  54  0
18  53  60  0
-47  -46  32  0
-28  -25  17  0
-21  24  16  0
5  -53  12  0
24  -14  46  0
-22  -23  28  0
-36  4  -27  0
29  -20  -53  0
-16  43  9  0
42  17  -60  0
-40  -26  -25  0
25  -34  33  0
28  -51  3  0
30  14  -37  0
-28  35  31  0
28  -8  55  0
-30  59  -47  0
29  -33  -10  0
-33  13  49  0
5  45  -48  0
13  33  28  0
17  48  30  0
-22  -47  -41  0
-49  39  34  0
11  35  -16  0
54  -9  10  0
43  -34  27  0
60  -52  37  0
57  -34  39  0
-33  -8  -21  0
-9  -39  -8  0
11  -1  40  0
4  -15  57  0
-37  2  5  0
25  53  17  0
4  29  15  0
-17  -26  -22  0
2  12  23  0
-27  -42  2  0
16  38  -36  0
-36  -39  -20  0
3  -26  46  0
-48  -1  50  0
-8  7  -3  0
18  -21  32  0
-45  35  31  0
58  32  -29  0
-10  -49  -56  0
-12  9  -38  0
48  -55  -8  0
49  13  -5  0
-39  11  -51  0
-29  -17  22  0
49  38  15  0
-17  43  -48  0
39  -20  -21  0
-9  -21  56  0
-9  39  8  0
46  3  28  0
-21  29  23  0
-8  -25  -3  0
-41  -4  -13  0
-46  30  39  0
10  50  -20  0
43  -33  -29  0
60  -16  48  0
-57  32  -58  0
-7  23  -31  0
-43  17  -25  0
43  -38  2  0
21  -25  55  0
-32  -58  -11  0
-31  -32  60  0
55  37  50  0
-11  -30  1  0
-26  -58  35  0
46  -9  53  0
-30  35  -6  0
44  38  -2  0
22  57  6  0
23  35  -55  0
41  35  -21  0
58  -56  -25  0
52  60  -23  0
-21  -34  9  0
19  3  6  0
27  49  29  0
18  9  40  0
-43  -17  -44  0
-6  30  8  0
-18  3  17  0
4  7  51  0
-29  -32  -26  0
16  1  -6  0
-24  7  -35  0
-52  -2  -55  0
47  -56  -52  0
-27  5  -46  0
-46  58  -24  0
-42  57  26  0
-52  -43  -24  0
-60  12  42  0
-8  37  -35  0
-30  -58  -29  0
42  -25  -39  0
-19  1  -38  0
16  -25  17  0
21  51  5  0
15  27  -45  0
-51  -24  -41  0
