c mkcnf random cnf with seed 826654, max clause length 3
c FORCED SATISFIABLE
c 
p cnf 60  258
-17  -58  -30  0
45  -47  16  0
26  19  -27  0
-45  -54  -23  0
-20  -48  39  0
-11  -39  -10  0
-54  42  -44  0
6  42  -47  0
-57  48  -23  0
17  1  -49  0
56  60  -48  0
16  -42  38  0
-54  42  37  0
-57  8  -5  0
20  40  34  0
-27  -17  20  0
49  25  30  0
-48  -56  26  0
-44  -28  12  0
-14  -6  -22  0
15  4  39  0
60  -18  37  0
-46  10  -31  0
-4  -55  -24  0
24  45  15  0
-57  45  30  0
57  -50  40  0
-11  -6  30  0
-26  -47  -29  0
52  -45  40  0
-2  6  3  0
47  -16  25  0
6  41  15  0
53  -11  -23  0
-47  -31  -37  0
-56  8  19  0
47  54  60  0
44  55  21  0
-47  -43  9  0
44  38  -1  0
-35  -55  9  0
-47  -31  11  0
42  34  -8  0
-24  -48  19  0
60  -15  -46  0
-30  35  48  0
-1  -19  23  0
-56  15  -41  0
58  -13  4  0
46  8  -33  0
-2  42  16  0
-35  38  7  0
-4  16  46  0
-32  -6  21  0
6  49  55  0
-36  -43  50  0
34  -36  -29  0
-42  14  19  0
59  -47  24  0
56  47  10  0
-12  -17  -42  0
-22  43  -48  0
2  -22  46  0
-38  16  4  0
22  -51  -6  0
-3  -47  37  0
-37  -43  56  0
60  -35  21  0
-26  9  3  0
-20  -30  60  0
-53  -27  -50  0
51  -43  56  0
26  -55  18  0
-1  -22  -7  0
-54  -40  32  0
33  14  -53  0
-1  -29  26  0
47  41  50  0
3  -27  2  0
60  -10  5  0
38  45  16  0
-1  37  -2  0
-2  10  -11  0
-24  51  -27  0
-52  29  -36  0
7  41  47  0
12  54  55  0
58  21  -60  0
-9  26  -23  0
35  10  -57  0
58  -42  -6  0
20  6  2  0
-24  25  -33  0
42  -37  -23  0
-57  10  50  0
-31  18  -47  0
-20  -29  -45  0
-25  -15  16  0
3  -56  36  0
-38  -5  -36  0
-19  -1  38  0
59  -25  51  0
-39  24  -44  0
-30  53  21  0
18  -56  -26  0
12  14  -60  0
-42  25  3  0
-31  57  -52  0
56  -27  11  0
20  -56  19  0
18  36  -23  0
-58  11  50  0
53  -29  50  0
-54  -60  45  0
56  -42  -44  0
-9  -46  -28  0
28  22  1  0
35  33  -1  0
-49  11  41  0
-28  39  5  0
-15  35  -32  0
-46  -21  30  0
57  -20  -42  0
37  1  -56  0
-24  36  -3  0
24  -14  28  0
30  -45  -26  0
-28  -14  -26  0
33  -52  8  0
-2  43  -8  0
-16  38  5  0
36  33  32  0
-27  30  9  0
4  21  50  0
12  32  55  0
-38  21  -30  0
-6  47  -21  0
28  47  53  0
-35  -43  41  0
55  -60  -18  0
51  34  -26  0
-10  40  52  0
-54  -45  56  0
-10  21  52  0
-49  56  -31  0
27  16  26  0
-5  57  54  0
15  -22  52  0
13  1  39  0
-29  33  -48  0
14  -7  -38  0
-59  -4  -3  0
-59  41  -22  0
28  46  55  0
-3  21  -45  0
-43  -33  -40  0
27  -37  48  0
38  54  46  0
-18  21  -22  0
19  16  44  0
-33  7  16  0
-36  -60  2  0
-26  -60  -25  0
28  -26  -30  0
-39  53  -45  0
57  -17  -13  0
-27  60  -53  0
-19  -17  8  0
-44  59  -26  0
1  46  -36  0
-4  18  50  0
50  -6  3  0
-60  -47  -16  0
42  -24  31  0
-14  24  45  0
-22  16  8  0
42  -30  13  0
-19  41  -11  0
30  -27  -13  0
17  -19  -55  0
37  40  29  0
3  50  -37  0
30  -45  -7  0
9  18  -47  0
-3  -12  51  0
-3  -24  30  0
-4  -55  56  0
-59  37  -6  0
-51  35  49  0
-4  -12  -52  0
-14  -6  -51  0
-34  29  6  0
41  46  9  0
28  -31  47  0
-28  -42  -45  0
8  13  43  0
48  41  27  0
51  -4  -47  0
-28  -17  -53  0
46  -35  18  0
56  39  -1  0
-5  -26  37  0
57  -27  4  0
-60  -18  -47  0
19  -60  -56  0
38  -3  -7  0
-50  -7  32  0
39  -21  -54  0
-24  -33  -26  0
-53  -43  -36  0
-9  16  -44  0
-18  39  -38  0
-43  -35  58  0
-5  32  -22  0
9  -10  51  0
39  34  49  0
-15  -6  -40  0
42  -16  -43  0
51  24  9  0
-24  -6  22  0
-14  37  15  0
-15  -51  -8  0
59  21  -11  0
-39  -38  -47  0
-44  29  6  0
-34  60  -44  0
-2  -24  59  0
-15  59  -52  0
-14  51  53  0
-3  -40  -16  0
8  59  -54  0
-17  -15  60  0
-7  -35  57  0
6  43  -23  0
6  4  24  0
15  54  -25  0
6  2  16  0
36  7  25  0
7  -37  -8  0
-11  13  -47  0
15  24  59  0
-2  -17  -15  0
22  4  -15  0
-36  30  -53  0
-37  44  54  0
5  -36  -29  0
1  10  22  0
-59  5  54  0
41  40  -60  0
-9  -5  33  0
-35  -36  -30  0
20  -57  -5  0
27  3  19  0
-23  42  50  0
13  -12  24  0
-17  -43  7  0
24  -42  -14  0
-36  4  23  0
