c mkcnf random cnf with seed 826702, max clause length 3
c FORCED SATISFIABLE
c 
p cnf 60  258
8  -5  -6  0
-22  -7  50  0
50  -55  23  0
-40  8  36  0
46  40  -9  0
16  -24  5  0
-59  -16  -22  0
15  42  -11  0
-26  -28  22  0
37  36  38  0
-42  -53  14  0
-48  -14  -50  0
-55  11  36  0
-46  21  -2  0
56  18  -2  0
-60  11  28  0
37  18  -5  0
19  -18  -39  0
40  -25  -58  0
-40  -31  -26  0
46  5  -17  0
6  -58  25  0
-7  60  46  0
-19  -26  24  0
-31  -24  45  0
47  -53  -60  0
-59  9  10  0
-31  48  -20  0
16  -13  50  0
50  -15  52  0
-37  59  28  0
49  13  38  0
-3  51  -57  0
14  4  44  0
25  -44  -27  0
-1  -58  -35  0
7  -39  58  0
-12  -36  -56  0
33  -12  -15  0
37  17  46  0
-21  -56  22  0
-6  -50  53  0
-12  7  -60  0
34  -56  -42  0
59  58  -4  0
37  18  -51  0
-41  -12  -18  0
-12  -19  -48  0
54  -3  13  0
-46  -39  -12  0
-38  3  32  0
-48  -49  -57  0
-15  -16  5  0
27  -15  -6  0
-42  -39  46  0
-28  3  60  0
53  -20  7  0
-5  43  -4  0
-13  -21  -27  0
-53  58  -50  0
22  -41  -58  0
49  -18  -26  0
31  -4  15  0
30  -38  49  0
19  -17  -5  0
-17  6  -9  0
-1  15  29  0
-9  -18  26  0
-42  50  -38  0
15  48  28  0
13  -48  -12  0
38  15  -55  0
-38  -20  53  0
-37  12  -21  0
-25  -34  49  0
51  -36  -26  0
42  -7  20  0
58  7  -39  0
53  -5  47  0
-53  -51  -11  0
23  -10  32  0
-11  54  58  0
-7  -59  -18  0
-18  43  -21  0
2  5  43  0
13  -51  -50  0
-38  -34  -31  0
9  42  -19  0
-7  -27  57  0
-21  -54  2  0
29  55  20  0
-40  -48  -49  0
52  -20  38  0
16  42  3  0
-15  12  -48  0
31  -17  -26  0
-38  -41  -2  0
-53  -19  5  0
-56  -1  -8  0
46  24  29  0
30  -50  6  0
-17  25  53  0
31  10  -49  0
-34  -50  -57  0
-24  14  13  0
6  46  -42  0
-6  -33  37  0
-2  -48  -13  0
32  48  -38  0
-41  -5  -54  0
-33  8  19  0
10  46  -43  0
24  -36  21  0
-36  -39  25  0
-33  -37  -24  0
-60  30  41  0
-23  43  48  0
-33  44  -56  0
-28  -39  -4  0
-28  38  -58  0
-27  48  40  0
13  48  7  0
-1  53  -52  0
-60  -12  10  0
45  -51  31  0
26  43  -11  0
-48  -13  -25  0
52  -60  47  0
-55  50  16  0
11  -58  25  0
-7  -24  27  0
-38  13  -22  0
-23  21  46  0
5  27  2  0
37  -43  2  0
-6  -52  -7  0
-52  -57  -11  0
-45  -11  -33  0
-26  27  54  0
60  -16  -43  0
60  22  -34  0
38  16  -8  0
30  1  11  0
41  -48  6  0
-55  -37  -8  0
25  -52  -34  0
34  30  -60  0
36  -46  -27  0
34  -19  -44  0
-43  25  40  0
19  -42  28  0
4  -33  51  0
-11  26  37  0
6  13  23  0
36  -42  -26  0
-32  37  -4  0
56  53  -9  0
55  -8  -13  0
-25  -9  45  0
54  -7  -48  0
16  31  33  0
-18  -33  44  0
32  10  -57  0
-42  -37  -23  0
24  6  -49  0
-2  -15  -44  0
24  38  -30  0
-45  10  37  0
-18  -26  -33  0
-4  3  -40  0
-13  -37  -26  0
-12  -40  52  0
-11  -4  -58  0
-21  58  -13  0
16  -26  15  0
-10  -56  -3  0
-41  -34  56  0
58  8  -7  0
16  -60  -49  0
9  -6  43  0
10  6  -12  0
-42  -20  31  0
-43  -44  1  0
6  -21  -35  0
-42  39  -41  0
35  28  -56  0
12  -53  39  0
-25  19  50  0
2  24  38  0
52  10  -55  0
-52  47  -54  0
15  -34  -16  0
-30  56  58  0
-29  -38  21  0
50  -1  -17  0
-7  -30  19  0
-58  37  43  0
51  28  34  0
22  45  -8  0
-40  11  -36  0
-3  -52  59  0
37  -12  -26  0
8  53  13  0
-7  8  11  0
51  -3  34  0
-10  -18  -34  0
-36  -49  -22  0
-49  32  -34  0
-55  -33  26  0
58  30  -56  0
51  4  8  0
1  -27  -25  0
-7  59  -38  0
-18  12  45  0
7  31  33  0
-40  -15  29  0
-29  2  48  0
-15  24  22  0
44  36  -45  0
-38  39  -36  0
-20  -50  -45  0
-28  47  -13  0
7  -42  -13  0
-20  -41  11  0
-28  42  -48  0
42  14  44  0
30  -31  -44  0
-39  -14  24  0
-19  -37  24  0
6  -56  18  0
10  -1  8  0
39  10  16  0
-9  -43  -59  0
-2  -30  1  0
-38  -42  14  0
-25  23  27  0
23  -25  43  0
-20  -58  -56  0
-17  52  28  0
48  29  56  0
28  -11  -41  0
22  36  -19  0
49  -26  48  0
1  4  -53  0
-1  -40  42  0
60  52  7  0
15  57  -43  0
-20  -28  -33  0
-31  5  11  0
-30  -22  18  0
20  10  52  0
52  -53  -6  0
49  27  -6  0
-22  -3  -23  0
-57  -35  36  0
1  -35  11  0
-26  -55  -10  0
-49  -58  46  0
