c mkcnf random cnf with seed 826676, max clause length 3
c FORCED SATISFIABLE
c 
p cnf 60  258
-53  59  -17  0
-37  8  -56  0
16  30  -28  0
12  -38  -29  0
26  14  -36  0
33  -7  19  0
-16  57  -30  0
52  45  35  0
28  -42  -22  0
-35  16  48  0
-41  22  -48  0
-13  -16  28  0
60  -54  -9  0
3  32  -7  0
57  6  21  0
36  -21  35  0
3  -43  57  0
50  49  55  0
13  -50  5  0
-39  -10  47  0
-48  -20  49  0
1  43  11  0
59  5  -25  0
-31  -20  -40  0
-34  -47  -22  0
45  29  -46  0
-11  19  -16  0
-35  52  12  0
29  24  -50  0
38  -7  2  0
1  47  21  0
50  41  -21  0
56  -26  58  0
11  -42  32  0
-27  7  23  0
-8  22  -15  0
-59  12  -5  0
-38  -55  26  0
-23  -42  -11  0
-9  21  -50  0
41  16  -19  0
-53  32  -48  0
18  -30  -55  0
-3  4  -17  0
46  27  -18  0
-14  43  59  0
-52  30  -31  0
-49  48  -56  0
21  13  24  0
-59  18  1  0
20  14  -22  0
38  60  55  0
-42  40  15  0
-20  -2  -48  0
53  -29  -30  0
48  4  -13  0
-43  41  12  0
27  -36  17  0
10  -47  43  0
-45  6  -59  0
53  -11  41  0
-36  50  38  0
7  -30  -10  0
5  -54  35  0
-16  -47  7  0
-38  -4  -10  0
-37  30  -16  0
-29  18  -57  0
48  44  29  0
-13  -45  -16  0
-55  -58  44  0
49  60  46  0
-42  -1  56  0
31  23  26  0
44  10  54  0
34  22  -27  0
41  -30  4  0
-22  47  -25  0
-26  58  22  0
-24  34  -14  0
44  38  47  0
13  -34  -36  0
2  -23  7  0
10  16  -56  0
5  14  56  0
-41  54  14  0
11  -57  -54  0
2  -39  53  0
21  13  -35  0
-13  -28  -4  0
14  1  58  0
29  60  55  0
11  -20  32  0
53  -52  -7  0
-38  -42  37  0
4  54  60  0
18  60  -19  0
39  33  -55  0
-2  36  43  0
-25  22  18  0
-11  -41  45  0
-36  -13  -41  0
-7  39  -27  0
-31  20  39  0
-26  12  -13  0
-33  29  47  0
-41  -24  47  0
-40  -23  -17  0
-17  43  -29  0
19  32  -38  0
-15  26  6  0
-36  -60  -19  0
-6  18  55  0
-6  -8  -47  0
55  -38  44  0
-11  12  14  0
26  13  8  0
20  -60  40  0
30  50  -13  0
50  24  10  0
-45  57  -17  0
-30  -41  -47  0
50  -48  -38  0
-55  17  -18  0
-44  18  21  0
-52  -18  -58  0
4  -36  -40  0
20  -54  40  0
-18  -53  -34  0
-7  -12  -4  0
32  -19  35  0
7  25  29  0
10  -53  17  0
-9  -17  -31  0
-27  49  1  0
24  51  35  0
53  32  5  0
-44  37  -10  0
20  55  47  0
-47  24  -40  0
-19  25  -1  0
-25  -27  -59  0
-41  -60  9  0
45  16  -14  0
49  -48  -58  0
-11  49  -7  0
-55  -11  25  0
52  41  -20  0
33  26  -60  0
4  -43  -30  0
18  -4  -20  0
-58  -53  -44  0
-6  47  38  0
-40  -26  -19  0
-28  -16  58  0
38  45  54  0
-51  -38  -53  0
-46  -2  -6  0
39  11  -23  0
26  -11  29  0
-21  -33  51  0
6  -52  55  0
-38  -26  -30  0
-12  60  35  0
-43  -4  -7  0
-39  56  -11  0
-30  -3  59  0
34  31  -29  0
50  5  -13  0
18  -58  36  0
-24  8  -56  0
53  -2  37  0
-33  -56  -13  0
-7  58  31  0
10  -7  55  0
-5  40  -51  0
6  -23  -14  0
-3  -59  53  0
-3  -6  -35  0
41  -45  -21  0
11  23  -25  0
15  -34  -39  0
-3  8  -17  0
27  57  45  0
55  -41  -11  0
-26  53  -37  0
-8  23  41  0
7  -18  -8  0
39  6  -15  0
-28  42  3  0
-51  44  -31  0
-28  39  -6  0
54  13  -16  0
-57  -7  -33  0
57  27  -30  0
-50  31  -20  0
-28  -55  -43  0
50  11  -49  0
-39  -54  11  0
-8  -29  5  0
23  51  24  0
-46  51  -56  0
45  18  -51  0
-10  18  55  0
-46  10  -52  0
33  -14  41  0
-24  -30  -23  0
-41  -12  -35  0
30  59  -45  0
-48  -34  -15  0
-52  15  58  0
39  59  37  0
60  11  -23  0
12  -18  11  0
45  -10  52  0
-7  -11  -29  0
4  3  17  0
50  -39  -20  0
10  16  34  0
-58  12  59  0
-36  31  -32  0
38  3  5  0
2  -29  18  0
25  17  -30  0
-6  45  -8  0
-7  12  30  0
-6  8  -15  0
-49  2  -41  0
21  -34  -11  0
-9  14  -15  0
-29  -13  -3  0
-3  -44  17  0
-46  -6  -9  0
21  37  -47  0
33  12  22  0
-2  -53  -19  0
-31  -38  41  0
-22  27  44  0
-11  56  -15  0
10  -50  44  0
46  -55  -58  0
-17  -10  -35  0
6  43  -50  0
2  -19  -49  0
47  59  -51  0
-49  40  -48  0
24  19  35  0
-13  -14  -22  0
8  -32  55  0
-31  46  32  0
7  -31  -30  0
22  -56  15  0
24  -11  -39  0
8  34  -49  0
6  -14  -2  0
14  42  43  0
58  19  11  0
-7  44  -54  0
