c mkcnf random cnf with seed 826698, max clause length 3
c FORCED SATISFIABLE
c 
p cnf 60  258
-29  -49  -28  0
-17  -25  6  0
47  27  59  0
10  15  35  0
-35  47  -10  0
30  23  -55  0
60  -18  20  0
-30  7  54  0
20  54  58  0
-4  20  53  0
6  59  -20  0
-30  50  -43  0
53  -16  12  0
-40  47  27  0
20  31  -57  0
25  8  33  0
-18  -3  9  0
10  25  -3  0
-31  30  -26  0
-57  -33  -31  0
-2  25  1  0
-18  -37  42  0
-17  -20  27  0
-18  49  -33  0
-1  33  -5  0
3  -27  13  0
28  35  48  0
-4  47  -23  0
28  57  -10  0
-51  37  35  0
42  -19  -38  0
-28  51  -57  0
14  -29  4  0
21  -30  -38  0
-57  53  -25  0
53  -14  30  0
54  27  -31  0
59  -52  -48  0
48  -14  28  0
60  39  -43  0
39  -15  7  0
55  49  25  0
11  29  24  0
-27  -60  -55  0
28  -41  49  0
-48  -21  -8  0
-43  -17  -10  0
-6  -21  -5  0
1  -20  -44  0
-1  -3  60  0
-45  -34  7  0
56  -43  59  0
56  16  10  0
-27  35  21  0
13  -45  -60  0
23  -29  26  0
53  -24  -3  0
-25  14  -11  0
51  17  -49  0
-29  41  -31  0
32  10  27  0
8  -31  -17  0
32  -9  -47  0
-38  32  -37  0
-60  -18  -54  0
-24  15  -18  0
1  35  44  0
40  11  -9  0
-43  -55  29  0
19  -51  21  0
-58  -13  -15  0
-15  39  6  0
-6  -50  14  0
-56  -8  47  0
-22  -46  27  0
24  39  43  0
21  25  -38  0
13  19  -41  0
46  29  52  0
58  20  12  0
25  26  8  0
59  23  -8  0
9  -2  -20  0
9  -19  58  0
-53  -58  -28  0
-40  -17  59  0
39  -48  5  0
-36  -3  32  0
12  -27  -26  0
-25  33  -50  0
-44  -47  39  0
-11  -43  -7  0
-14  -45  -17  0
-15  -43  37  0
26  -44  48  0
33  -46  -12  0
42  22  49  0
55  41  -15  0
-24  -26  -50  0
-5  -23  35  0
-49  57  22  0
-40  -8  35  0
-10  -11  31  0
-54  -43  47  0
-18  20  10  0
56  38  -32  0
51  54  -26  0
-8  -22  17  0
58  31  -17  0
-49  -1  -17  0
-17  -24  46  0
17  -13  -59  0
60  -49  -54  0
-50  -22  -11  0
-7  -27  12  0
-55  47  24  0
7  1  -59  0
49  4  15  0
-5  18  -48  0
-12  6  50  0
5  -9  -41  0
-26  21  60  0
31  -24  -28  0
-32  -34  -18  0
35  57  20  0
-21  -51  -48  0
47  -15  24  0
-60  27  37  0
-7  21  -35  0
54  -41  34  0
-26  51  50  0
10  -60  47  0
7  -42  17  0
-42  54  26  0
10  54  -43  0
50  -33  41  0
-20  -48  -11  0
-53  -9  3  0
-6  36  -60  0
18  -54  57  0
-30  -18  -27  0
-25  -28  42  0
16  -56  -4  0
55  50  -39  0
-17  -6  19  0
15  -28  37  0
56  -41  -55  0
-27  12  32  0
-20  43  -35  0
-11  52  14  0
-35  40  10  0
-19  -2  -55  0
-16  -9  -40  0
31  -25  -16  0
-17  -22  -16  0
30  -7  -53  0
25  18  2  0
-20  29  47  0
52  -54  29  0
-4  -34  -48  0
-43  44  17  0
-16  -36  -21  0
55  16  34  0
-48  27  37  0
40  -3  -51  0
37  52  56  0
9  -20  29  0
-29  -19  -5  0
49  -15  -4  0
-36  28  23  0
-20  -40  -5  0
49  37  32  0
-27  -31  48  0
55  -9  -19  0
-12  25  18  0
-49  -36  -28  0
-34  -11  -18  0
6  -49  -32  0
24  21  54  0
-2  -5  -59  0
33  41  22  0
-10  3  5  0
1  59  25  0
46  35  59  0
34  -21  18  0
57  -51  32  0
27  -14  59  0
-41  45  4  0
11  -17  -24  0
-11  35  43  0
15  53  -27  0
55  -17  -31  0
17  16  -31  0
36  -20  23  0
33  51  -28  0
40  -33  18  0
6  -46  -7  0
43  24  -32  0
60  -40  50  0
41  -42  17  0
-45  -47  -60  0
-39  21  -37  0
24  13  -2  0
-14  -5  -39  0
21  -48  -32  0
51  42  27  0
-29  -33  2  0
-56  16  28  0
-38  -22  -11  0
-22  -32  60  0
19  -17  -15  0
35  -51  -22  0
-57  -51  -53  0
48  -45  -11  0
-32  -14  44  0
32  2  60  0
-45  50  -34  0
38  28  -35  0
5  -12  31  0
48  30  -2  0
14  -41  -12  0
-60  29  58  0
-53  7  -9  0
58  17  -53  0
-56  -44  -47  0
5  37  9  0
-34  -49  -47  0
16  -33  48  0
17  4  -45  0
-60  57  -25  0
-19  20  56  0
46  36  -16  0
-52  -24  -1  0
42  -5  -23  0
-41  -25  -2  0
51  -10  -36  0
-49  -52  58  0
-12  -42  -24  0
-5  52  10  0
-39  -17  -59  0
-10  -14  44  0
-47  12  9  0
58  -34  2  0
16  39  28  0
-30  10  -28  0
19  -35  25  0
1  -49  -45  0
-41  -34  40  0
-17  6  29  0
-10  -44  45  0
8  -52  -46  0
-37  -5  -16  0
-59  30  -56  0
49  -55  -40  0
17  -41  -31  0
16  47  34  0
-21  -30  9  0
31  -13  -43  0
