c mkcnf random cnf with seed 826643, max clause length 3
c FORCED SATISFIABLE
c 
p cnf 60  258
-29  -60  16  0
-14  19  28  0
-7  -39  -46  0
-23  40  -25  0
19  23  -30  0
-22  41  -30  0
-10  -7  4  0
-1  52  7  0
-1  -35  -17  0
-56  -57  -2  0
-58  15  -36  0
-34  -26  -23  0
-37  22  54  0
35  5  14  0
-46  -16  -34  0
15  -1  -6  0
-35  -40  59  0
-14  43  -25  0
-7  50  27  0
1  18  -25  0
60  -42  11  0
60  -47  25  0
14  -43  23  0
-31  22  -36  0
57  -50  38  0
33  36  -44  0
-16  36  -47  0
42  -59  -40  0
-32  -12  -21  0
42  -7  8  0
-42  30  51  0
27  -2  38  0
21  -5  3  0
6  -17  36  0
-2  37  16  0
16  -48  8  0
15  13  6  0
-1  9  49  0
-44  28  41  0
2  42  -50  0
-14  -20  -48  0
-43  -39  -42  0
-8  2  6  0
19  -28  39  0
19  -54  49  0
-57  -3  31  0
12  30  59  0
-33  -18  50  0
4  -11  -18  0
-19  -57  8  0
58  57  -17  0
27  -4  -12  0
-37  -41  -54  0
-2  56  1  0
-50  23  41  0
44  36  27  0
4  1  -21  0
48  -4  60  0
-52  35  4  0
43  14  -7  0
8  20  49  0
50  53  35  0
53  4  -46  0
-6  -10  41  0
28  -43  4  0
-6  -5  15  0
24  -12  -57  0
-27  -48  6  0
49  56  5  0
16  -46  -27  0
35  -17  -40  0
-33  18  15  0
-58  25  -29  0
30  -13  15  0
-20  -19  54  0
-40  -58  -13  0
-55  18  14  0
-59  -5  -18  0
-5  58  27  0
29  24  -40  0
16  40  -48  0
-3  -7  14  0
1  -22  -51  0
54  50  -24  0
-60  40  -10  0
30  -58  45  0
-34  -46  -3  0
56  59  9  0
-42  -52  32  0
-55  -58  22  0
-40  -19  13  0
-9  13  -20  0
-48  -10  3  0
-16  -4  -59  0
31  -60  56  0
34  -31  8  0
-40  -23  2  0
-48  33  -57  0
26  53  -28  0
-30  -59  -23  0
1  36  -53  0
-8  12  -4  0
13  -35  22  0
40  -5  13  0
33  -40  44  0
-57  50  20  0
6  18  52  0
51  -59  2  0
17  -41  46  0
-17  -35  -57  0
-38  -41  -40  0
39  15  26  0
-5  -9  2  0
-22  -58  -33  0
50  -53  21  0
-40  2  -34  0
23  9  -48  0
-50  59  -60  0
-38  -37  -16  0
51  -15  20  0
-11  36  10  0
-56  -22  32  0
60  58  -39  0
53  27  -34  0
30  41  -44  0
59  6  -26  0
-51  -22  -6  0
23  -53  51  0
3  24  15  0
-32  -54  -10  0
-17  52  19  0
-29  -60  -52  0
22  1  36  0
16  28  34  0
-17  57  23  0
38  60  -21  0
-33  -25  6  0
10  30  -24  0
8  -47  60  0
-10  9  44  0
4  -3  9  0
48  10  -27  0
-46  -28  26  0
31  -58  -56  0
2  5  -44  0
11  1  44  0
59  40  5  0
6  2  10  0
-2  59  9  0
20  23  -4  0
44  -51  53  0
18  -59  16  0
36  -5  44  0
-57  -31  16  0
-3  10  8  0
60  13  -14  0
32  56  -50  0
-40  -5  -7  0
5  -57  -7  0
-12  -10  55  0
-48  9  -22  0
20  58  -28  0
56  -43  11  0
12  -43  29  0
44  32  15  0
-1  22  -55  0
50  -35  32  0
-38  -4  59  0
-59  53  39  0
16  36  -42  0
26  -53  -19  0
34  51  -39  0
-16  -10  -21  0
-56  -1  23  0
-19  -51  42  0
30  27  -14  0
-49  60  54  0
48  -42  43  0
-12  -17  58  0
11  -19  -32  0
-8  -13  -56  0
-33  -52  -49  0
-12  -48  60  0
26  42  -49  0
47  -45  -35  0
44  -19  10  0
-58  -45  -50  0
-57  43  37  0
-7  -13  -38  0
15  52  7  0
-2  -12  5  0
-37  6  -51  0
-39  13  60  0
-30  -33  -19  0
56  -46  -45  0
16  13  -47  0
-40  -56  -23  0
42  -35  -50  0
-59  -32  -12  0
-55  -8  -38  0
-22  27  -42  0
-32  52  -11  0
-23  38  -19  0
58  39  -51  0
-16  31  45  0
40  42  47  0
-42  -15  -1  0
46  -33  56  0
-48  -20  32  0
-50  -10  -6  0
28  -47  -19  0
-51  -19  31  0
1  30  34  0
37  -52  18  0
33  -31  -4  0
-35  10  -23  0
-4  -46  -23  0
-23  -2  -14  0
-5  33  59  0
54  2  52  0
2  -11  56  0
23  43  -10  0
21  42  6  0
21  -13  10  0
27  -42  31  0
-40  10  49  0
-49  -48  39  0
-2  41  -23  0
-29  18  31  0
50  -30  38  0
12  7  -56  0
-22  -14  8  0
-13  -58  -6  0
41  -31  -15  0
25  10  -1  0
16  -21  53  0
58  53  11  0
28  57  50  0
22  -19  -28  0
18  54  -2  0
57  -33  55  0
-5  -37  -32  0
-51  7  16  0
44  37  -45  0
-7  -3  4  0
21  22  -36  0
-4  45  53  0
32  -7  -38  0
49  55  8  0
-25  -32  16  0
-28  -7  -51  0
-35  49  51  0
-48  16  60  0
48  -6  -20  0
50  8  45  0
58  -48  6  0
15  -11  -43  0
-37  -25  29  0
