c mkcnf random cnf with seed 826709, max clause length 3
c FORCED SATISFIABLE
c 
p cnf 60  258
-17  -47  43  0
-13  27  -37  0
-15  8  -33  0
39  5  55  0
-40  -5  -14  0
-22  40  -34  0
-44  -54  -28  0
18  -60  20  0
28  -35  -53  0
-44  -4  28  0
-37  1  -52  0
-36  41  48  0
-19  -12  41  0
-25  42  -49  0
-20  31  -44  0
46  41  -7  0
-28  1  -58  0
32  36  3  0
-50  34  55  0
17  13  -43  0
10  -36  -39  0
-37  50  -28  0
33  40  8  0
23  30  51  0
39  -35  -16  0
-37  -38  -42  0
-37  7  58  0
25  30  -36  0
-51  50  42  0
39  32  -5  0
-39  -11  -40  0
-55  47  -2  0
24  -42  34  0
42  52  -46  0
25  -45  38  0
3  -47  -55  0
-6  -37  -58  0
-16  30  -45  0
-46  -20  38  0
-21  -46  -60  0
39  54  -38  0
-16  4  -20  0
51  53  10  0
42  -28  -47  0
-32  -15  -54  0
-4  -17  -44  0
-11  -2  52  0
-6  26  53  0
55  -20  10  0
55  -26  -53  0
-60  -33  52  0
1  -40  -49  0
41  -21  -27  0
12  -37  -20  0
-6  -17  -7  0
-37  4  53  0
-42  -14  -45  0
56  -21  50  0
-32  -28  50  0
29  -48  36  0
-48  7  28  0
49  -27  -15  0
7  38  22  0
-15  -14  -1  0
-58  -56  49  0
-37  14  -41  0
33  -4  -13  0
39  6  -44  0
37  60  20  0
-41  4  10  0
-29  -24  -36  0
13  30  27  0
-26  53  -10  0
-31  33  58  0
-31  44  -5  0
-34  6  36  0
-3  -34  15  0
-42  48  -24  0
48  -58  60  0
28  -37  51  0
-12  20  -54  0
-38  -6  12  0
6  59  17  0
-16  2  -24  0
-15  58  36  0
7  -25  27  0
-48  15  41  0
6  25  7  0
-53  8  -2  0
-1  -33  -42  0
-54  -6  -23  0
-57  -48  44  0
-44  47  -51  0
-26  34  32  0
11  4  -37  0
-49  -11  -29  0
6  -38  30  0
-6  -22  60  0
44  -53  -18  0
-30  13  -38  0
57  -44  -20  0
27  42  24  0
12  -48  -32  0
-20  3  -50  0
44  58  42  0
-19  -14  15  0
-46  31  20  0
-26  18  -42  0
-8  -10  -3  0
10  -60  14  0
-45  -6  -23  0
-37  -32  -40  0
-36  -53  60  0
55  -57  -29  0
-25  40  -36  0
27  28  51  0
-32  23  28  0
-59  -33  -11  0
44  -23  -42  0
10  -17  15  0
-19  -53  -18  0
-36  27  3  0
24  2  25  0
58  38  -26  0
-31  -14  24  0
-5  -50  -9  0
19  24  3  0
-23  -32  -47  0
-34  28  22  0
-8  16  -5  0
14  -27  43  0
-44  43  17  0
-59  -24  -5  0
22  12  6  0
-51  -53  55  0
35  -48  50  0
22  42  41  0
57  -42  -30  0
47  -50  -57  0
35  -47  -46  0
-44  8  -45  0
-22  -56  45  0
-60  -44  -29  0
-32  -37  42  0
-34  11  22  0
-36  5  41  0
-10  44  36  0
-48  5  44  0
57  7  42  0
57  19  -44  0
51  31  -19  0
-35  10  -29  0
-15  -13  -17  0
-18  51  -6  0
-10  53  -8  0
-56  59  3  0
-59  24  26  0
-56  8  -19  0
-48  -56  31  0
-42  -45  -24  0
60  -44  2  0
-34  20  42  0
-45  59  50  0
-27  -29  -18  0
-9  -12  24  0
45  36  56  0
40  -18  2  0
24  -13  38  0
-3  36  -53  0
55  22  -43  0
-51  18  -11  0
-56  -27  -23  0
-59  12  -25  0
-26  -15  -52  0
12  13  -3  0
8  -45  -43  0
-17  6  34  0
36  50  -19  0
-13  53  -3  0
37  -32  23  0
43  -27  -21  0
-18  27  -47  0
36  -24  -11  0
-1  54  -24  0
-13  39  45  0
-1  24  58  0
-53  -51  55  0
-45  -52  48  0
-36  -16  -7  0
29  -16  -2  0
14  22  25  0
12  -39  34  0
-28  -33  -55  0
24  49  43  0
15  33  -53  0
19  -53  38  0
-10  -16  13  0
58  -44  36  0
-5  46  53  0
-10  -17  -56  0
-24  33  -51  0
13  -42  32  0
13  -51  2  0
-43  -36  16  0
-21  43  -55  0
27  1  -44  0
41  24  -51  0
-40  12  -45  0
21  4  1  0
-47  2  33  0
-56  57  46  0
-45  -7  28  0
1  60  19  0
-50  -31  -52  0
-45  -3  5  0
-26  -4  -3  0
-36  9  6  0
-18  -9  -45  0
-54  -24  14  0
58  -29  4  0
-20  47  -26  0
-35  -41  -11  0
46  15  5  0
40  -21  9  0
-32  56  -12  0
25  5  3  0
49  2  -46  0
55  48  -20  0
23  -38  48  0
35  1  -47  0
37  -53  -54  0
-56  4  55  0
-24  36  55  0
24  -48  60  0
58  37  -6  0
24  6  14  0
-52  -32  15  0
19  10  -53  0
-29  24  -11  0
33  -23  46  0
-46  -58  -19  0
-55  -33  -49  0
-1  -31  26  0
-7  -19  -40  0
58  -27  -30  0
-46  -33  32  0
-16  -11  25  0
-59  52  38  0
-59  -34  56  0
38  -50  -17  0
59  7  38  0
1  55  19  0
10  -13  -19  0
-27  -35  -16  0
-46  -58  17  0
17  -13  40  0
-59  -42  -6  0
-51  39  25  0
