c mkcnf random cnf with seed 826696, max clause length 3
c FORCED SATISFIABLE
c 
p cnf 60  258
9  11  -20  0
-27  19  54  0
-45  22  -47  0
-34  -46  -26  0
28  12  -23  0
57  39  51  0
13  46  -57  0
27  -5  14  0
13  -52  41  0
16  11  -40  0
-53  -42  -37  0
-41  -7  36  0
58  3  24  0
-33  44  -17  0
-52  12  -18  0
-27  -2  -20  0
-17  48  -34  0
-10  -51  34  0
29  3  23  0
-35  16  -23  0
48  43  26  0
3  -30  -1  0
49  -26  33  0
-57  47  25  0
23  52  -50  0
-27  13  4  0
23  48  -56  0
-56  -10  26  0
-40  -23  19  0
34  -57  56  0
-11  -9  -6  0
-20  -15  -14  0
32  31  6  0
12  -13  -22  0
22  38  -20  0
-16  30  -50  0
-19  7  -33  0
12  55  38  0
45  -31  -17  0
-49  48  9  0
-60  -35  16  0
-12  -18  -45  0
4  -41  -17  0
15  -27  -48  0
-37  -42  30  0
-3  -29  -33  0
-16  -4  20  0
-49  -41  14  0
44  5  -7  0
33  -30  -41  0
-24  34  -37  0
57  -59  52  0
4  -51  -22  0
-54  -27  -15  0
-16  -43  -12  0
12  46  -37  0
43  19  -48  0
-51  -46  -28  0
-22  52  16  0
25  -46  49  0
42  -15  3  0
7  -33  -10  0
-46  15  -35  0
-9  47  21  0
21  -32  -30  0
26  -41  -50  0
-43  28  -34  0
44  -29  -16  0
57  14  -10  0
55  17  1  0
-48  55  42  0
-16  -32  -42  0
18  -22  56  0
35  2  -50  0
-29  54  -13  0
36  -35  28  0
-56  -32  -21  0
-52  -40  -24  0
-36  24  48  0
-25  50  -52  0
25  14  -2  0
-39  28  -31  0
-54  -10  -33  0
59  24  -37  0
-19  28  32  0
44  21  16  0
-3  -60  -38  0
-29  28  33  0
-43  -20  6  0
39  -12  -54  0
17  -56  -46  0
-10  -15  -57  0
36  -19  14  0
-27  57  -38  0
25  -5  42  0
57  -34  36  0
10  -59  -14  0
37  9  -14  0
-38  24  -31  0
-41  49  -9  0
8  5  35  0
25  36  23  0
4  -15  -34  0
-37  -54  -10  0
-6  24  55  0
-49  42  55  0
16  -13  -35  0
10  3  -57  0
-7  28  -53  0
4  -49  -38  0
-29  -24  15  0
23  -41  51  0
1  -17  -7  0
-11  28  5  0
-12  -54  -31  0
2  -55  -56  0
-5  17  21  0
-25  -19  30  0
-43  -25  32  0
-57  -39  18  0
47  -34  -59  0
-6  39  36  0
59  -16  -50  0
-51  17  52  0
42  -26  -21  0
49  57  20  0
7  -28  55  0
-45  33  25  0
1  -57  53  0
-40  46  -14  0
3  9  -50  0
-21  1  5  0
6  58  26  0
50  57  -9  0
58  38  -44  0
42  14  8  0
12  -34  31  0
-57  -44  -23  0
-7  59  47  0
29  33  13  0
-22  19  -9  0
54  -19  -22  0
-1  -33  -42  0
55  -36  4  0
-9  -29  38  0
-14  32  -26  0
18  41  -13  0
13  -22  -7  0
9  -34  -46  0
-18  -21  -38  0
19  -46  -1  0
46  32  16  0
38  -27  -45  0
54  -31  -57  0
-27  22  12  0
5  8  33  0
-51  49  33  0
-6  22  -28  0
-40  -20  -35  0
53  -32  -26  0
15  -29  42  0
58  38  32  0
-50  51  46  0
-7  44  -48  0
38  7  -53  0
7  55  52  0
-49  30  58  0
-27  -40  24  0
-44  38  27  0
18  30  59  0
28  41  -21  0
48  41  -31  0
-39  53  -48  0
-26  40  -14  0
-58  35  -26  0
-55  -19  16  0
48  29  54  0
-22  45  -29  0
-44  -24  -3  0
-29  60  -3  0
-25  22  -29  0
51  42  -52  0
-18  -50  -24  0
-29  21  16  0
31  -48  5  0
-56  45  39  0
-26  57  49  0
-11  14  1  0
14  -34  32  0
37  9  55  0
-50  -42  -58  0
19  -31  26  0
-21  -35  -15  0
28  36  -17  0
-21  -27  -6  0
-19  60  -17  0
-39  -35  12  0
-2  -28  -3  0
48  11  17  0
-22  -58  -51  0
32  13  1  0
-45  -27  -32  0
-47  -39  13  0
5  -8  -40  0
-33  19  40  0
56  -6  -13  0
-6  8  22  0
13  -18  -12  0
46  -41  -17  0
-26  30  14  0
-46  -15  32  0
-14  19  1  0
-13  43  11  0
-17  48  -36  0
-26  43  41  0
-32  21  10  0
-49  -26  31  0
41  -5  -18  0
-45  -35  -54  0
44  5  41  0
-15  -13  36  0
-56  25  -31  0
3  -59  18  0
42  25  18  0
52  3  36  0
-45  -7  -22  0
-8  -10  50  0
-9  -24  36  0
19  55  34  0
-56  33  15  0
-10  6  -48  0
-1  -52  -23  0
-23  1  -29  0
48  -49  -13  0
35  -60  55  0
-19  -33  4  0
59  -17  46  0
-35  -32  -37  0
30  46  -20  0
-33  -42  38  0
-60  -22  55  0
-3  16  45  0
53  18  37  0
52  3  -46  0
44  1  -23  0
51  36  -44  0
51  35  50  0
-29  -13  15  0
-23  29  -32  0
-9  30  60  0
12  2  -26  0
4  -27  7  0
31  -60  -12  0
15  -6  -52  0
31  -40  -21  0
-21  -49  3  0
4  55  18  0
27  44  11  0
