c mkcnf random cnf with seed 826626, max clause length 3
c FORCED SATISFIABLE
c 
p cnf 60  258
43  -9  5  0
34  33  -46  0
-22  48  -32  0
20  49  55  0
-21  -17  15  0
-21  19  -14  0
33  -19  -48  0
48  -27  42  0
-34  -36  -16  0
-11  -20  -60  0
33  -25  -6  0
-45  55  -8  0
-60  17  -57  0
-1  18  -32  0
-21  18  -14  0
44  23  10  0
46  4  -37  0
-41  -44  -15  0
-6  -50  30  0
-48  -20  -25  0
25  20  51  0
-58  -4  12  0
29  30  -25  0
13  40  -53  0
33  -26  36  0
-17  -37  -13  0
-39  55  -37  0
-44  -36  8  0
28  39  -30  0
-31  -54  18  0
42  -49  5  0
56  3  -13  0
-10  39  -44  0
42  -10  -12  0
13  -52  26  0
57  35  13  0
54  22  11  0
-34  -47  24  0
-11  -47  -39  0
51  -42  25  0
2  12  40  0
33  -36  -60  0
-2  46  29  0
23  -42  -7  0
-12  38  -27  0
19  -48  -51  0
-39  53  37  0
28  -53  54  0
-22  -43  37  0
14  -52  -2  0
35  44  -54  0
38  44  35  0
-50  -29  49  0
34  -13  10  0
-52  -13  21  0
33  32  -57  0
44  -55  53  0
-38  14  -44  0
5  21  -53  0
-54  35  6  0
22  31  60  0
-44  29  -25  0
31  -10  28  0
-57  -28  3  0
-47  31  -18  0
-25  43  -6  0
21  -2  9  0
58  -18  -21  0
-60  17  39  0
-43  53  -28  0
17  -37  -2  0
48  7  42  0
-39  57  -58  0
59  -16  9  0
-4  -45  15  0
44  53  25  0
4  -34  55  0
-48  37  18  0
18  -4  -2  0
31  15  -30  0
-55  -56  -46  0
20  -60  -23  0
57  15  -46  0
-28  -27  52  0
36  44  18  0
-24  58  -4  0
-36  -18  44  0
-56  -44  5  0
54  13  -58  0
53  -25  -52  0
-6  -27  -25  0
-45  -44  15  0
-3  -52  30  0
-4  22  1  0
-9  37  17  0
-26  -10  58  0
-29  41  13  0
48  23  -3  0
46  20  -9  0
-31  23  -35  0
45  -26  14  0
15  -11  -48  0
-56  31  4  0
9  36  -55  0
-10  4  42  0
58  -12  -5  0
-19  -24  -51  0
26  25  -18  0
21  -44  36  0
-29  -26  52  0
16  3  -8  0
33  53  44  0
52  43  14  0
-53  -27  7  0
50  -58  36  0
-5  -47  41  0
-45  10  -19  0
-44  43  -2  0
1  -16  6  0
-60  -18  -49  0
-30  27  -58  0
52  3  14  0
56  58  43  0
30  -9  -22  0
-58  -60  -20  0
-5  -20  6  0
9  27  -57  0
-16  44  -45  0
-28  -36  19  0
52  -47  58  0
-52  -15  46  0
-27  -7  14  0
-1  59  -47  0
-60  4  -59  0
17  -10  6  0
-33  -53  -31  0
-44  59  17  0
42  -15  -1  0
30  54  35  0
57  31  -30  0
48  -14  39  0
56  -29  54  0
39  53  -27  0
23  -20  57  0
34  10  25  0
-16  40  56  0
29  -21  -16  0
-10  -3  -27  0
1  57  -59  0
-58  22  -9  0
54  -27  17  0
-6  10  -41  0
-8  -55  19  0
43  58  -26  0
4  31  42  0
57  -17  -6  0
-2  28  -53  0
8  -49  6  0
28  -17  -32  0
-31  -8  -38  0
-37  -34  51  0
42  17  23  0
17  55  -37  0
9  49  -18  0
46  -5  -19  0
-28  12  -3  0
-30  58  22  0
-1  21  43  0
57  9  30  0
-12  59  52  0
-35  15  2  0
39  -29  -15  0
-8  23  -36  0
50  -44  28  0
19  -11  -21  0
-19  -24  -43  0
-39  8  -29  0
52  -60  -4  0
37  16  36  0
43  -37  47  0
-51  -17  -8  0
-54  18  41  0
43  4  46  0
41  -12  40  0
-4  46  -30  0
-56  -20  -17  0
44  -18  -58  0
-56  -58  25  0
-57  -29  37  0
30  17  -2  0
3  21  35  0
34  5  42  0
-33  -34  -31  0
12  -6  9  0
51  35  5  0
-46  -18  -14  0
-30  -26  37  0
52  -15  44  0
38  -12  51  0
-11  -56  36  0
33  55  57  0
48  47  -43  0
-10  -15  -5  0
-57  6  -8  0
-28  -17  7  0
-51  -12  20  0
45  -28  -50  0
-15  -42  56  0
26  23  -41  0
-43  -49  32  0
60  25  -6  0
45  -30  -59  0
-51  -18  47  0
-4  -16  45  0
-54  33  39  0
-37  44  19  0
38  -58  31  0
46  -35  33  0
-25  -15  60  0
55  -24  -32  0
27  32  -37  0
22  -59  -50  0
-17  12  22  0
28  -52  -49  0
12  -2  -27  0
-1  32  -46  0
38  4  14  0
-11  19  -4  0
15  7  -58  0
-3  2  25  0
-16  -32  -45  0
-7  -50  -32  0
48  19  43  0
-42  30  -23  0
23  21  10  0
-25  -37  45  0
-38  -23  -9  0
11  26  -18  0
19  18  -42  0
-25  -27  58  0
-54  53  -24  0
55  -6  -37  0
-19  38  14  0
48  -22  9  0
53  31  60  0
-33  24  45  0
-52  20  43  0
55  -7  -30  0
-28  -2  43  0
-16  32  -39  0
-7  19  -4  0
-60  50  -57  0
-36  22  53  0
-38  -32  -16  0
10  -9  51  0
40  -21  -60  0
-6  -31  2  0
-47  51  -19  0
