c mkcnf random cnf with seed 826637, max clause length 3
c FORCED SATISFIABLE
c 
p cnf 60  258
31  7  -19  0
-53  22  6  0
22  13  -28  0
-1  33  57  0
-33  3  5  0
15  -42  -45  0
40  -28  8  0
-10  -60  -59  0
31  57  -17  0
-39  -58  52  0
42  -43  19  0
8  -28  41  0
21  1  -36  0
26  56  49  0
-37  11  8  0
-12  -52  -6  0
11  14  -48  0
41  38  -33  0
-7  -30  45  0
20  23  25  0
-28  -30  17  0
-7  -11  30  0
32  36  -46  0
-52  -23  -54  0
48  -47  -36  0
1  -51  47  0
34  35  -58  0
-10  20  47  0
53  -52  -16  0
-45  -3  15  0
-6  60  -29  0
-39  48  -7  0
-58  -45  -13  0
7  10  -13  0
44  13  -6  0
-4  21  41  0
37  -26  53  0
2  11  50  0
-54  40  25  0
60  25  -46  0
16  -41  35  0
24  -55  40  0
42  46  24  0
57  8  44  0
18  -19  34  0
50  6  -14  0
30  -49  -13  0
58  19  -24  0
-27  10  -40  0
56  35  -34  0
1  58  -53  0
8  -41  43  0
-57  -50  35  0
-57  19  39  0
-11  -44  -56  0
-2  9  -16  0
14  -46  -20  0
-6  39  1  0
-31  27  59  0
30  6  23  0
23  21  50  0
-5  -10  38  0
-33  -57  -42  0
34  -8  19  0
-51  41  44  0
48  9  -31  0
55  48  21  0
-26  1  -57  0
13  52  -51  0
-27  40  50  0
56  -21  -20  0
1  -52  -42  0
-21  38  18  0
-7  -28  60  0
33  -55  37  0
12  -1  24  0
-11  -56  40  0
22  17  51  0
36  -42  -23  0
-24  -14  42  0
46  48  -35  0
38  -46  -48  0
56  24  38  0
-56  31  -2  0
-9  42  13  0
60  2  -44  0
25  8  31  0
-28  -36  21  0
15  21  52  0
2  -5  23  0
-18  2  -34  0
-37  -32  59  0
-2  55  12  0
-8  -36  14  0
-45  29  44  0
-37  -12  -59  0
-24  -55  -41  0
-44  -53  35  0
19  -1  -15  0
-52  40  60  0
52  -17  -23  0
50  3  -56  0
-28  -36  -32  0
-20  -28  -39  0
-21  -22  6  0
3  -2  -32  0
-29  -45  41  0
-32  -57  -46  0
-13  59  18  0
29  -42  -19  0
-12  4  -31  0
26  54  17  0
-7  -33  -16  0
20  54  11  0
31  -20  -37  0
56  -36  12  0
-27  46  11  0
32  -2  -12  0
-5  23  -59  0
-54  -38  32  0
48  28  -56  0
-54  -4  -19  0
-51  -41  19  0
10  42  -50  0
17  22  -53  0
-27  -56  51  0
-51  47  7  0
-23  39  -24  0
-1  -40  45  0
-50  47  -58  0
36  -54  -37  0
47  49  -24  0
56  -12  49  0
-59  51  -15  0
-58  38  -25  0
50  -6  -45  0
-39  -56  -49  0
51  28  37  0
30  -16  35  0
29  -57  -26  0
55  -47  45  0
26  35  -8  0
1  41  45  0
36  -23  -59  0
-34  -30  -42  0
-60  -56  23  0
19  -57  -13  0
18  17  26  0
-5  -15  14  0
-48  55  22  0
-25  -7  -42  0
-47  40  39  0
-43  -46  30  0
-54  -20  19  0
37  15  -20  0
-43  57  28  0
-54  -33  -50  0
-14  -28  -36  0
57  56  -8  0
38  -30  -34  0
-18  -50  53  0
-4  54  58  0
11  -4  -47  0
-25  -14  -37  0
-9  -8  -36  0
-23  39  58  0
43  2  -24  0
-13  48  -49  0
8  16  -3  0
-25  -46  -44  0
42  60  57  0
38  55  4  0
-8  6  -26  0
58  42  59  0
-1  -60  -39  0
59  -43  -37  0
-44  45  12  0
-42  -20  -4  0
-55  3  44  0
-50  40  56  0
28  -55  42  0
30  27  -31  0
-35  -11  -13  0
-3  5  48  0
39  -29  36  0
48  -28  -34  0
-52  -16  6  0
-58  46  8  0
41  -54  34  0
29  16  -7  0
56  14  -51  0
30  -52  -56  0
-31  -1  23  0
-15  -45  18  0
-44  7  39  0
-51  -52  3  0
-57  60  5  0
-29  9  -54  0
-38  26  13  0
-18  41  4  0
-26  -57  51  0
39  -52  -7  0
-59  14  10  0
47  25  -24  0
6  -40  30  0
-44  23  -21  0
29  -45  57  0
5  45  -30  0
-7  14  -24  0
-50  3  18  0
23  54  36  0
-7  -40  18  0
26  19  24  0
1  -53  56  0
29  4  -12  0
25  -20  -14  0
52  38  28  0
58  -11  5  0
-57  4  -42  0
-1  48  36  0
-55  43  -23  0
31  18  -1  0
22  -1  -53  0
-5  53  -35  0
-43  -11  38  0
16  -41  -25  0
-3  9  32  0
43  -20  -16  0
56  43  46  0
-36  11  -17  0
59  49  -45  0
-24  29  27  0
-60  15  -47  0
40  43  53  0
38  -46  -58  0
-5  48  -60  0
41  -2  56  0
10  -33  46  0
24  30  -51  0
21  -13  48  0
-56  54  44  0
-44  -5  45  0
11  -15  -35  0
28  57  59  0
-12  -25  31  0
40  -42  36  0
-6  -43  21  0
-45  -34  -20  0
-4  49  -52  0
-16  -40  -9  0
-52  -18  -31  0
51  18  -60  0
-59  22  18  0
15  -18  -8  0
16  -40  11  0
-6  16  -3  0
3  -57  -31  0
37  -39  54  0
