c mkcnf random cnf with seed 826638, max clause length 3
c FORCED SATISFIABLE
c 
p cnf 60  258
-40  56  59  0
57  38  43  0
24  -18  47  0
-30  8  -14  0
35  -54  -47  0
12  37  -54  0
-38  -60  -40  0
-9  -14  -59  0
-51  -34  -31  0
-36  -13  -3  0
19  20  46  0
-50  -25  -11  0
-49  -35  29  0
-25  -34  30  0
15  34  21  0
48  16  12  0
-26  -34  7  0
-35  60  -23  0
-55  4  -38  0
44  47  -13  0
-8  24  -27  0
32  -27  -46  0
42  47  54  0
-10  2  -12  0
51  55  -38  0
-15  13  5  0
30  -21  -54  0
27  -36  26  0
25  19  11  0
14  36  31  0
45  49  57  0
3  -21  -34  0
46  -16  -25  0
18  12  -14  0
34  -4  44  0
7  44  20  0
21  50  -32  0
-11  -10  20  0
-16  14  -7  0
21  27  41  0
-28  41  29  0
-13  52  31  0
-41  -48  -46  0
-24  47  26  0
46  -59  -53  0
-14  11  34  0
1  32  27  0
52  -50  -53  0
59  -40  23  0
2  53  11  0
13  17  58  0
8  2  48  0
-41  14  8  0
43  31  -56  0
-30  59  5  0
39  -24  44  0
-23  46  -39  0
49  10  -16  0
30  14  -41  0
-12  -50  -46  0
9  47  59  0
-59  -32  -16  0
3  -49  48  0
-48  1  25  0
34  -27  46  0
6  42  31  0
35  -24  21  0
-58  44  53  0
-12  10  -35  0
-43  -50  41  0
1  -33  24  0
-16  -6  15  0
-55  51  -23  0
-14  53  -52  0
37  47  -60  0
22  -1  13  0
-3  38  29  0
-36  -52  -13  0
-47  44  -49  0
5  -19  -13  0
-35  6  -20  0
-10  14  18  0
57  -47  22  0
-22  -30  43  0
47  12  -36  0
-3  36  53  0
52  -9  4  0
-29  -43  46  0
43  7  40  0
11  -31  -41  0
-41  34  7  0
43  -58  -50  0
20  21  35  0
34  60  -37  0
-60  -32  9  0
34  4  -18  0
-39  42  35  0
-46  20  55  0
-58  52  13  0
-13  35  25  0
-22  -28  2  0
27  30  -31  0
51  20  -34  0
-20  28  34  0
-36  -44  -27  0
-59  24  -38  0
32  -47  -20  0
-52  22  -10  0
10  -1  46  0
-5  31  -35  0
-50  -59  14  0
-16  49  25  0
21  -6  5  0
26  -55  6  0
-22  -24  47  0
-10  33  -38  0
-32  16  30  0
30  11  -43  0
-1  8  10  0
31  38  -32  0
35  34  9  0
-53  26  21  0
-60  -48  -59  0
57  -45  -41  0
-29  30  48  0
-9  13  -39  0
-54  18  52  0
18  20  -32  0
-9  -5  -57  0
-55  -37  19  0
1  -3  -35  0
-2  -19  9  0
24  -48  39  0
-26  15  -46  0
-42  58  1  0
37  -49  -2  0
31  20  -58  0
29  16  -43  0
-1  -35  2  0
-19  58  17  0
42  -2  60  0
60  -10  -4  0
4  10  34  0
39  15  -1  0
-47  22  41  0
60  48  -46  0
21  -7  -55  0
-47  4  -7  0
-14  29  -56  0
-58  -31  -7  0
24  -10  -28  0
-1  -34  -15  0
-47  11  15  0
-29  16  47  0
1  35  15  0
-37  -5  -17  0
37  32  -59  0
-10  43  -46  0
-15  56  4  0
-34  -59  -14  0
-39  27  30  0
-39  23  37  0
13  33  -24  0
-24  -58  -44  0
35  27  1  0
46  13  32  0
13  -51  -39  0
33  40  -55  0
-59  37  2  0
44  -53  -1  0
-33  28  -55  0
-47  39  10  0
-21  -12  -33  0
54  29  40  0
35  -59  -55  0
43  -40  52  0
54  2  -1  0
20  -39  -4  0
44  -15  -14  0
23  53  -46  0
14  22  -13  0
-31  -21  -22  0
-16  19  34  0
58  -20  -50  0
48  47  -3  0
-14  56  -16  0
13  37  6  0
50  21  5  0
58  -29  10  0
9  -44  13  0
-8  13  -24  0
4  60  12  0
-34  9  51  0
7  29  15  0
2  57  10  0
-38  18  6  0
51  18  25  0
-21  -33  35  0
-43  28  -44  0
-58  44  55  0
-28  -37  1  0
8  23  -13  0
-24  -34  12  0
-14  -5  -2  0
21  14  -45  0
-7  41  56  0
-54  -16  -9  0
5  19  13  0
34  -26  30  0
30  32  18  0
-56  42  -21  0
60  -31  -35  0
-34  -14  36  0
-21  -58  55  0
-19  25  49  0
49  -22  56  0
-45  -55  -56  0
1  -29  24  0
-17  20  29  0
37  23  -22  0
22  10  -12  0
-49  58  -2  0
26  -18  -2  0
55  48  -47  0
1  -41  2  0
19  -50  -21  0
-56  -31  11  0
39  33  -5  0
4  -58  -56  0
6  31  -33  0
11  -12  -54  0
21  31  -47  0
-5  43  -53  0
-42  5  -33  0
-30  3  -52  0
4  18  13  0
-19  -21  55  0
35  27  -12  0
22  -11  -9  0
-22  60  57  0
-47  -19  59  0
24  -11  41  0
9  -26  4  0
47  -15  53  0
51  -35  -29  0
-56  43  47  0
-16  55  -12  0
36  32  9  0
9  -50  -7  0
48  -55  -27  0
-26  -42  -31  0
-23  -44  -24  0
-49  -39  30  0
-37  -44  5  0
2  -37  -56  0
-1  13  -59  0
45  -29  -33  0
14  7  22  0
