c mkcnf random cnf with seed 826685, max clause length 3
c FORCED SATISFIABLE
c 
p cnf 60  258
-21  -13  -55  0
21  38  59  0
19  26  31  0
-43  -22  1  0
57  -3  23  0
-60  49  41  0
46  -51  -23  0
-29  8  -34  0
-19  -1  -11  0
54  59  -41  0
-17  -5  15  0
10  48  -28  0
-42  57  -44  0
-58  -41  -40  0
-55  58  17  0
-12  1  -52  0
33  31  28  0
56  5  23  0
35  18  2  0
28  25  16  0
-16  -7  3  0
-35  26  34  0
50  57  -19  0
-6  -58  -12  0
-5  -38  59  0
-19  1  28  0
22  11  -18  0
16  -9  3  0
-49  -48  24  0
-51  54  53  0
26  27  44  0
30  -58  31  0
7  -25  30  0
21  -35  59  0
27  -3  40  0
-50  44  11  0
-3  -40  47  0
27  -1  36  0
53  -28  -16  0
33  51  -52  0
31  -50  48  0
24  -48  10  0
43  -1  -19  0
29  6  4  0
20  -53  -55  0
25  -22  28  0
-53  -32  8  0
-20  -3  59  0
38  42  14  0
-56  -28  24  0
47  -3  -11  0
-56  12  42  0
-38  18  -22  0
16  -54  32  0
-46  8  -37  0
-28  12  -53  0
-10  -43  15  0
21  50  52  0
-45  -26  17  0
23  -40  -55  0
-35  55  36  0
19  7  -35  0
-37  -4  -1  0
11  3  -13  0
49  45  -51  0
57  -29  34  0
34  -56  -17  0
-42  -35  3  0
-51  -29  -57  0
-32  51  27  0
-54  6  33  0
37  58  -8  0
-27  -20  42  0
-43  39  17  0
37  44  11  0
14  -10  52  0
-47  -14  -10  0
-17  -34  33  0
-13  47  35  0
16  -38  48  0
-41  13  -22  0
-43  4  12  0
40  21  42  0
27  -16  -8  0
53  37  -46  0
28  -50  17  0
37  24  46  0
49  -1  -35  0
41  23  -11  0
30  -6  3  0
12  32  -60  0
40  -52  14  0
49  4  -14  0
-38  -44  6  0
7  4  9  0
25  29  6  0
-22  -17  -42  0
25  9  54  0
48  -30  54  0
9  60  43  0
43  38  -27  0
-55  -34  20  0
52  -57  10  0
60  54  58  0
16  -12  45  0
50  -33  -47  0
28  -26  -40  0
-4  -56  -58  0
1  50  2  0
8  14  29  0
-60  -7  -30  0
-31  9  38  0
25  -42  -44  0
-15  -11  48  0
-41  -50  37  0
19  -52  36  0
-29  17  -52  0
27  -45  -40  0
36  -39  -31  0
34  48  50  0
-28  -32  -40  0
-39  19  -2  0
36  -5  33  0
54  -4  -19  0
-56  -51  -6  0
-55  -14  -10  0
-53  12  43  0
29  32  31  0
25  28  -10  0
18  14  -51  0
-49  29  57  0
-48  32  34  0
-18  -20  -32  0
49  56  -19  0
-17  -41  -44  0
22  35  -16  0
-38  -13  10  0
19  -10  49  0
-21  51  -48  0
8  -39  -60  0
26  -6  -31  0
38  -51  2  0
-26  -56  -7  0
-52  -54  -9  0
50  -24  45  0
-60  -7  40  0
39  17  -14  0
-3  27  -29  0
-39  27  4  0
18  -2  44  0
47  -29  -4  0
-28  21  -5  0
-51  13  -10  0
24  18  -21  0
40  45  -6  0
-45  -57  8  0
-4  -51  50  0
-54  36  -31  0
59  -28  -4  0
-51  24  -29  0
13  -60  39  0
-46  -37  -14  0
50  -57  -30  0
-12  59  -35  0
18  11  27  0
-53  38  -21  0
1  4  -12  0
33  37  -6  0
-53  23  -32  0
-53  -15  -41  0
3  -59  9  0
-9  -44  39  0
52  29  17  0
44  -1  41  0
4  8  -23  0
-16  1  -21  0
20  45  3  0
-48  14  37  0
-41  -50  16  0
-39  -11  25  0
40  -57  -18  0
22  -13  28  0
-36  39  12  0
24  -16  5  0
52  27  16  0
-45  9  -59  0
-29  -38  -49  0
56  -47  17  0
-32  -43  -20  0
-18  -52  -8  0
26  -2  -4  0
-9  42  -23  0
45  -5  -53  0
-31  -55  -60  0
23  51  -50  0
17  2  47  0
-14  31  28  0
-50  57  -16  0
45  49  -29  0
50  -3  -19  0
-10  -49  13  0
-17  8  -57  0
-49  5  -27  0
25  -27  -50  0
-23  -7  -8  0
10  42  -43  0
-15  -32  26  0
-5  -42  -14  0
-59  -45  47  0
14  -52  22  0
-30  -27  -13  0
-23  56  -55  0
59  -9  5  0
-16  55  -44  0
-47  -32  7  0
-16  -32  11  0
-45  23  -34  0
10  4  30  0
58  46  -35  0
46  -5  -2  0
59  55  -52  0
48  -59  7  0
9  15  59  0
57  6  -8  0
-42  37  -1  0
41  -30  -19  0
29  6  45  0
28  26  -16  0
-10  -58  -27  0
24  30  45  0
21  40  -53  0
27  51  42  0
37  -27  14  0
-56  -23  52  0
29  49  31  0
-33  40  48  0
-55  31  59  0
18  -38  -55  0
-5  -21  -51  0
58  37  15  0
21  -40  -22  0
-6  42  -58  0
-30  -17  40  0
8  1  -5  0
-31  45  23  0
29  -17  32  0
-36  -6  53  0
-59  -58  29  0
10  -23  49  0
-45  23  -51  0
56  -42  13  0
-14  -32  56  0
-38  -8  -10  0
44  -35  23  0
-50  9  13  0
45  56  -21  0
60  -59  -33  0
-27  30  32  0
