c mkcnf random cnf with seed 826671, max clause length 3
c FORCED SATISFIABLE
c 
p cnf 60  258
-4  49  42  0
-8  -51  -28  0
8  20  4  0
12  -47  -42  0
53  -35  -10  0
50  16  -2  0
-17  -53  16  0
-9  -60  -57  0
49  17  -14  0
-26  21  -34  0
57  45  -31  0
-40  -25  17  0
-12  -22  -26  0
25  4  37  0
42  -36  21  0
-9  24  44  0
26  -54  47  0
-17  -53  11  0
-5  -32  -21  0
15  -44  31  0
25  -8  16  0
40  56  -22  0
42  28  40  0
50  -33  9  0
48  -15  -44  0
49  -60  39  0
7  28  6  0
26  -57  -21  0
-31  -34  51  0
-32  17  -26  0
-44  30  -56  0
-5  8  29  0
-50  -18  -44  0
-24  -33  -8  0
34  -12  26  0
-54  56  9  0
-35  -12  40  0
-6  31  -2  0
-26  14  50  0
25  4  -34  0
13  43  -52  0
27  -26  -16  0
-4  -37  45  0
-59  -35  36  0
-5  48  55  0
-52  29  42  0
17  -3  -35  0
27  44  49  0
-50  -36  -7  0
-4  18  55  0
-1  -30  -35  0
-17  -1  51  0
-1  21  8  0
50  25  -60  0
-47  11  -42  0
44  21  -32  0
17  -42  -6  0
43  -22  -6  0
53  -3  20  0
-30  26  57  0
27  -7  -4  0
41  35  -11  0
-59  -23  -32  0
-23  -40  -18  0
-47  -27  15  0
26  -44  1  0
-53  -6  47  0
-40  -4  37  0
32  21  -45  0
-28  19  21  0
-29  -54  43  0
-49  -48  36  0
57  -19  48  0
9  -58  -40  0
26  -43  9  0
-13  -27  -54  0
32  -57  56  0
17  -10  -23  0
42  -20  -11  0
13  -18  -29  0
53  54  -2  0
-46  53  -57  0
14  -40  49  0
50  15  -24  0
-28  -40  41  0
30  5  54  0
57  -60  -31  0
59  39  38  0
-42  -21  12  0
57  56  -29  0
-12  -51  -43  0
46  -7  5  0
-49  12  -52  0
-25  -37  5  0
-20  -10  -35  0
-40  -45  17  0
-58  59  57  0
15  -60  14  0
-48  -1  45  0
18  -37  -9  0
2  34  26  0
38  55  -50  0
-45  50  -4  0
56  -48  -34  0
46  -23  -47  0
-19  33  27  0
-22  59  -55  0
42  10  -17  0
-52  36  56  0
12  59  28  0
14  -16  50  0
-7  26  -35  0
-18  4  -58  0
-11  35  -16  0
-25  -19  -52  0
-12  -46  -56  0
-1  15  -40  0
-34  18  47  0
-5  22  -60  0
-31  20  39  0
36  -5  24  0
19  -52  11  0
16  -3  41  0
-25  36  32  0
-30  11  34  0
-57  -34  -9  0
-50  5  -32  0
-53  -4  17  0
-36  -15  -60  0
44  -43  58  0
49  45  -34  0
13  -47  20  0
8  21  23  0
25  -24  14  0
41  -27  53  0
-50  51  26  0
-13  -8  -59  0
48  -45  -18  0
-1  -53  -30  0
44  46  -7  0
-10  -14  -35  0
59  -6  47  0
-7  -53  -1  0
-31  27  -30  0
-23  37  14  0
-24  -11  55  0
32  -1  -47  0
-11  47  -18  0
47  -58  36  0
-26  14  12  0
-2  57  -24  0
-10  -55  3  0
52  31  23  0
50  59  -7  0
30  2  -3  0
-4  18  5  0
-36  -52  47  0
-17  -1  8  0
37  12  -6  0
-56  3  -50  0
49  18  -39  0
18  40  9  0
-22  -27  -50  0
52  -57  -6  0
-50  -1  -29  0
21  -60  -40  0
1  53  -40  0
43  57  48  0
-20  -37  19  0
-52  -38  -50  0
-22  -5  -43  0
7  9  -16  0
-30  13  -19  0
25  60  21  0
-6  -32  -7  0
46  -26  -48  0
-17  -12  -38  0
-48  38  -17  0
35  -33  -27  0
-10  -45  -57  0
15  -33  7  0
41  -47  18  0
-7  42  43  0
-3  -21  9  0
-32  45  51  0
-17  35  -3  0
38  37  -5  0
-5  33  -3  0
-26  -21  -16  0
-14  35  40  0
40  45  35  0
55  17  -22  0
-18  -14  26  0
13  59  -34  0
-3  37  -32  0
-51  38  28  0
-15  32  -2  0
-15  51  -16  0
-25  33  -7  0
-10  33  2  0
-16  31  -4  0
-26  -47  46  0
38  7  14  0
2  -41  1  0
16  51  47  0
19  -47  -4  0
9  20  -42  0
-36  2  48  0
-53  20  -13  0
34  -11  24  0
28  42  16  0
-20  -43  -45  0
51  -54  -57  0
29  -9  49  0
-30  46  49  0
-7  43  -16  0
-39  -7  30  0
48  23  28  0
18  -7  -47  0
-58  12  37  0
30  -57  3  0
48  35  -45  0
40  41  -44  0
10  28  -45  0
1  -14  2  0
17  -50  8  0
-9  22  -54  0
30  -28  -2  0
-41  7  -51  0
-13  30  43  0
43  -25  57  0
-19  -54  2  0
-42  -18  4  0
41  38  24  0
10  46  14  0
-4  -45  3  0
38  26  -31  0
25  -40  -5  0
56  5  -15  0
-5  9  35  0
-47  -5  -3  0
12  25  31  0
26  28  -30  0
-16  -8  -33  0
43  -14  -46  0
-55  16  -39  0
-20  -15  30  0
13  31  58  0
48  47  45  0
32  -44  1  0
-10  4  -40  0
6  -1  -16  0
2  -48  -52  0
21  45  -26  0
-27  51  11  0
28  -24  3  0
10  42  -17  0
-35  -22  -12  0
