c mkcnf random cnf with seed 826664, max clause length 3
c FORCED SATISFIABLE
c 
p cnf 60  258
55  -7  -5  0
-8  -21  -41  0
-32  33  44  0
-44  2  60  0
-54  52  20  0
-24  45  -51  0
23  -43  -34  0
-49  -28  -48  0
7  -52  -42  0
30  6  -37  0
15  40  36  0
-49  16  -3  0
-21  -50  36  0
23  29  50  0
4  -13  46  0
-60  12  -57  0
26  -32  -3  0
56  25  41  0
50  52  42  0
-40  -31  7  0
49  -14  51  0
-16  -18  -34  0
-59  22  2  0
34  33  -36  0
-4  31  2  0
7  51  41  0
-55  28  -35  0
-18  -50  19  0
-4  -39  -49  0
-32  34  -58  0
5  42  31  0
-51  40  -54  0
-58  -18  56  0
36  11  -4  0
-47  56  23  0
29  -12  -41  0
-59  57  -48  0
-11  -37  19  0
-20  -26  8  0
-20  -26  11  0
57  -21  44  0
9  55  -39  0
25  -52  51  0
23  11  -21  0
15  6  -59  0
-46  7  -20  0
52  18  -19  0
19  -47  13  0
-17  38  -29  0
-17  13  -10  0
37  -31  -29  0
-32  -41  -21  0
-15  -22  39  0
-5  14  38  0
58  -41  29  0
-36  35  -50  0
2  26  54  0
-44  -30  -23  0
40  -46  47  0
38  -48  -32  0
-47  -7  56  0
44  -32  50  0
-58  28  -49  0
-58  -28  -8  0
-54  48  38  0
16  26  53  0
23  -59  50  0
55  35  51  0
-52  27  54  0
-53  4  -5  0
-27  -1  -41  0
43  28  -26  0
-49  10  6  0
10  -54  51  0
48  -2  60  0
-4  6  19  0
-47  -49  10  0
-6  36  38  0
25  17  -34  0
42  -48  57  0
-6  -41  -32  0
-45  41  55  0
46  50  -31  0
-50  -2  9  0
-16  1  29  0
16  -14  52  0
28  -6  25  0
-18  -13  36  0
33  10  49  0
12  40  -27  0
-33  -51  35  0
-59  -13  3  0
16  55  49  0
53  52  -25  0
-37  60  -5  0
-34  -58  21  0
-54  -44  34  0
45  42  -60  0
10  -3  -16  0
43  -18  29  0
-42  -7  -5  0
21  -35  -54  0
-36  52  -33  0
33  3  15  0
3  37  14  0
-2  -41  -43  0
-1  2  59  0
-44  -14  -51  0
-45  24  5  0
20  -52  5  0
8  -45  5  0
-51  -8  -9  0
-31  24  -1  0
-24  10  37  0
-48  5  35  0
-60  19  -2  0
29  33  -27  0
28  43  -52  0
33  14  57  0
24  -8  -27  0
-26  -7  -10  0
-39  -33  44  0
23  9  -24  0
27  -39  -54  0
-26  53  51  0
-8  -44  -17  0
-20  -40  -49  0
-22  14  28  0
42  1  -7  0
19  -36  -14  0
51  -48  -35  0
21  39  -49  0
-53  8  -1  0
13  -34  -27  0
-6  -59  -16  0
-53  -38  -42  0
-42  52  36  0
49  40  -54  0
54  -3  43  0
-11  20  45  0
28  50  21  0
31  14  6  0
48  49  -36  0
18  2  45  0
10  4  -12  0
-31  29  -7  0
27  -45  38  0
7  13  22  0
6  25  -9  0
33  47  49  0
-18  -9  33  0
33  37  3  0
-36  -14  23  0
14  56  -24  0
8  -30  -25  0
60  20  30  0
49  48  -25  0
-52  -54  32  0
-7  -21  -10  0
14  38  35  0
19  -52  -46  0
41  23  47  0
-21  33  45  0
11  -46  -51  0
-20  -54  50  0
31  50  -22  0
11  -16  47  0
-6  36  -60  0
21  -5  -32  0
32  58  -4  0
39  -14  36  0
58  11  20  0
32  1  -54  0
24  23  44  0
-55  58  44  0
-53  5  33  0
-39  42  -9  0
-13  -34  5  0
20  52  21  0
26  15  -33  0
-15  36  -35  0
-23  7  34  0
-7  -30  49  0
7  53  29  0
4  -14  -31  0
51  -15  -25  0
36  47  -34  0
-25  -22  -46  0
30  40  41  0
-44  3  -46  0
-26  15  -43  0
-58  38  9  0
-22  -49  -31  0
31  -10  -41  0
54  43  -46  0
27  3  33  0
59  37  50  0
3  -53  -32  0
25  21  -11  0
42  -17  -19  0
17  -30  -10  0
-28  -3  25  0
-5  -26  28  0
38  22  -27  0
-47  21  5  0
-18  36  -59  0
-46  -19  4  0
-58  9  -5  0
42  52  39  0
-44  9  -11  0
38  -4  -56  0
53  -20  5  0
32  42  -29  0
24  -10  -35  0
31  37  6  0
21  -30  54  0
32  2  -53  0
-5  1  -47  0
11  -32  -12  0
-19  -23  -32  0
6  -50  -35  0
57  9  -30  0
-32  54  -26  0
-21  51  -33  0
59  -13  -15  0
-8  -35  -6  0
19  -41  -22  0
-59  38  37  0
-46  42  20  0
-35  26  36  0
29  42  -8  0
-9  -28  57  0
41  -33  56  0
-48  7  52  0
44  14  -9  0
24  -41  -27  0
-53  -6  -38  0
-10  50  -17  0
-55  13  -14  0
32  5  -14  0
-58  33  -28  0
22  53  24  0
13  -49  -5  0
9  43  5  0
-55  -50  -35  0
-49  -1  -41  0
-3  -55  -31  0
-39  45  42  0
39  6  -50  0
40  25  39  0
7  59  -28  0
-17  -7  34  0
-53  -54  -14  0
-20  48  -55  0
-38  -34  -27  0
60  -36  -6  0
-48  -2  21  0
47  35  -48  0
