c mkcnf random cnf with seed 826630, max clause length 3
c FORCED SATISFIABLE
c 
p cnf 60  258
22  24  43  0
-46  -29  -21  0
-9  57  -27  0
41  56  -11  0
-3  52  23  0
-52  -60  -55  0
-44  -49  56  0
-57  -42  33  0
-19  30  -39  0
-40  33  -34  0
57  -3  -48  0
53  16  2  0
-26  60  -21  0
54  -55  52  0
-28  -18  -8  0
-6  4  33  0
16  24  39  0
-2  -23  60  0
-57  -53  41  0
-22  44  -19  0
-3  -30  -6  0
-47  -40  -57  0
-33  35  2  0
50  -21  -39  0
-10  21  44  0
41  53  56  0
-14  6  -59  0
-12  -32  -14  0
-19  30  60  0
-60  -8  -16  0
-3  24  59  0
19  -47  26  0
54  -57  -24  0
-23  12  52  0
47  56  43  0
35  -6  34  0
-22  -51  23  0
16  21  -31  0
56  34  -13  0
-2  45  -51  0
-42  -38  -50  0
-60  53  -31  0
-27  -60  -5  0
-45  -54  30  0
-1  -46  8  0
-53  39  9  0
60  54  -36  0
22  16  17  0
-33  -44  -40  0
2  -25  -16  0
-16  -59  -31  0
42  -41  8  0
56  -43  28  0
6  56  55  0
-12  41  -20  0
56  57  -16  0
-7  39  45  0
-60  17  1  0
55  9  -37  0
41  9  34  0
-57  8  -56  0
1  -17  -49  0
28  49  -12  0
-13  -36  21  0
-55  16  -20  0
-34  51  43  0
-52  10  41  0
58  8  30  0
-38  -6  15  0
53  -2  10  0
57  -17  -28  0
57  -35  30  0
60  -53  23  0
40  -54  9  0
-54  -48  13  0
-53  12  56  0
-11  -16  14  0
14  44  -4  0
20  -25  -39  0
57  25  -19  0
-48  -33  -51  0
5  33  -11  0
33  -55  57  0
58  -43  -34  0
-24  -50  20  0
-45  -32  -42  0
-54  -30  8  0
-4  9  -57  0
-29  -11  -19  0
-50  58  -44  0
14  1  24  0
-8  -54  -35  0
9  -3  43  0
-27  -28  12  0
-41  1  12  0
40  -30  7  0
-23  -57  -34  0
40  -3  48  0
4  51  -55  0
-34  50  -15  0
47  35  42  0
-6  -49  -26  0
-28  -23  -19  0
-4  -50  -21  0
33  37  -36  0
22  6  25  0
-23  26  -17  0
25  -31  42  0
22  -14  5  0
-45  -6  -12  0
-22  21  -60  0
26  -21  -30  0
-11  27  -38  0
37  35  1  0
-2  -33  -39  0
35  -33  3  0
-48  -27  -8  0
26  -13  47  0
-12  30  -15  0
29  -21  25  0
5  -31  -51  0
-31  37  -15  0
-12  50  5  0
54  7  10  0
-16  57  24  0
49  -9  7  0
-30  -51  -43  0
39  37  60  0
30  22  59  0
52  -32  10  0
-32  42  47  0
-55  11  59  0
59  15  -45  0
53  54  46  0
50  -57  59  0
47  21  8  0
-22  10  -41  0
-20  17  3  0
12  39  -36  0
4  -16  27  0
9  -36  60  0
6  39  -58  0
33  18  -10  0
-56  15  -3  0
-46  27  -34  0
-40  -35  -33  0
50  8  -41  0
-5  -42  -2  0
-13  -50  57  0
-35  -1  -24  0
7  -31  35  0
25  27  31  0
-36  -11  30  0
-3  58  -38  0
-13  -15  -2  0
12  -9  10  0
-5  35  42  0
-4  14  39  0
58  -13  54  0
21  16  52  0
-54  21  15  0
20  15  30  0
-60  34  38  0
42  44  59  0
-13  -17  32  0
-14  22  37  0
28  -27  -36  0
-20  7  -29  0
-5  33  -55  0
-51  45  -37  0
-55  -36  -41  0
-34  33  -39  0
40  -54  4  0
-59  -45  27  0
35  -59  56  0
-27  21  -57  0
9  33  -4  0
-33  17  29  0
11  -10  53  0
32  -33  59  0
-42  -60  -22  0
-9  17  54  0
42  -47  -3  0
-17  60  53  0
-2  29  36  0
31  21  -19  0
8  59  21  0
45  40  35  0
45  -4  -43  0
-5  49  -32  0
53  -29  -35  0
27  16  -34  0
-2  7  45  0
49  17  6  0
23  54  5  0
-8  -31  -40  0
24  -42  -50  0
50  34  -1  0
8  -31  36  0
18  16  -30  0
-3  -18  42  0
35  -2  -9  0
20  47  -58  0
-44  -42  -29  0
42  -25  26  0
38  -23  -47  0
18  -20  47  0
19  -13  11  0
59  20  37  0
48  -14  -52  0
-27  -7  9  0
-36  -21  17  0
-32  -46  -37  0
4  -30  3  0
-30  8  37  0
48  15  8  0
-36  -25  -43  0
2  55  19  0
47  7  -5  0
48  23  18  0
1  -53  -18  0
-22  35  -3  0
-10  25  -53  0
41  20  -24  0
-39  18  -52  0
60  28  -43  0
34  -11  -39  0
33  -53  -23  0
59  31  -39  0
-45  -26  -15  0
-55  -16  50  0
15  57  -59  0
-47  40  -29  0
-58  33  34  0
-11  -18  23  0
-58  17  60  0
-35  -48  45  0
47  7  56  0
51  17  45  0
-10  36  -19  0
-53  27  5  0
-49  48  -22  0
-58  59  -56  0
30  -53  38  0
-14  -40  -41  0
32  -58  -41  0
-22  60  -24  0
23  46  36  0
-39  -35  1  0
45  -7  -60  0
-24  -29  -34  0
20  10  29  0
50  -15  16  0
-31  49  -28  0
-29  59  10  0
-35  47  18  0
30  48  38  0
-34  55  2  0
