c mkcnf random cnf with seed 826716, max clause length 3
c FORCED SATISFIABLE
c 
p cnf 60  258
25  -29  19  0
-42  9  -11  0
38  -50  -11  0
-18  19  -41  0
-47  -45  -12  0
44  24  11  0
-45  -34  21  0
31  39  -2  0
10  26  -24  0
58  47  4  0
-29  53  -50  0
40  52  24  0
-31  18  -37  0
6  33  26  0
-11  28  -45  0
29  48  -5  0
-32  -38  27  0
-10  29  -37  0
-44  36  -49  0
-16  41  12  0
-35  -50  53  0
25  60  37  0
-34  -10  15  0
-55  48  -14  0
-4  -31  39  0
37  16  -5  0
-1  52  -2  0
-32  28  -19  0
7  -1  -40  0
-17  45  41  0
50  -20  -14  0
59  16  6  0
-45  13  -7  0
-43  56  36  0
28  16  -38  0
-46  -13  -15  0
7  12  57  0
10  40  -30  0
23  -46  57  0
13  43  35  0
-1  -23  -39  0
21  -54  26  0
-53  43  -11  0
8  23  6  0
14  -47  43  0
12  -36  7  0
19  -25  6  0
52  12  -50  0
-10  -36  -3  0
16  -9  -33  0
-35  10  -12  0
42  -48  -58  0
16  -31  -22  0
-39  45  40  0
26  -60  -1  0
60  31  45  0
-29  -58  -39  0
-56  20  -27  0
-39  -51  26  0
19  -5  -35  0
7  -1  -48  0
-14  -31  -30  0
-34  5  -25  0
-18  -25  -44  0
-27  21  -54  0
13  21  -41  0
20  -8  49  0
60  55  -40  0
39  -7  27  0
-48  13  -1  0
-39  -55  59  0
29  26  48  0
29  -11  33  0
15  -60  -31  0
5  -10  -45  0
-42  34  46  0
11  59  -38  0
-59  -29  9  0
34  37  -7  0
-54  -47  4  0
-7  53  32  0
35  32  -43  0
-39  -52  -20  0
-25  -53  24  0
26  54  -43  0
3  -4  22  0
-1  13  -25  0
-31  38  -49  0
60  55  56  0
22  48  45  0
-9  -39  14  0
-14  -15  -10  0
19  46  5  0
11  -10  -47  0
1  -60  -53  0
-51  -50  34  0
56  26  -45  0
51  57  1  0
46  -41  -37  0
3  -21  43  0
14  20  -36  0
16  -3  -50  0
-57  -55  -44  0
37  27  -7  0
42  -46  56  0
43  23  17  0
-53  -40  -13  0
7  -8  -25  0
-38  -47  -50  0
15  42  -12  0
-25  -50  49  0
39  56  -27  0
-2  -22  -49  0
42  41  13  0
-31  -7  47  0
50  14  22  0
-11  -51  52  0
36  20  -53  0
-26  -54  -37  0
46  28  2  0
11  -9  19  0
21  48  -33  0
-50  -8  3  0
-6  8  14  0
-35  13  20  0
54  42  -12  0
7  19  -56  0
15  -16  -60  0
-60  -14  16  0
58  44  1  0
37  -21  60  0
11  51  -43  0
24  57  20  0
-43  58  46  0
60  -40  49  0
-32  -42  15  0
-41  -25  59  0
24  20  18  0
-10  -30  -33  0
-45  34  24  0
-3  8  12  0
24  18  -19  0
8  22  36  0
27  59  -31  0
40  56  -47  0
-16  4  -12  0
-32  51  42  0
-39  3  10  0
-55  -53  -59  0
7  55  1  0
-29  28  -11  0
41  50  -53  0
35  32  -13  0
46  19  21  0
-53  -27  37  0
59  -22  -39  0
57  15  -11  0
-12  47  -7  0
-6  -7  19  0
46  47  30  0
3  8  25  0
-18  -14  -27  0
38  -46  48  0
44  -39  -40  0
40  -14  28  0
40  6  -51  0
-24  41  -7  0
-37  32  33  0
-55  -26  -38  0
-27  21  -22  0
-40  -46  47  0
18  45  17  0
30  38  -42  0
-53  -48  -16  0
-52  10  -44  0
4  53  42  0
60  25  27  0
-19  -13  -23  0
48  26  -10  0
-33  -56  -52  0
3  25  -35  0
21  -37  8  0
30  16  -18  0
28  -9  3  0
-39  29  -11  0
-32  20  -46  0
-29  -38  10  0
38  -17  35  0
22  7  -50  0
-10  -6  -29  0
9  -19  7  0
21  -15  -11  0
33  59  12  0
28  41  -1  0
49  -25  -40  0
11  -2  -30  0
60  -39  12  0
-44  16  -49  0
-19  -15  -58  0
-23  1  -58  0
-60  44  -48  0
-60  54  57  0
-55  1  53  0
-7  -57  36  0
27  45  -48  0
54  18  24  0
-2  18  46  0
33  -29  23  0
2  -1  -48  0
2  37  -16  0
54  28  36  0
-9  -46  -49  0
-30  -36  8  0
-9  48  -16  0
54  -37  53  0
-9  -48  -18  0
11  -53  -37  0
-32  -27  59  0
-16  -56  -3  0
-58  -33  -31  0
-48  -26  -56  0
-11  -24  -53  0
-13  55  -19  0
-13  -1  -9  0
31  22  37  0
22  7  27  0
29  32  -16  0
24  -56  29  0
-22  -50  29  0
-15  60  25  0
25  38  -22  0
46  -41  35  0
36  18  11  0
-57  -10  -55  0
-11  -45  38  0
-40  -18  55  0
-53  -10  2  0
32  -52  -46  0
-44  -45  -18  0
-60  -16  -3  0
17  -1  -37  0
36  59  -19  0
4  51  -40  0
18  31  -26  0
-23  -19  22  0
45  28  -42  0
30  23  -48  0
-5  -48  -4  0
-53  -10  8  0
-1  -22  38  0
-13  58  -37  0
29  -21  -28  0
38  5  25  0
-20  -1  59  0
-6  32  -30  0
27  36  29  0
10  -44  60  0
46  -50  -22  0
