c mkcnf random cnf with seed 826655, max clause length 3
c FORCED SATISFIABLE
c 
p cnf 60  258
-27  -47  10  0
29  38  -5  0
13  -40  22  0
-36  -55  -49  0
52  45  58  0
17  -11  -55  0
34  -52  41  0
-27  33  -6  0
-30  -52  29  0
-42  14  -7  0
-34  3  -17  0
-51  7  -59  0
21  38  -29  0
56  -42  -38  0
4  -27  -47  0
27  49  -37  0
-36  -3  10  0
-3  -6  50  0
55  58  11  0
-48  42  -14  0
31  56  -34  0
6  -1  41  0
57  40  5  0
-36  23  -37  0
-18  -37  -30  0
42  45  -46  0
-29  11  -12  0
44  54  59  0
-15  -40  -4  0
-30  13  27  0
-33  40  -51  0
1  60  -8  0
31  59  -19  0
40  -45  -5  0
21  -5  -3  0
-14  -17  1  0
55  15  -14  0
-45  7  27  0
43  -21  -9  0
41  34  -42  0
1  -17  21  0
60  -39  -9  0
-54  -23  44  0
29  42  -35  0
7  -33  -35  0
35  46  -13  0
18  55  -47  0
-18  55  -59  0
38  -43  -6  0
-40  -10  -60  0
30  10  -45  0
60  -2  -53  0
-25  -31  -53  0
-17  7  -11  0
37  47  32  0
-6  31  -41  0
50  14  -49  0
-28  -32  -11  0
20  35  6  0
1  24  12  0
-38  48  -50  0
-9  42  -35  0
37  44  -14  0
-17  48  -27  0
-36  21  49  0
50  22  -48  0
-8  38  -56  0
-2  -22  -33  0
-57  49  8  0
50  57  -59  0
53  18  -56  0
19  4  -27  0
46  3  -34  0
-54  -33  -31  0
-32  -12  -27  0
12  -41  -27  0
-28  3  -16  0
23  -47  45  0
-40  30  -21  0
16  -14  38  0
12  53  -43  0
35  40  10  0
54  -36  -13  0
-58  -57  26  0
31  -52  51  0
22  26  44  0
-60  -56  -47  0
58  -34  -5  0
-18  -29  -34  0
-5  49  -47  0
-31  13  -29  0
4  -5  50  0
-57  -50  44  0
-14  -54  13  0
12  8  36  0
-19  -3  53  0
-41  -44  26  0
16  55  12  0
13  26  -39  0
-23  -2  -8  0
-20  35  -24  0
-42  -9  26  0
-7  34  13  0
-31  -26  50  0
-28  -2  34  0
-53  23  -21  0
19  4  37  0
40  -18  3  0
-44  -26  4  0
-21  -59  -40  0
-6  3  31  0
-21  46  58  0
-15  30  -60  0
-44  32  -57  0
-7  45  23  0
-36  -30  -12  0
11  -30  46  0
13  38  40  0
-3  37  22  0
-36  53  -37  0
-18  40  -8  0
-24  -2  -44  0
-33  -7  -5  0
26  -27  -47  0
-54  10  -6  0
55  -39  -7  0
4  34  43  0
-8  9  57  0
54  -14  -55  0
6  51  -15  0
-3  -13  28  0
34  -30  28  0
-36  -58  24  0
-38  -41  -39  0
8  53  -26  0
-16  -8  -48  0
51  -27  -6  0
-34  -24  -55  0
22  33  60  0
33  7  -49  0
-7  -57  -23  0
45  -53  -11  0
-38  10  45  0
-51  -15  17  0
-59  -41  -31  0
22  31  -29  0
52  20  -10  0
4  -10  11  0
-2  -1  -6  0
-14  36  -50  0
53  15  14  0
-20  -29  5  0
-39  43  -45  0
38  -31  30  0
-46  24  -28  0
-58  -21  -7  0
-40  22  24  0
-28  -35  23  0
-22  25  59  0
-42  -22  48  0
13  -8  7  0
-30  -31  29  0
-58  -21  -16  0
-24  23  44  0
-39  52  38  0
-32  38  4  0
-4  10  22  0
18  39  34  0
-1  -13  -29  0
22  -47  -27  0
-45  -10  36  0
-31  39  -42  0
-41  -28  33  0
47  20  -39  0
47  58  51  0
45  -48  -1  0
-54  52  -16  0
51  -2  -30  0
7  46  -42  0
54  -55  44  0
-7  -33  56  0
5  -16  41  0
-20  -54  47  0
-10  14  -28  0
15  31  -57  0
4  -11  -9  0
31  -20  -32  0
41  -16  -54  0
-26  13  57  0
-14  -27  -26  0
-52  -25  -23  0
60  -42  -31  0
45  46  -22  0
22  48  35  0
-49  38  52  0
-56  23  -49  0
-8  48  -53  0
-14  -52  -19  0
-44  -1  -19  0
37  -21  25  0
39  -7  56  0
-4  19  -39  0
12  -30  8  0
18  48  -60  0
29  51  38  0
-45  38  25  0
59  -14  42  0
13  52  -12  0
19  -31  -60  0
-43  16  25  0
-23  -8  -41  0
-59  -51  -56  0
53  -40  5  0
6  -22  -42  0
-48  31  -41  0
52  -22  -37  0
19  60  -12  0
-50  -55  -26  0
30  45  -18  0
-3  54  9  0
-51  -9  -15  0
-16  32  29  0
25  9  10  0
11  -39  -59  0
11  33  9  0
40  36  23  0
57  23  -21  0
60  -11  -33  0
-36  -27  -22  0
13  9  46  0
17  -49  -54  0
54  60  22  0
-57  5  -28  0
-33  49  -11  0
-53  -22  38  0
33  11  -54  0
-54  -55  -16  0
-18  36  54  0
22  -28  -54  0
-1  -28  -42  0
-40  -34  2  0
6  24  47  0
-34  1  32  0
33  1  -21  0
39  53  33  0
-40  6  18  0
-57  -50  60  0
-56  33  -1  0
-20  21  12  0
-32  41  -52  0
-32  15  35  0
42  -49  44  0
-25  -23  38  0
51  29  5  0
-57  -15  -26  0
24  -12  -5  0
22  -21  60  0
52  -18  -49  0
