c mkcnf random cnf with seed 826645, max clause length 3
c FORCED SATISFIABLE
c 
p cnf 60  258
-49  38  35  0
17  15  -3  0
-16  15  32  0
37  -51  27  0
-38  -60  -39  0
-59  47  49  0
-45  44  26  0
-21  -46  -45  0
18  -15  -20  0
42  52  38  0
-17  8  19  0
27  58  5  0
-6  27  -33  0
44  50  2  0
-48  -6  16  0
-5  -37  41  0
-4  33  57  0
30  -14  22  0
6  22  24  0
12  -37  32  0
-6  -12  -50  0
-57  -25  1  0
-25  -24  49  0
-3  7  17  0
7  -2  -9  0
41  5  30  0
-54  24  -6  0
47  -33  1  0
54  -43  7  0
-41  -19  -57  0
-26  -20  18  0
36  8  3  0
56  -54  44  0
-50  -42  40  0
43  8  36  0
-37  19  9  0
47  32  -2  0
-44  20  -35  0
29  13  -31  0
58  47  -27  0
47  -37  -59  0
-28  -20  59  0
-27  -12  -33  0
-36  9  -47  0
-3  12  -48  0
11  -4  -52  0
58  42  -9  0
-28  -6  -59  0
-7  -60  55  0
34  45  -16  0
-27  43  5  0
35  -41  -8  0
13  -35  -54  0
-37  49  25  0
-52  19  -32  0
-23  -44  15  0
-12  -21  -20  0
-28  22  -31  0
40  34  60  0
6  -39  -49  0
46  48  54  0
-17  -30  -33  0
-30  51  -18  0
-36  -41  -8  0
29  -6  23  0
57  56  40  0
-54  -15  7  0
-50  -18  58  0
-6  -11  54  0
20  39  1  0
-25  -34  -11  0
-60  -38  51  0
-24  27  38  0
-45  28  -27  0
4  11  -39  0
-42  -48  -30  0
57  7  16  0
19  27  34  0
-47  41  30  0
23  47  -4  0
53  -58  23  0
-20  56  45  0
27  26  -1  0
-41  -6  54  0
53  26  34  0
-54  26  -36  0
46  16  51  0
-23  58  56  0
38  1  19  0
-22  14  -9  0
16  -59  -41  0
-17  -32  -59  0
50  33  49  0
9  23  22  0
-53  19  28  0
-30  -3  -21  0
-49  22  -16  0
-25  -21  49  0
40  34  29  0
-22  -27  -8  0
37  56  58  0
-9  -37  -46  0
-18  -47  -39  0
59  54  -18  0
20  -16  17  0
29  -53  -57  0
2  -49  28  0
55  11  -22  0
-32  -47  21  0
-56  36  -46  0
60  46  26  0
-11  58  -57  0
-1  38  18  0
46  52  -3  0
-24  -7  -60  0
-30  59  -2  0
56  50  6  0
43  -18  27  0
-47  -44  4  0
-18  -60  34  0
-44  46  -13  0
15  10  12  0
-24  25  -49  0
50  43  17  0
1  46  27  0
-49  19  -10  0
44  -21  45  0
-29  48  -53  0
38  26  23  0
31  -13  -46  0
-15  5  -59  0
-46  -11  -2  0
49  55  7  0
-59  41  -33  0
46  41  -47  0
-5  41  56  0
37  46  50  0
-1  55  -12  0
4  -35  41  0
16  31  -46  0
19  22  -51  0
42  -8  53  0
-49  16  33  0
-14  -40  47  0
-21  -23  -26  0
42  -11  9  0
-20  35  -50  0
58  -9  8  0
-38  -56  6  0
54  -23  -16  0
-9  -47  -3  0
34  -51  -49  0
8  -56  -13  0
15  -25  -42  0
18  -5  -46  0
-33  28  59  0
-38  -28  -10  0
46  55  59  0
23  -37  35  0
8  -6  -44  0
-59  36  44  0
-1  -2  -51  0
-34  15  4  0
-22  -49  -55  0
24  -25  43  0
-53  -38  18  0
-51  7  5  0
-31  2  5  0
-20  60  22  0
14  -2  54  0
-53  49  -43  0
-4  30  -27  0
13  25  48  0
-7  26  -50  0
60  14  37  0
14  -49  10  0
24  4  -27  0
-28  60  -23  0
-22  7  47  0
45  -53  37  0
-38  35  7  0
9  15  34  0
3  37  -14  0
-34  31  11  0
-1  11  37  0
14  47  33  0
-22  -20  -18  0
1  -2  -17  0
35  41  14  0
24  29  -5  0
-17  -27  -42  0
-43  -44  -14  0
48  -30  -34  0
-20  6  -16  0
54  26  -19  0
44  41  9  0
35  -11  -15  0
26  52  45  0
23  6  -11  0
-47  58  31  0
-23  50  -6  0
-9  -32  38  0
3  -54  10  0
-20  -21  -28  0
-23  -6  -9  0
24  -11  7  0
-27  32  -23  0
37  -33  17  0
-30  23  -32  0
16  -25  47  0
43  27  34  0
38  21  8  0
-5  3  -10  0
-42  35  34  0
18  -22  -16  0
-2  1  -50  0
23  -41  -55  0
-34  41  -16  0
42  -24  -28  0
-57  2  -37  0
14  6  50  0
-19  54  -25  0
46  -36  -16  0
-26  15  49  0
-2  -36  32  0
-28  21  -58  0
-22  54  -55  0
39  9  -12  0
20  45  -51  0
13  37  47  0
-11  -50  -47  0
37  -58  -10  0
35  26  14  0
-38  14  22  0
40  -16  41  0
20  28  -15  0
27  -46  -35  0
52  -2  1  0
-22  42  -10  0
44  -32  -21  0
-16  2  43  0
55  -16  -56  0
30  42  -44  0
-31  -10  -34  0
1  -6  -32  0
-11  51  -57  0
-13  -51  -59  0
-38  -41  -2  0
-18  1  -58  0
-37  26  48  0
20  -51  3  0
24  -3  -49  0
57  22  48  0
-37  -59  13  0
34  17  -42  0
-53  -7  -32  0
-51  -27  36  0
30  23  14  0
