c mkcnf random cnf with seed 826721, max clause length 3
c FORCED SATISFIABLE
c 
p cnf 60  258
-14  -33  37  0
20  3  -34  0
1  -6  48  0
38  48  51  0
5  -18  35  0
-17  -47  -56  0
-46  41  60  0
-14  -58  -40  0
7  -55  -3  0
1  13  46  0
-36  4  23  0
-37  5  -11  0
-28  19  -46  0
-54  26  -20  0
23  -4  13  0
-42  21  13  0
-24  -12  -60  0
8  -34  17  0
2  -49  -26  0
44  -16  39  0
-58  13  -35  0
22  -10  35  0
-48  -49  11  0
3  -47  8  0
17  -21  -40  0
3  -4  23  0
7  49  28  0
47  -45  46  0
24  -33  19  0
58  46  -50  0
-53  14  -27  0
54  60  48  0
-13  -21  -53  0
17  -7  -27  0
60  28  -56  0
-58  -27  14  0
-11  -30  9  0
6  43  -59  0
-51  14  -29  0
30  1  33  0
2  20  -54  0
-22  24  -17  0
35  9  -4  0
15  46  40  0
56  -34  -14  0
31  39  30  0
51  4  27  0
-13  46  56  0
-32  37  24  0
-32  -54  -51  0
7  37  38  0
35  -45  -28  0
11  -54  8  0
32  -25  -27  0
57  -54  -25  0
57  41  20  0
20  -7  52  0
-52  -28  -3  0
40  17  18  0
30  -34  -6  0
26  -13  -35  0
-2  57  40  0
-56  8  44  0
-19  58  -24  0
5  -13  15  0
-5  31  -9  0
-30  44  -50  0
-20  -33  60  0
59  12  -45  0
33  53  -16  0
33  45  57  0
-20  38  -10  0
-32  26  57  0
38  31  -33  0
-60  -57  -39  0
35  47  -28  0
-50  -37  -32  0
-30  -34  -38  0
-54  -56  -11  0
50  -35  58  0
53  -44  -46  0
18  50  55  0
-8  55  34  0
36  9  -54  0
37  14  15  0
60  -4  30  0
39  20  -22  0
-8  54  -22  0
-11  32  2  0
33  -57  -26  0
-21  1  54  0
33  59  48  0
-45  46  5  0
-38  -32  57  0
35  -48  60  0
36  47  -15  0
-16  -42  -46  0
-26  -20  18  0
52  -15  -1  0
32  28  60  0
-54  -26  10  0
-41  -8  -60  0
5  51  9  0
-54  35  -1  0
43  -30  -15  0
-8  23  32  0
-45  18  30  0
59  -55  44  0
26  -13  44  0
40  52  30  0
-15  -48  36  0
32  11  17  0
-43  -42  -12  0
-45  -18  -21  0
52  -3  -38  0
-30  -15  -46  0
-46  -26  32  0
53  10  -16  0
-15  -9  -4  0
-25  -45  53  0
24  27  -34  0
47  -10  -33  0
-8  24  54  0
-36  4  47  0
13  8  -46  0
-36  44  58  0
27  45  -30  0
18  -24  -27  0
14  -17  24  0
54  -34  -52  0
-23  21  38  0
-15  8  29  0
48  42  -53  0
19  56  -24  0
-15  3  40  0
39  26  32  0
14  -48  -59  0
-43  -47  -14  0
13  14  -10  0
20  -53  56  0
-8  -10  -48  0
-46  49  -43  0
34  -56  -20  0
-48  -29  -22  0
31  -3  42  0
-8  32  -43  0
-1  52  26  0
59  -17  54  0
38  40  24  0
-49  -12  -43  0
-9  -53  39  0
-60  44  24  0
35  -37  43  0
17  -5  -36  0
-10  -25  -41  0
-34  7  19  0
4  -59  -6  0
-4  -5  -51  0
27  -14  -42  0
-50  -1  30  0
-20  40  21  0
24  17  12  0
-23  18  39  0
10  45  29  0
33  -4  54  0
-55  -27  -12  0
-25  -27  42  0
-21  -26  50  0
-33  41  35  0
28  -37  -52  0
-34  51  35  0
-19  36  -50  0
45  47  31  0
-5  17  -53  0
-27  3  -23  0
2  -48  -6  0
-35  21  -6  0
-33  44  -52  0
-18  -32  23  0
45  59  39  0
54  31  8  0
-43  -45  -17  0
-12  -42  -51  0
2  -14  -7  0
-35  -38  -53  0
-44  -3  -1  0
-12  25  -42  0
-30  -35  -5  0
-12  -48  -57  0
12  -11  -22  0
-8  41  -26  0
-13  24  -30  0
33  4  11  0
25  32  -34  0
-29  -18  46  0
-5  59  47  0
14  7  39  0
-37  44  33  0
-29  -31  4  0
-30  -40  3  0
-32  -26  5  0
17  -3  32  0
-50  -12  27  0
-42  -21  50  0
-27  -11  59  0
-29  -20  -8  0
21  -46  20  0
-31  35  -26  0
15  -7  -47  0
-16  -49  -40  0
-56  -47  -21  0
40  -22  -3  0
-32  -50  6  0
-20  12  47  0
10  33  -28  0
-8  37  22  0
-50  34  -15  0
5  -15  -20  0
45  50  -34  0
58  49  -29  0
12  8  51  0
-43  44  -60  0
-16  23  30  0
-11  -49  22  0
37  -32  2  0
4  33  -9  0
14  31  -8  0
-36  27  55  0
14  43  -34  0
-34  26  -53  0
-5  23  1  0
14  -52  -28  0
-19  50  16  0
-57  29  36  0
-26  -27  40  0
-23  4  49  0
-59  -32  -44  0
46  -42  38  0
-45  -13  7  0
-52  51  -35  0
-56  -45  52  0
-20  60  55  0
42  -5  -53  0
48  35  -56  0
-39  -20  -36  0
46  37  -44  0
29  -30  -20  0
-60  -55  -20  0
39  41  51  0
-57  -44  -6  0
48  -18  -23  0
32  21  40  0
35  2  -9  0
-52  -11  18  0
51  -32  -24  0
53  -13  -24  0
-2  -7  8  0
-13  -58  35  0
