c mkcnf random cnf with seed 826692, max clause length 3
c FORCED SATISFIABLE
c 
p cnf 60  258
-30  -56  -31  0
-34  -50  15  0
-58  -31  32  0
18  -15  40  0
48  -29  1  0
-58  46  -35  0
41  -11  30  0
-14  3  42  0
-52  29  -24  0
-41  -11  18  0
10  -50  3  0
-12  34  40  0
-40  -26  -43  0
50  21  17  0
-14  -45  51  0
48  26  42  0
-51  -36  2  0
-55  36  32  0
55  -30  -44  0
45  26  -10  0
32  43  -19  0
13  40  -10  0
-25  8  5  0
-18  -30  57  0
-2  41  -46  0
-5  52  41  0
45  4  -43  0
-28  3  53  0
-49  17  4  0
-31  45  14  0
34  53  46  0
27  -45  46  0
-11  5  -28  0
-7  60  -40  0
-53  9  -27  0
55  -41  18  0
-31  -51  -43  0
-28  -44  32  0
11  35  18  0
46  7  42  0
-38  -4  15  0
43  -45  -3  0
49  -1  16  0
-41  22  1  0
12  -6  -11  0
7  1  -4  0
-20  44  58  0
-53  31  26  0
-3  29  52  0
-35  -9  5  0
-33  -50  -8  0
7  -41  -53  0
9  -60  -19  0
14  -33  7  0
-28  -53  -51  0
-58  -11  43  0
-51  1  18  0
22  -1  41  0
-60  -35  31  0
31  25  8  0
-14  -33  5  0
23  25  49  0
37  -53  -14  0
48  49  43  0
40  -25  -22  0
-30  -22  25  0
40  -47  56  0
22  13  53  0
23  45  7  0
43  -3  -60  0
28  31  -57  0
-1  12  -58  0
-52  35  -24  0
-52  51  -3  0
-45  12  -43  0
45  46  -23  0
2  -37  -24  0
47  54  -59  0
-53  18  -12  0
-20  29  27  0
19  58  53  0
-9  11  44  0
49  -59  -6  0
-29  2  38  0
-54  -36  -5  0
21  -22  7  0
35  41  -1  0
-17  -45  41  0
43  -8  -44  0
23  -51  -10  0
-7  -10  15  0
-40  55  14  0
60  30  -54  0
55  2  48  0
-17  48  11  0
56  6  14  0
-11  -53  31  0
45  -33  -15  0
10  22  34  0
52  -5  57  0
-34  -36  8  0
-17  21  -43  0
50  5  -9  0
60  35  -45  0
-22  46  37  0
-59  37  38  0
36  -35  30  0
-20  46  53  0
-50  -20  -53  0
4  26  -18  0
4  10  59  0
37  -45  -15  0
-4  34  -29  0
-29  -8  -7  0
51  26  -27  0
9  5  42  0
-50  -57  35  0
6  43  35  0
17  15  -34  0
51  22  58  0
-47  22  9  0
-10  -55  8  0
-25  20  26  0
-22  38  -54  0
52  -38  25  0
-9  -57  5  0
-3  -6  36  0
56  -44  -5  0
-59  28  -44  0
-20  -33  31  0
-56  5  55  0
-21  7  24  0
-25  -2  24  0
35  18  58  0
-58  53  -35  0
35  56  15  0
19  12  7  0
60  46  54  0
-11  40  -5  0
10  -12  -57  0
44  30  -21  0
-48  35  20  0
13  32  1  0
17  37  27  0
-4  -3  35  0
-20  -44  -22  0
-2  57  42  0
-39  -34  33  0
16  -30  24  0
24  -29  35  0
4  -48  -26  0
53  12  25  0
43  -9  -13  0
-31  -57  -41  0
30  -42  -53  0
22  33  57  0
31  -20  -46  0
-26  35  -13  0
15  26  52  0
16  56  55  0
44  -45  34  0
-24  30  -34  0
-24  5  33  0
-13  -14  -45  0
12  -46  -53  0
37  8  19  0
21  5  16  0
-24  -33  -50  0
35  53  20  0
45  11  9  0
42  26  -32  0
-34  -17  23  0
-4  26  -13  0
-59  -35  44  0
3  -11  -47  0
-59  -18  -7  0
1  45  7  0
-42  -28  52  0
28  49  -21  0
-48  14  32  0
56  18  -26  0
3  44  47  0
3  -42  -21  0
-3  23  -31  0
1  -13  30  0
9  40  -6  0
4  -3  -56  0
27  -35  16  0
29  -10  31  0
12  -58  -8  0
-43  54  -37  0
6  -41  -32  0
-11  55  -28  0
3  -59  -5  0
-5  -54  -20  0
42  17  18  0
-54  5  16  0
37  36  56  0
-8  47  40  0
18  40  -26  0
-21  -15  35  0
26  37  -20  0
-19  34  -22  0
12  35  30  0
-30  -19  -13  0
54  55  5  0
3  40  44  0
-42  32  54  0
33  53  -57  0
-44  -11  37  0
-58  -49  -16  0
40  59  22  0
-42  -27  34  0
31  -37  -44  0
42  3  -50  0
18  -2  -47  0
-12  -33  -47  0
8  45  -34  0
-52  60  -59  0
-18  -37  -11  0
46  -44  33  0
-56  20  -32  0
53  -1  -35  0
14  2  29  0
55  -58  -8  0
-28  60  -27  0
-8  -39  -3  0
51  -49  -48  0
-58  -43  2  0
-4  -44  -28  0
-59  11  -9  0
-50  -1  19  0
37  5  -7  0
-9  3  46  0
1  11  -41  0
-28  42  1  0
-11  31  40  0
60  -3  58  0
-24  -28  54  0
47  -4  -52  0
2  4  -29  0
-19  10  -15  0
46  -39  -25  0
50  31  36  0
-52  -28  -3  0
-16  -54  -60  0
-10  -18  35  0
-43  -48  -15  0
-15  -51  50  0
-44  -15  -60  0
-34  60  6  0
2  -39  12  0
-38  39  -23  0
31  47  53  0
4  -60  -17  0
-14  -16  38  0
-22  43  -28  0
36  51  27  0
