c mkcnf random cnf with seed 826678, max clause length 3
c FORCED SATISFIABLE
c 
p cnf 60  258
-13  -31  18  0
33  59  -20  0
37  56  45  0
-46  -49  -54  0
30  -29  17  0
-5  58  -35  0
3  56  -26  0
16  40  -10  0
-51  -36  30  0
29  -53  -5  0
58  10  -44  0
38  -39  -5  0
-5  -1  -3  0
20  -52  -59  0
4  -21  24  0
52  60  47  0
54  -27  10  0
58  39  13  0
-43  -19  -18  0
-56  9  -58  0
-39  -25  -36  0
-53  -57  -34  0
-21  45  -59  0
-8  -56  30  0
47  -25  4  0
40  -32  -56  0
-52  -19  -22  0
-50  39  21  0
-1  -19  -30  0
-24  -53  -48  0
32  -21  10  0
-46  -19  42  0
-15  33  23  0
21  44  -16  0
40  60  8  0
-41  -46  -28  0
53  -36  -17  0
32  -5  29  0
26  -33  20  0
-6  30  -5  0
21  42  49  0
41  -11  45  0
-48  54  -1  0
-35  -41  60  0
-16  41  5  0
41  18  36  0
-12  -37  -11  0
-11  47  -31  0
58  -43  -17  0
-18  -19  -57  0
21  -46  38  0
-51  -9  -14  0
-53  -2  -19  0
-43  -15  -39  0
-19  -12  40  0
31  -37  -50  0
-43  30  35  0
11  -22  3  0
47  -59  19  0
-4  6  -49  0
39  58  -16  0
2  -30  -57  0
33  -1  -39  0
7  -33  -50  0
43  23  -21  0
11  -48  23  0
28  36  24  0
-55  -1  17  0
13  -16  -24  0
35  44  -20  0
-7  53  40  0
23  -55  -42  0
-34  -43  -7  0
46  -5  -53  0
-20  50  -34  0
-57  54  -48  0
-36  45  26  0
19  4  21  0
-41  -14  -4  0
-29  37  50  0
47  -15  14  0
59  -29  -31  0
45  -21  58  0
20  -58  38  0
-14  8  60  0
39  29  41  0
-60  -41  4  0
31  58  -27  0
-54  -50  25  0
-1  33  -11  0
-34  -3  -37  0
-45  38  -16  0
35  17  -46  0
-50  -46  42  0
-39  -25  -43  0
41  -16  -54  0
54  -60  -20  0
15  30  -20  0
32  -49  -54  0
-52  25  -48  0
-40  6  -17  0
-39  16  4  0
56  46  -26  0
1  -51  -10  0
-47  -12  -48  0
33  -23  36  0
28  -29  -6  0
37  48  59  0
-42  -29  30  0
7  -26  -32  0
60  -42  -31  0
-27  -53  23  0
2  -59  -33  0
48  8  -54  0
59  -53  -60  0
-18  -55  3  0
17  46  15  0
21  -59  -44  0
14  51  -27  0
40  11  49  0
49  -29  17  0
-14  -10  -17  0
-30  49  -50  0
58  -11  -38  0
30  36  -29  0
-19  27  -46  0
41  4  -48  0
-6  -59  -49  0
-40  -16  60  0
-22  -10  8  0
4  -33  57  0
-15  -27  -47  0
-49  -6  -57  0
26  -56  21  0
-20  -38  -28  0
53  12  -30  0
-52  8  -45  0
-53  -15  24  0
50  -39  -25  0
-15  36  -58  0
49  6  21  0
30  44  -3  0
48  36  38  0
26  -43  60  0
-28  -15  41  0
-41  7  20  0
33  36  57  0
25  -27  6  0
40  43  -32  0
59  16  -47  0
-9  31  56  0
-31  -39  47  0
-35  28  -58  0
-3  -53  -43  0
8  -20  -7  0
3  -55  38  0
47  33  -57  0
-32  33  -36  0
-59  -52  -51  0
-17  26  38  0
58  13  -42  0
-49  -33  9  0
27  -15  -45  0
11  32  -59  0
-2  8  35  0
-10  28  54  0
54  37  -26  0
13  -28  -31  0
-49  -5  -26  0
30  45  -10  0
29  -30  -27  0
-45  -49  -29  0
-52  -56  -21  0
-18  -45  -23  0
27  -52  30  0
-28  5  -21  0
-26  -36  21  0
-54  30  -39  0
-33  29  1  0
-15  -52  55  0
40  -8  -12  0
-44  56  -31  0
-38  1  43  0
-47  -59  -8  0
56  -10  2  0
-3  -39  59  0
-53  11  14  0
-39  51  -20  0
33  15  -16  0
57  39  23  0
33  -12  6  0
8  -28  44  0
-42  24  27  0
5  27  3  0
-41  -35  -6  0
9  -59  -11  0
52  59  8  0
-27  11  20  0
-37  17  -10  0
49  -17  -43  0
-53  -43  36  0
42  -10  13  0
-10  14  40  0
4  -7  -30  0
57  38  -44  0
-18  29  60  0
12  -53  -36  0
2  -20  -36  0
4  -24  49  0
32  17  -2  0
36  -8  -26  0
-47  -56  4  0
16  38  -28  0
-29  11  23  0
51  -9  -38  0
48  -5  -34  0
45  20  -50  0
-41  44  -3  0
-22  24  3  0
-24  40  -19  0
-38  42  30  0
-30  -52  -46  0
-49  -11  -27  0
49  5  -60  0
40  -21  -2  0
-49  48  -55  0
37  49  -5  0
-29  -1  -4  0
-37  41  52  0
16  -41  -40  0
-60  49  -26  0
-38  9  -45  0
29  40  17  0
-39  31  59  0
23  42  -26  0
37  -6  22  0
5  -24  34  0
16  50  -60  0
-13  6  35  0
-26  -34  38  0
-32  16  -41  0
-13  28  42  0
-34  54  -24  0
-27  25  8  0
-55  -19  7  0
-21  -4  -36  0
42  19  20  0
-5  28  -29  0
-50  -57  -18  0
9  57  -30  0
-22  60  56  0
-14  47  45  0
-38  17  -19  0
-59  6  28  0
25  24  -17  0
-12  -25  18  0
-55  51  -45  0
8  6  -43  0
