c mkcnf random cnf with seed 826656, max clause length 3
c FORCED SATISFIABLE
c 
p cnf 60  258
37  -36  -49  0
-36  -5  34  0
-4  21  -1  0
22  -45  -27  0
51  50  -8  0
-41  23  52  0
-2  -52  56  0
8  -38  47  0
1  -41  12  0
59  -47  15  0
-36  -8  -58  0
-59  26  24  0
60  30  -47  0
-18  -27  -25  0
44  -52  41  0
-25  -26  10  0
9  51  42  0
53  56  5  0
20  3  -56  0
55  -52  -13  0
-25  -31  6  0
32  -37  17  0
6  -38  -42  0
60  11  -52  0
21  -28  -51  0
-32  -50  39  0
-1  57  -59  0
18  -5  -8  0
-27  -54  -3  0
-23  3  -22  0
-4  59  49  0
7  -8  -42  0
29  -44  -52  0
-9  49  -30  0
41  -52  -9  0
-34  49  16  0
46  33  -14  0
-50  31  18  0
-2  -26  -55  0
-48  54  -49  0
26  57  42  0
-56  8  -47  0
5  -54  23  0
39  -57  -41  0
-43  -10  -4  0
-15  19  -9  0
-7  3  10  0
35  44  58  0
-22  37  -31  0
-28  -20  38  0
-42  -7  -50  0
57  -17  36  0
39  -9  26  0
-30  48  57  0
-21  15  58  0
-35  17  -20  0
45  -18  -55  0
-7  -32  -21  0
46  -49  59  0
4  -32  18  0
54  -51  44  0
13  14  -47  0
-18  43  35  0
-52  -48  -21  0
-10  -15  -44  0
5  -35  11  0
-58  -49  48  0
56  -34  -3  0
51  12  18  0
7  9  29  0
-59  -39  14  0
51  59  -11  0
15  -23  -48  0
55  45  51  0
-9  31  -60  0
-1  -20  39  0
38  34  -45  0
52  53  46  0
40  33  12  0
-43  38  36  0
-42  -8  -59  0
-9  -11  21  0
-18  -8  -27  0
-56  -1  -60  0
17  8  22  0
53  12  10  0
6  -42  -5  0
6  4  49  0
-37  -6  -54  0
-36  -25  -1  0
40  -52  -44  0
-10  -24  38  0
-52  28  33  0
-46  -60  1  0
-35  -22  28  0
-21  37  33  0
32  -39  -37  0
53  58  26  0
-8  -3  46  0
-31  47  4  0
37  20  -28  0
12  -5  -28  0
-19  -9  -18  0
9  52  -3  0
-28  57  -34  0
46  32  -54  0
-15  -44  -56  0
9  -54  -42  0
-19  -22  9  0
28  8  -56  0
24  -59  53  0
-52  13  -21  0
-30  -39  25  0
-27  -7  50  0
47  6  24  0
-33  -12  -57  0
-51  -43  20  0
59  51  17  0
21  -40  -6  0
25  51  -27  0
35  22  55  0
39  -46  14  0
-52  -2  -31  0
38  22  -60  0
15  -20  2  0
-7  -18  60  0
54  53  -6  0
-33  12  35  0
-49  31  32  0
-12  -26  -1  0
11  -32  -47  0
-15  29  -53  0
-54  -25  -17  0
28  52  -55  0
3  -30  -11  0
17  31  57  0
-17  25  58  0
-5  -33  -32  0
25  54  3  0
43  38  -10  0
-51  21  -7  0
2  24  -28  0
12  16  -52  0
-55  -21  -37  0
41  43  -46  0
-29  57  16  0
22  -32  -38  0
45  -57  25  0
53  46  -25  0
29  35  -45  0
46  8  -36  0
42  31  12  0
31  -56  -32  0
43  -2  -49  0
-57  -11  -9  0
-11  43  19  0
-14  -32  30  0
-9  -60  -35  0
-52  18  -10  0
-11  -24  -25  0
-20  -52  -33  0
41  6  -39  0
59  -46  45  0
-35  13  -12  0
45  -23  60  0
24  38  13  0
41  -33  30  0
2  57  52  0
-51  -52  -30  0
58  54  31  0
26  20  44  0
37  -56  -49  0
37  -35  -48  0
46  52  -2  0
57  55  44  0
25  -42  -5  0
20  -54  -7  0
31  2  -17  0
-3  52  1  0
2  -16  59  0
32  -58  20  0
43  39  -24  0
45  11  31  0
-9  32  -35  0
14  -36  -29  0
-44  -57  -24  0
-30  -24  -8  0
22  -36  -6  0
-41  27  -20  0
46  -55  34  0
44  -24  -38  0
-37  42  54  0
-55  -16  -19  0
56  -27  34  0
-22  45  5  0
-3  -54  30  0
47  -16  -13  0
-58  19  45  0
-57  50  47  0
-51  42  26  0
-51  14  2  0
-25  36  -35  0
7  9  29  0
11  58  48  0
39  -50  -27  0
-53  -38  -46  0
-53  -19  60  0
54  -42  -12  0
-58  -16  -23  0
-52  -59  -22  0
-1  -53  52  0
-21  -39  60  0
-17  45  5  0
30  54  -32  0
48  1  11  0
-44  49  28  0
-50  -43  -60  0
1  37  -6  0
56  37  28  0
38  23  19  0
-60  59  -27  0
-39  -50  32  0
35  26  -22  0
59  55  36  0
46  -58  -51  0
50  11  -29  0
48  38  -34  0
28  -18  10  0
-56  23  -16  0
-55  35  -47  0
-14  49  8  0
-53  -17  4  0
2  -57  58  0
35  39  -2  0
29  -59  7  0
-46  -1  -57  0
25  -34  18  0
-43  -27  -49  0
17  -22  -51  0
32  23  38  0
48  17  -7  0
45  44  13  0
-13  49  -32  0
45  -13  -24  0
60  -11  -3  0
-12  1  50  0
23  -46  -41  0
23  -18  3  0
-48  53  -19  0
-11  48  -2  0
34  -51  4  0
-2  -59  -55  0
53  -8  -56  0
44  53  42  0
-46  -21  25  0
26  -28  9  0
37  60  -16  0
-7  -43  31  0
