c mkcnf random cnf with seed 826650, max clause length 3
c FORCED SATISFIABLE
c 
p cnf 60  258
38  -42  -53  0
48  -10  13  0
50  21  1  0
17  -58  -48  0
-9  -60  29  0
-26  -3  52  0
-42  46  6  0
39  25  51  0
4  -33  -34  0
5  -14  26  0
-45  22  -6  0
-51  -55  52  0
45  16  -6  0
-11  -8  -35  0
28  -40  49  0
-36  18  38  0
46  -44  2  0
51  -46  59  0
52  -2  23  0
30  58  -14  0
9  36  -38  0
20  26  -39  0
46  42  30  0
-8  17  -11  0
-50  21  32  0
-20  35  -56  0
-17  -18  -15  0
-47  14  -23  0
-52  57  -21  0
-24  46  -1  0
39  14  -36  0
33  59  -45  0
-37  -2  22  0
-48  -21  -50  0
-16  20  -17  0
-23  -15  -50  0
15  -53  40  0
-52  14  -40  0
52  -43  51  0
3  46  20  0
-19  52  60  0
6  -42  -9  0
-52  25  -35  0
44  11  2  0
-54  15  -4  0
-8  5  -27  0
-7  39  -19  0
13  7  53  0
-9  46  21  0
-24  60  -48  0
21  -37  33  0
-17  -49  15  0
-7  -29  38  0
-12  60  -4  0
-29  -30  -36  0
45  -33  -41  0
-8  -1  -14  0
3  8  -54  0
-35  -50  -31  0
27  25  13  0
35  -53  -36  0
-2  -25  -50  0
4  39  -35  0
3  42  -60  0
-6  20  25  0
-43  -45  -33  0
-50  -46  20  0
4  12  -24  0
36  57  -5  0
-13  33  -56  0
-12  -58  -24  0
40  51  -17  0
47  37  -31  0
45  -53  -44  0
-30  32  -53  0
52  15  -44  0
-20  -25  26  0
-19  2  -11  0
27  28  -38  0
-40  1  -51  0
49  50  -11  0
-21  -24  43  0
1  -6  -11  0
-3  -59  25  0
40  -56  50  0
53  60  -14  0
-14  -27  -43  0
39  4  7  0
44  -13  14  0
57  -55  8  0
17  50  -25  0
-59  53  44  0
2  -52  -54  0
24  -56  41  0
-4  32  21  0
-39  58  44  0
20  54  -33  0
-1  33  -27  0
47  -42  -60  0
48  -13  -16  0
-1  -40  -27  0
51  27  -34  0
4  56  28  0
46  4  20  0
-58  -16  -23  0
46  48  -20  0
-6  7  -29  0
41  -55  48  0
-24  -40  2  0
-8  50  -59  0
-26  52  -59  0
-5  -2  -42  0
47  -36  32  0
14  -40  -42  0
59  -23  40  0
-52  -17  40  0
-2  -45  -48  0
-23  37  -45  0
-56  -45  -19  0
-39  14  -26  0
-33  -45  40  0
28  31  -10  0
46  28  -51  0
46  6  47  0
4  -14  23  0
53  -28  -55  0
-17  -4  18  0
-26  5  11  0
58  22  -11  0
-60  -32  25  0
-26  8  -50  0
-11  10  23  0
10  -45  -7  0
-15  31  16  0
-22  -37  6  0
10  -43  -59  0
1  -12  29  0
-24  -7  -35  0
-43  -47  -13  0
-49  9  28  0
-45  -26  37  0
16  47  30  0
-14  9  38  0
-44  -54  -10  0
-38  -60  33  0
56  22  -53  0
4  -54  22  0
56  -33  -8  0
4  46  -11  0
-4  42  -44  0
-21  -20  -47  0
-6  55  -46  0
-20  60  -11  0
-44  -55  9  0
-15  2  -56  0
17  -34  3  0
-25  43  14  0
-55  41  -19  0
1  29  -54  0
-7  41  14  0
21  36  -46  0
-20  12  3  0
10  40  53  0
17  47  -51  0
-52  -27  3  0
-11  -6  -53  0
-16  -12  -31  0
26  21  5  0
-39  27  26  0
-18  3  30  0
-42  -28  30  0
15  54  19  0
34  -54  57  0
-28  -57  -37  0
-1  30  -8  0
27  6  40  0
-35  32  -16  0
-24  57  -29  0
34  -37  29  0
-29  -11  -22  0
32  43  9  0
-35  -1  -48  0
12  -17  -5  0
8  48  -49  0
12  40  3  0
37  29  45  0
-7  11  -3  0
-32  -28  -1  0
40  42  -20  0
36  -27  -15  0
-52  -50  28  0
6  -7  -58  0
58  -32  -12  0
48  15  -53  0
-38  10  24  0
11  -18  38  0
-28  -50  21  0
-13  3  -22  0
-29  34  55  0
29  34  -53  0
-38  -13  -29  0
-55  -32  26  0
59  18  60  0
27  -43  47  0
-59  31  23  0
-38  -39  42  0
27  -54  -41  0
11  45  35  0
-24  -8  -45  0
-13  -36  32  0
11  26  -19  0
14  -21  20  0
-41  -23  39  0
-4  30  -26  0
-10  -36  -19  0
-60  48  54  0
55  -49  -38  0
49  -59  -21  0
-19  53  -55  0
20  32  -5  0
-45  23  3  0
38  6  -14  0
-43  33  -1  0
12  19  60  0
16  50  -4  0
-41  -60  27  0
24  55  15  0
-22  -4  5  0
5  -32  22  0
1  3  27  0
-31  15  -28  0
-9  31  37  0
-58  51  43  0
-25  -47  -23  0
51  43  12  0
-16  -1  -58  0
-20  -43  -14  0
24  -22  -13  0
-47  -19  -42  0
-47  51  15  0
55  44  -8  0
40  34  60  0
42  43  -31  0
-4  21  32  0
57  -5  -28  0
-10  -23  49  0
45  -33  57  0
4  59  46  0
26  49  56  0
37  -29  -45  0
-60  -18  -2  0
-39  51  18  0
-31  52  -15  0
-42  -55  -30  0
47  -41  -28  0
54  -47  51  0
15  -20  -39  0
-25  -19  57  0
