c mkcnf random cnf with seed 826673, max clause length 3
c FORCED SATISFIABLE
c 
p cnf 60  258
24  -27  -1  0
-44  49  -16  0
-26  -46  47  0
40  -48  33  0
22  -18  -35  0
-57  -24  20  0
-14  51  -60  0
-19  -11  25  0
21  -6  29  0
-24  -54  44  0
16  -55  -49  0
7  54  48  0
-39  -28  27  0
31  -25  -50  0
18  -46  -21  0
-39  -2  -36  0
-9  12  23  0
-2  -50  55  0
41  11  40  0
19  1  30  0
-39  -49  14  0
52  48  -49  0
-55  5  -49  0
-30  36  16  0
-22  -55  -7  0
-49  31  -46  0
-41  -37  1  0
28  -6  -21  0
25  -40  26  0
22  54  10  0
-42  49  -11  0
47  56  -46  0
-29  53  32  0
-53  44  54  0
-48  16  -19  0
-13  -26  -31  0
18  35  6  0
44  56  54  0
50  5  53  0
-31  -39  -30  0
-39  49  8  0
1  44  33  0
-10  46  35  0
-18  -1  -8  0
27  22  -39  0
-16  -18  -55  0
-58  18  -15  0
-39  -23  -47  0
27  -55  -13  0
1  -56  36  0
1  -17  -15  0
20  7  33  0
6  -32  -7  0
-58  -52  -40  0
23  -51  55  0
34  -40  11  0
17  57  -47  0
-7  -13  -30  0
-21  -11  -12  0
56  -46  53  0
-7  -31  56  0
-15  -25  -54  0
-3  9  54  0
45  22  51  0
20  13  59  0
22  18  -8  0
-5  22  -46  0
-5  26  -41  0
39  -10  2  0
-50  -54  43  0
20  10  47  0
29  -17  51  0
4  58  -15  0
-42  -30  -8  0
32  -47  21  0
40  -5  -29  0
8  -49  33  0
-24  -19  56  0
-48  -37  -54  0
52  3  -5  0
2  1  -33  0
25  -24  -38  0
54  -8  -12  0
-31  6  3  0
-21  60  7  0
-30  5  -14  0
-51  26  38  0
30  27  -57  0
47  -2  -45  0
-28  59  -45  0
-1  -11  -51  0
-57  -39  27  0
-28  52  5  0
-35  -36  10  0
-18  -22  -20  0
17  -49  47  0
12  -14  2  0
-6  -25  53  0
-21  -7  -43  0
-8  48  36  0
-46  19  -47  0
-45  -16  24  0
12  -32  -11  0
-10  -19  -35  0
-46  -57  -55  0
-30  -7  -25  0
12  -60  -19  0
56  2  -15  0
-6  13  -4  0
-17  -58  39  0
15  -47  -31  0
-10  29  -26  0
-52  31  16  0
-33  -51  -28  0
-14  56  -18  0
-7  -30  35  0
-11  41  -47  0
47  53  -42  0
-51  59  -21  0
8  53  -47  0
17  19  12  0
45  10  36  0
38  -6  19  0
10  32  6  0
-3  16  -23  0
-33  53  9  0
-35  -31  28  0
60  -9  -39  0
-35  -41  -2  0
53  -59  10  0
-38  24  45  0
-12  57  -18  0
-33  -5  7  0
32  40  -43  0
-16  45  4  0
56  -4  -25  0
57  -3  -26  0
30  9  54  0
-17  31  -56  0
23  -33  -8  0
29  20  -16  0
-56  16  12  0
-13  -4  -52  0
-9  -15  10  0
-24  2  53  0
32  -38  -34  0
58  13  3  0
33  4  3  0
-15  50  35  0
18  55  15  0
5  2  -31  0
19  -41  37  0
36  3  -15  0
23  49  -47  0
-41  22  -46  0
30  -33  -55  0
-39  -12  -54  0
7  13  -44  0
-57  -46  -42  0
9  -50  -35  0
20  -42  -46  0
-46  -9  20  0
7  12  -9  0
50  -16  17  0
-2  -53  19  0
44  39  16  0
-9  37  -8  0
-32  -48  56  0
27  -37  -35  0
43  12  -17  0
-11  46  -36  0
11  -52  -20  0
-43  11  17  0
-48  33  14  0
-53  5  -10  0
-25  4  -13  0
-39  18  45  0
-57  -9  60  0
-28  -27  54  0
9  -53  -25  0
54  16  -46  0
2  -15  -26  0
8  21  46  0
21  -46  -41  0
43  -32  -50  0
28  -48  -12  0
-59  24  -1  0
-5  51  -28  0
46  -52  29  0
-11  -43  35  0
-30  1  -47  0
-13  -33  41  0
-52  -23  24  0
-16  31  -10  0
-51  28  -56  0
-11  -18  3  0
58  60  -16  0
-34  -49  47  0
-31  29  38  0
17  13  14  0
-35  7  15  0
31  -44  -16  0
-31  48  -13  0
-27  -51  60  0
-48  17  -19  0
-41  -34  -27  0
-51  41  5  0
-18  -16  34  0
-22  -41  -6  0
-43  1  16  0
-39  45  -52  0
-48  59  -24  0
-1  -49  -27  0
-18  34  -58  0
-2  54  44  0
7  13  26  0
56  59  -52  0
56  43  31  0
-20  6  56  0
13  43  -6  0
-55  -38  -32  0
-42  37  38  0
17  12  -60  0
-31  -22  42  0
-7  -46  -2  0
33  13  20  0
-2  -35  -21  0
-48  -16  -56  0
-20  -36  37  0
29  6  -16  0
44  -56  41  0
-28  -25  1  0
-29  37  53  0
35  -49  29  0
10  -57  15  0
-35  53  -52  0
-6  -53  -47  0
26  -23  39  0
13  1  31  0
-38  -60  -3  0
17  8  38  0
-45  58  19  0
-5  -49  -59  0
23  -11  -31  0
-58  -39  9  0
-32  -43  -54  0
-50  -27  10  0
56  -57  15  0
-60  -1  -56  0
12  -27  54  0
-48  13  7  0
11  7  -43  0
-25  -6  -12  0
-38  -1  41  0
8  -2  -17  0
-32  -60  24  0
5  -22  -34  0
-43  55  10  0
