c mkcnf random cnf with seed 826711, max clause length 3
c FORCED SATISFIABLE
c 
p cnf 60  258
-36  25  -2  0
-12  13  -2  0
52  58  20  0
-34  44  -24  0
-51  19  -16  0
17  -31  41  0
8  -35  -27  0
31  -33  7  0
-33  -49  -23  0
-6  -59  12  0
21  60  51  0
-35  -39  -54  0
-21  14  55  0
15  8  53  0
-56  -58  36  0
-50  28  -38  0
31  44  25  0
31  9  -40  0
16  -11  -32  0
-7  14  -20  0
-14  -54  33  0
-29  59  -33  0
27  -31  10  0
25  -20  55  0
-30  -32  -1  0
1  54  59  0
-48  50  7  0
30  27  -28  0
57  19  -39  0
-57  -36  -35  0
43  23  -57  0
3  46  49  0
-9  24  60  0
33  19  57  0
52  -41  27  0
-43  5  29  0
37  -35  41  0
4  58  42  0
27  60  -48  0
-23  39  -55  0
-46  4  18  0
-55  -6  -48  0
-51  31  -22  0
-47  27  -53  0
26  -3  -17  0
31  -39  -9  0
6  51  4  0
4  23  -29  0
17  -26  2  0
-1  57  14  0
55  -41  10  0
43  -9  24  0
-4  33  -34  0
1  8  35  0
-42  -17  60  0
-17  -27  -53  0
33  -14  35  0
18  -1  24  0
5  7  26  0
-59  44  50  0
35  25  29  0
-31  49  -18  0
-49  -22  37  0
20  -59  34  0
-40  -48  -60  0
28  37  -27  0
-36  54  -13  0
-11  -55  -37  0
-38  -47  34  0
52  24  60  0
53  33  -10  0
-34  -37  -18  0
22  27  -37  0
28  -21  22  0
45  9  26  0
-24  -54  3  0
7  30  51  0
-22  -4  -46  0
-23  15  49  0
-45  -48  17  0
-32  51  1  0
43  23  33  0
33  53  -9  0
-56  -58  52  0
-8  -55  -35  0
-24  -38  51  0
6  11  -20  0
49  17  28  0
-13  21  14  0
-6  -19  46  0
41  -54  -35  0
39  24  -15  0
-41  2  10  0
35  -11  -58  0
-17  2  -39  0
-59  43  -15  0
-27  59  55  0
-28  21  -15  0
13  40  -35  0
-48  7  39  0
55  39  17  0
3  10  -7  0
-59  31  47  0
-7  33  53  0
55  -16  38  0
35  60  33  0
-55  -6  -8  0
-41  13  10  0
41  7  -22  0
20  17  12  0
-50  -41  26  0
29  -21  -2  0
41  43  9  0
-24  -10  28  0
-10  46  6  0
-34  54  -28  0
-60  41  -9  0
1  -51  10  0
43  -52  41  0
4  -27  51  0
37  -44  -43  0
-11  -1  -25  0
16  11  38  0
-15  37  12  0
-56  33  -11  0
-38  19  -54  0
23  54  3  0
-48  -22  -4  0
-36  -10  -22  0
-40  -19  24  0
-48  37  -11  0
36  -6  -8  0
-6  43  2  0
21  -53  49  0
13  16  -38  0
-60  -26  -29  0
8  -46  -18  0
41  50  -49  0
31  16  60  0
49  16  27  0
-10  -46  -12  0
-52  -26  -21  0
-24  -33  -56  0
8  -47  -18  0
-8  -19  -58  0
-36  -35  1  0
-42  -51  -59  0
-5  24  -44  0
-54  -52  51  0
-25  -36  56  0
38  -57  27  0
6  39  14  0
4  34  -28  0
25  43  39  0
53  29  -56  0
40  7  33  0
22  -36  53  0
-31  55  58  0
51  -48  49  0
41  35  -38  0
-41  -4  -12  0
-28  14  -53  0
22  -43  23  0
-14  36  -43  0
42  -54  -50  0
38  -9  3  0
-30  -48  -2  0
57  -35  -17  0
-50  -19  8  0
26  -16  -38  0
10  43  -22  0
44  54  -36  0
59  -50  45  0
-60  -42  18  0
23  59  53  0
7  -53  -56  0
-24  -34  -28  0
-41  21  52  0
-50  -35  23  0
-56  -9  50  0
2  41  48  0
28  16  -51  0
60  7  -53  0
10  -17  25  0
52  -21  5  0
13  -7  -9  0
-38  35  -24  0
-1  6  12  0
59  -36  -15  0
-3  11  -9  0
-8  -45  10  0
-4  46  32  0
-2  13  -24  0
39  3  -22  0
-48  -22  43  0
-11  -55  47  0
45  48  50  0
-38  28  21  0
57  59  -52  0
-5  -53  40  0
-55  -18  -11  0
-53  -12  -5  0
-27  -44  38  0
-17  20  -59  0
19  -6  49  0
-7  43  35  0
-32  -29  58  0
-1  -17  -32  0
41  8  20  0
3  -33  -59  0
-55  53  36  0
-9  40  -36  0
6  -36  2  0
-3  8  -51  0
-30  52  -36  0
-9  21  37  0
31  -32  -10  0
3  18  45  0
-10  -9  23  0
43  22  40  0
49  -1  -16  0
-9  -34  -55  0
-1  -57  -2  0
-31  41  7  0
42  53  3  0
-1  -37  36  0
49  -36  20  0
13  41  -23  0
20  12  28  0
41  -31  -26  0
17  -39  46  0
-35  1  9  0
48  -39  -33  0
-20  53  -35  0
-45  36  -2  0
59  -39  -51  0
60  -40  21  0
-27  31  -11  0
-52  -47  51  0
-33  53  6  0
-27  -21  9  0
60  -13  -3  0
46  -4  20  0
-41  -5  -36  0
-21  7  -42  0
-23  -15  -32  0
-10  28  40  0
-9  -28  -47  0
27  28  -31  0
18  49  23  0
27  17  -13  0
-42  11  52  0
48  -31  -34  0
50  -52  -34  0
-23  -28  12  0
-1  -57  54  0
-33  -46  23  0
-57  27  30  0
