c mkcnf random cnf with seed 826719, max clause length 3
c FORCED SATISFIABLE
c 
p cnf 60  258
55  56  18  0
37  -6  -21  0
5  26  3  0
9  -8  51  0
57  -38  -23  0
-21  30  -58  0
17  2  -46  0
-60  52  41  0
-18  -2  41  0
49  5  43  0
1  53  -36  0
46  -7  16  0
-60  -31  37  0
-36  -58  -1  0
-52  29  7  0
-55  1  -25  0
-55  39  -58  0
-50  5  18  0
-9  -56  26  0
52  43  54  0
30  -24  -14  0
59  8  -43  0
-32  22  11  0
8  -12  -3  0
-19  35  -27  0
52  -29  -49  0
-36  -41  59  0
27  -17  -8  0
-42  15  -18  0
21  -12  -29  0
24  -1  -15  0
2  -59  40  0
51  -8  -25  0
-13  1  -29  0
-35  8  -29  0
58  11  14  0
19  16  -34  0
-13  -60  15  0
-53  -41  -23  0
10  6  -40  0
-53  45  5  0
36  -27  55  0
22  45  -35  0
-57  7  -58  0
21  -14  6  0
-13  -16  -26  0
43  51  38  0
38  17  49  0
-42  7  -30  0
58  -41  -8  0
4  56  -15  0
-11  -21  19  0
40  -2  -14  0
33  -55  -17  0
46  50  -60  0
48  -59  -35  0
40  -43  -1  0
-41  23  -46  0
23  -6  37  0
-1  -56  19  0
-37  -14  46  0
-46  14  -53  0
-16  -3  -28  0
20  43  -46  0
-56  -54  14  0
-14  16  -18  0
11  -2  52  0
-1  47  -58  0
-53  10  30  0
-35  28  47  0
42  18  -13  0
34  -7  1  0
-44  7  26  0
6  -10  -31  0
4  -15  -14  0
39  -5  -32  0
-23  -47  -4  0
56  12  -8  0
60  -12  -11  0
-43  -13  36  0
-44  -21  -52  0
44  -24  55  0
49  24  23  0
32  23  -31  0
-43  11  -13  0
16  -49  19  0
53  22  -28  0
-24  21  -17  0
15  39  -28  0
39  -16  -9  0
36  -37  34  0
44  -35  47  0
3  -51  54  0
-39  20  57  0
43  33  -10  0
45  58  21  0
-6  16  17  0
60  53  14  0
7  -18  15  0
-51  39  42  0
-20  49  -40  0
16  55  -22  0
37  47  53  0
55  -58  -1  0
-47  21  39  0
-52  -30  -50  0
45  17  12  0
-50  -8  18  0
38  39  -49  0
5  29  45  0
-23  -43  22  0
2  30  15  0
-58  35  31  0
-7  10  5  0
49  43  -7  0
-39  -28  8  0
-48  11  34  0
4  17  47  0
2  56  51  0
48  -45  55  0
-2  14  38  0
16  -45  60  0
12  -35  -1  0
-60  36  -23  0
-8  -25  -39  0
36  38  -41  0
42  22  -38  0
-40  30  43  0
-24  18  26  0
-27  -22  42  0
-39  21  19  0
37  -19  2  0
31  -9  -56  0
-48  -14  -18  0
-46  10  -36  0
21  18  -42  0
-38  -46  -11  0
45  -39  58  0
52  -32  35  0
-17  54  -47  0
45  39  13  0
31  -14  -58  0
-16  19  34  0
8  -35  -46  0
-3  -47  -58  0
10  58  35  0
33  49  26  0
-6  -22  -42  0
44  3  -26  0
41  -28  -32  0
-28  -29  -38  0
-16  -5  -58  0
-27  2  -14  0
48  -27  38  0
-36  39  -51  0
-6  4  -55  0
-44  -59  21  0
52  56  -27  0
14  11  5  0
22  55  19  0
-21  -16  -41  0
-8  -5  45  0
9  27  16  0
12  29  -19  0
26  -45  -12  0
39  17  -43  0
-3  -32  -35  0
-59  -26  11  0
-20  28  32  0
23  -38  -54  0
20  8  -15  0
-29  47  -8  0
-27  58  38  0
-18  -1  -26  0
-28  21  50  0
27  -1  -37  0
-9  -5  -55  0
-56  6  35  0
29  -56  20  0
-59  -9  11  0
23  -56  -27  0
-43  17  5  0
-22  -20  32  0
1  -53  -27  0
-17  -45  19  0
-38  -47  14  0
-40  -15  35  0
29  19  -59  0
-37  -2  -12  0
-26  -54  43  0
-26  33  -20  0
-47  13  -36  0
-27  -60  -12  0
8  -59  -51  0
60  -41  51  0
21  29  22  0
46  9  58  0
47  -60  -6  0
-5  -34  35  0
-18  -35  -16  0
56  36  46  0
-51  33  3  0
29  35  -37  0
-42  57  -17  0
19  14  -15  0
-16  39  -6  0
-47  36  -50  0
-22  -47  24  0
-38  -55  30  0
11  -16  -53  0
25  35  -50  0
-30  19  -21  0
-50  -59  16  0
44  -27  -51  0
-56  34  21  0
33  -45  -15  0
-43  18  52  0
-9  -32  -20  0
42  8  41  0
39  -38  55  0
4  -41  60  0
37  47  19  0
35  -48  -47  0
48  -46  42  0
22  -53  14  0
-27  -29  28  0
28  -14  -48  0
38  15  3  0
-19  20  46  0
-43  -35  -16  0
35  1  10  0
19  52  -20  0
-45  37  -6  0
-1  -31  44  0
-32  29  39  0
-43  39  13  0
57  20  -19  0
-56  57  -52  0
43  -59  7  0
-33  28  50  0
-18  -39  12  0
30  -12  -36  0
14  15  -20  0
3  -44  -20  0
38  -43  -45  0
47  3  54  0
18  -55  8  0
29  -16  -1  0
45  34  -47  0
17  27  57  0
-35  -33  -12  0
-11  46  -39  0
-40  -51  50  0
1  -32  38  0
-13  -24  -48  0
-33  35  24  0
24  51  46  0
46  36  -4  0
