c mkcnf random cnf with seed 826705, max clause length 3
c FORCED SATISFIABLE
c 
p cnf 60  258
37  31  5  0
35  16  -2  0
-46  -25  26  0
-60  -42  -50  0
25  42  -33  0
-23  -46  32  0
-32  48  58  0
49  47  -46  0
-60  -49  -50  0
46  -2  -22  0
-33  -42  -41  0
1  54  -18  0
20  -27  32  0
43  44  3  0
54  -46  34  0
22  -2  54  0
-40  16  -29  0
29  6  -50  0
29  -31  -38  0
44  -10  -29  0
-5  26  -57  0
41  -27  -45  0
-10  41  -39  0
-55  15  -46  0
-47  -52  38  0
-26  -4  38  0
59  34  35  0
-59  -6  14  0
-56  1  -53  0
38  3  40  0
24  -51  21  0
20  22  -10  0
-8  59  -39  0
23  -27  37  0
58  -3  47  0
3  -41  31  0
32  45  6  0
-32  -60  15  0
-44  41  10  0
-17  -26  9  0
-53  2  -11  0
17  -43  19  0
-40  20  41  0
-8  -59  45  0
-6  -33  -2  0
-57  -11  -34  0
-25  16  6  0
40  -1  -3  0
-16  1  21  0
55  24  -7  0
-26  59  -13  0
-26  -48  33  0
-2  6  60  0
-2  -10  -31  0
-48  60  -34  0
-55  34  -12  0
57  -54  -40  0
-46  -39  -38  0
-38  -42  -51  0
41  57  47  0
36  19  -9  0
3  -52  -41  0
-36  32  1  0
14  58  8  0
-60  10  -41  0
-60  -32  -35  0
41  -33  38  0
-38  -51  9  0
-13  54  -25  0
41  -30  25  0
57  40  52  0
-32  16  -31  0
49  29  14  0
33  -58  -7  0
-37  -55  40  0
25  13  -47  0
9  8  -14  0
-54  -5  -13  0
-58  10  -45  0
54  28  40  0
37  -56  2  0
12  42  17  0
45  -57  -25  0
-51  12  -19  0
-6  -13  -24  0
-33  35  12  0
11  26  -20  0
-35  -31  -60  0
51  35  -11  0
32  -57  -25  0
-49  -7  -24  0
34  -40  32  0
-33  52  15  0
-33  -23  30  0
47  15  1  0
-42  7  -50  0
39  20  35  0
54  -30  -39  0
34  -50  26  0
-50  -16  -26  0
-17  -51  50  0
-22  -40  37  0
-14  40  -43  0
24  35  4  0
51  -56  19  0
-2  3  26  0
-22  39  53  0
48  -55  -23  0
-32  5  -3  0
-26  1  -49  0
54  -41  -25  0
14  59  52  0
13  -18  34  0
-29  9  49  0
25  -27  -37  0
-5  -54  -12  0
36  -41  50  0
26  35  -24  0
17  -48  -42  0
24  -45  -1  0
-50  -53  21  0
-12  9  5  0
56  -39  20  0
52  34  54  0
7  -33  -41  0
7  -59  -36  0
15  -55  26  0
-29  19  48  0
2  -13  -58  0
14  49  -41  0
6  46  -10  0
-51  -42  2  0
27  56  -33  0
21  19  17  0
-48  -38  -1  0
-57  -11  55  0
51  -14  -26  0
-15  59  -4  0
30  -52  -51  0
11  -20  40  0
-56  9  31  0
-50  -34  -18  0
11  59  -30  0
23  -15  50  0
-57  -31  -9  0
38  48  52  0
59  6  47  0
-16  -26  5  0
27  -54  35  0
-47  -53  -45  0
-42  1  55  0
3  53  -60  0
-4  60  51  0
4  21  58  0
-3  -46  -42  0
18  45  50  0
11  -18  9  0
47  16  42  0
17  -47  -11  0
48  -30  1  0
-31  6  7  0
55  -60  -6  0
-43  30  33  0
-27  -48  47  0
54  -29  58  0
-17  22  7  0
-54  21  -17  0
43  38  52  0
48  -32  55  0
26  -19  60  0
57  -44  -9  0
-43  -5  -23  0
12  -13  59  0
48  5  41  0
-38  3  -20  0
-28  23  50  0
-1  -58  6  0
3  21  -18  0
24  -43  -31  0
19  -11  -42  0
3  -36  -9  0
-3  -38  24  0
-48  6  -41  0
-12  45  -15  0
38  -20  -33  0
54  -34  -56  0
17  -58  -22  0
23  -7  51  0
50  46  -45  0
-4  -18  58  0
-44  -29  -50  0
-45  -37  19  0
19  4  -6  0
19  -4  17  0
-29  52  13  0
-50  -26  -57  0
34  -59  -14  0
8  20  -59  0
5  -36  26  0
1  -24  -36  0
-7  39  -58  0
-33  29  -47  0
38  43  -41  0
28  -8  -18  0
15  -60  21  0
-55  42  39  0
-54  -16  -3  0
22  -58  -52  0
58  -27  18  0
49  -44  -36  0
-2  22  -55  0
-29  16  -54  0
-2  54  1  0
-17  37  26  0
-11  42  -6  0
49  -8  -46  0
-50  -52  -40  0
17  7  -37  0
-57  -2  27  0
31  -49  39  0
18  -51  -59  0
2  -38  -53  0
-14  49  -57  0
-23  -34  57  0
-20  59  -58  0
-35  30  25  0
5  -6  -15  0
27  47  -52  0
-28  -40  -39  0
-23  54  -24  0
-22  4  59  0
54  -28  59  0
59  -57  -58  0
-18  -29  -37  0
12  -42  38  0
21  -44  -5  0
14  -23  19  0
-60  32  58  0
28  22  50  0
-44  32  -58  0
16  15  -14  0
35  -17  20  0
1  -31  -54  0
4  31  29  0
50  -21  8  0
38  24  37  0
20  -52  -54  0
-25  -50  54  0
-51  -22  -14  0
-58  46  -52  0
-16  49  -45  0
16  45  -34  0
53  26  14  0
-12  29  -37  0
-30  53  -8  0
45  -7  -38  0
39  -56  26  0
-21  -48  -19  0
