c mkcnf random cnf with seed 826687, max clause length 3
c FORCED SATISFIABLE
c 
p cnf 60  258
-41  51  14  0
58  36  -46  0
47  -2  -4  0
-23  2  20  0
-22  46  -26  0
-28  -54  -26  0
5  -2  12  0
-37  -17  47  0
-27  33  -28  0
-24  -8  48  0
-28  60  23  0
-52  -36  -54  0
58  19  44  0
9  2  -24  0
20  -46  -45  0
22  6  4  0
53  37  30  0
-36  -6  -53  0
-35  -16  -45  0
-35  -30  37  0
31  -12  29  0
60  -8  4  0
-10  -14  -47  0
59  -11  -22  0
8  -38  36  0
-23  -14  -52  0
-15  43  35  0
9  -48  -30  0
20  -6  -19  0
48  20  -34  0
32  -30  -26  0
56  9  -34  0
21  -51  -28  0
-54  -55  -21  0
28  -21  -10  0
18  47  -49  0
-3  -1  42  0
44  -58  -37  0
-16  -45  48  0
-46  -52  -2  0
-17  -21  15  0
-40  -17  -11  0
11  17  -3  0
27  -36  50  0
-23  -31  33  0
-40  31  25  0
8  54  -49  0
-4  -46  26  0
3  15  50  0
31  -18  -9  0
-54  6  46  0
-33  18  50  0
6  -49  47  0
8  -59  55  0
-4  -17  36  0
-34  -45  7  0
-56  46  52  0
40  54  -53  0
21  -31  -48  0
-38  -57  -6  0
-45  57  22  0
-44  -38  19  0
11  43  39  0
47  -45  -38  0
27  -20  28  0
17  26  -12  0
60  15  52  0
-30  53  -27  0
-21  -24  -48  0
28  5  -24  0
-56  -33  10  0
9  -59  25  0
-59  3  -31  0
-50  7  -54  0
12  -24  23  0
34  27  -57  0
-14  37  -15  0
56  -10  45  0
3  50  15  0
2  31  -27  0
-49  -25  57  0
-27  22  30  0
5  -39  48  0
-53  33  22  0
1  -13  -55  0
44  -20  30  0
-43  7  36  0
-55  -49  -40  0
-47  6  35  0
-55  53  -57  0
8  15  52  0
-16  35  54  0
-42  -25  39  0
51  -21  16  0
-34  5  45  0
-32  -23  17  0
-3  -34  57  0
-58  19  31  0
15  -17  -47  0
-41  20  -1  0
-33  -48  -12  0
-42  -39  -1  0
-37  -43  20  0
16  -27  35  0
37  59  -7  0
-51  10  -9  0
-27  -19  10  0
-16  -11  -33  0
-13  14  -30  0
-58  2  44  0
21  54  51  0
-2  21  -15  0
6  23  -4  0
39  28  35  0
-30  -44  56  0
-40  -41  -58  0
11  -12  -19  0
-25  -30  58  0
-21  23  31  0
34  -6  23  0
56  54  25  0
17  16  7  0
37  -15  47  0
-40  -25  37  0
42  40  51  0
-52  -24  56  0
36  20  43  0
42  -27  38  0
9  15  -10  0
28  -6  -34  0
47  -14  -55  0
41  -18  1  0
-48  -6  50  0
53  7  -22  0
47  -55  20  0
46  58  -55  0
12  1  53  0
55  -47  19  0
-15  41  26  0
-8  -15  -32  0
-23  -5  -56  0
-11  2  -26  0
-14  41  3  0
45  22  3  0
-38  34  6  0
-44  20  -43  0
-3  -26  29  0
-31  -29  52  0
58  25  45  0
-31  44  -37  0
-30  -9  -3  0
56  -1  27  0
20  -35  -57  0
54  -58  -45  0
33  -38  -10  0
-1  7  -3  0
60  55  -10  0
-20  -47  23  0
-54  -23  -16  0
-55  -59  -38  0
-58  -50  -1  0
41  59  -3  0
47  48  -5  0
51  -4  9  0
60  -56  39  0
-34  5  -17  0
25  -15  -23  0
17  31  10  0
36  -43  12  0
60  34  -14  0
-21  47  -60  0
-45  4  25  0
8  -18  25  0
53  -7  22  0
3  26  5  0
57  -9  -24  0
39  -51  58  0
19  -26  27  0
45  18  -56  0
-1  -37  48  0
-18  -5  -46  0
-44  -43  30  0
5  19  32  0
50  -18  -54  0
55  -19  -43  0
19  13  -44  0
18  6  -55  0
-34  -6  -2  0
45  -22  44  0
-29  44  15  0
-32  -54  -59  0
24  -30  13  0
-8  -3  -20  0
59  -30  -25  0
-50  22  27  0
41  -31  1  0
28  11  3  0
55  9  29  0
-48  -58  -56  0
-7  -56  -21  0
47  44  42  0
8  23  2  0
-40  -47  15  0
39  59  19  0
-32  34  -50  0
-16  -46  -5  0
-6  -11  -10  0
-34  5  22  0
-31  -38  -29  0
56  -2  26  0
52  -57  39  0
56  27  44  0
-45  -13  7  0
-27  23  -4  0
30  -29  47  0
-53  52  -5  0
-28  -9  -31  0
-58  -17  60  0
30  -8  -54  0
39  -30  21  0
14  -48  -26  0
10  28  29  0
-40  49  -10  0
-9  -5  -6  0
-50  -2  47  0
20  34  51  0
10  -30  23  0
30  55  14  0
20  44  -41  0
49  37  -56  0
18  -60  -59  0
-21  -8  -60  0
39  -43  56  0
23  -33  52  0
44  -11  -49  0
-32  52  -36  0
44  -43  49  0
-44  -45  -4  0
4  -33  -39  0
23  49  46  0
-55  -60  -56  0
50  21  56  0
-4  26  44  0
18  22  -1  0
15  -7  1  0
-37  6  -55  0
13  33  34  0
42  37  -59  0
9  -57  56  0
15  -47  -60  0
51  -5  -25  0
-23  51  25  0
-24  -30  -34  0
5  -31  8  0
58  -12  -16  0
-8  -18  1  0
24  28  14  0
-38  -28  19  0
