c mkcnf random cnf with seed 826701, max clause length 3
c FORCED SATISFIABLE
c 
p cnf 60  258
58  -16  -27  0
-58  -1  -26  0
32  -16  19  0
6  16  -7  0
44  59  -19  0
-46  6  -45  0
-31  35  44  0
-41  35  -60  0
4  45  16  0
-24  -48  41  0
54  -4  -51  0
11  -4  55  0
-45  8  6  0
1  33  37  0
-22  -12  5  0
19  31  10  0
-11  28  46  0
-21  -27  -44  0
-21  31  23  0
25  36  -33  0
-30  31  -34  0
52  -3  30  0
-45  6  38  0
-54  -9  -47  0
-9  -41  38  0
-3  31  -24  0
5  -26  52  0
-60  26  -42  0
16  -37  33  0
-11  52  -40  0
-45  54  10  0
-60  42  33  0
-41  -34  -6  0
1  -19  -43  0
-16  43  9  0
43  30  -54  0
-56  -5  -21  0
54  51  -23  0
42  41  60  0
14  58  -36  0
-9  -36  7  0
-35  30  6  0
-53  -29  49  0
-10  1  -13  0
1  49  31  0
30  -49  44  0
33  -51  -31  0
39  -44  57  0
-4  -32  -59  0
2  -59  40  0
-31  -18  60  0
-51  -34  -21  0
57  -39  -24  0
-48  31  -13  0
-56  -2  -34  0
-20  14  15  0
44  -49  -40  0
-28  -18  -24  0
48  -57  33  0
54  -24  29  0
46  -59  15  0
-13  21  -19  0
-29  -14  -38  0
-2  -36  47  0
-55  43  -51  0
-21  -50  -55  0
-32  -58  31  0
37  -49  50  0
-27  -35  -24  0
21  56  -27  0
50  -31  -11  0
-1  55  -60  0
-24  -25  5  0
35  3  -45  0
54  11  -29  0
41  -31  -38  0
-6  -55  -54  0
47  -5  23  0
40  45  27  0
29  -31  59  0
-24  27  -48  0
-51  29  -4  0
-42  -25  52  0
28  53  -30  0
18  7  -1  0
-8  -18  -33  0
-52  -27  -24  0
-2  -42  -40  0
-40  -20  26  0
-10  -51  43  0
53  -16  -35  0
-25  18  -43  0
40  23  27  0
47  -43  28  0
-6  -12  19  0
-15  54  50  0
27  25  -28  0
35  -14  1  0
-43  -30  -48  0
-29  38  -42  0
-49  -13  46  0
18  -15  52  0
1  -4  -19  0
-51  -13  -42  0
-41  -33  12  0
50  -16  -49  0
-56  47  -52  0
18  21  -3  0
-59  8  7  0
-14  43  20  0
-22  29  -2  0
-45  -50  21  0
42  -36  38  0
-53  39  -10  0
-37  -6  20  0
27  -22  -45  0
47  50  55  0
-15  -7  -21  0
-1  -49  28  0
1  -58  -33  0
-8  -33  -48  0
24  44  -60  0
-4  -25  58  0
31  28  49  0
-50  36  -28  0
12  -26  -14  0
-55  25  52  0
-25  48  50  0
12  24  -45  0
-22  -60  -34  0
-30  -32  16  0
38  33  50  0
-57  -55  52  0
50  2  -39  0
57  7  25  0
57  -13  60  0
-7  -36  -5  0
-27  6  7  0
8  7  -52  0
4  37  22  0
24  39  -43  0
-6  25  58  0
51  -42  39  0
-49  -53  19  0
-60  53  3  0
60  13  -35  0
23  27  43  0
50  -17  -45  0
38  -53  -41  0
-6  20  -1  0
35  27  37  0
37  4  -26  0
-48  -24  5  0
59  -46  -36  0
-27  -50  -52  0
33  47  5  0
-41  3  -58  0
27  22  -53  0
-8  -31  -56  0
25  -47  15  0
-6  -58  -37  0
37  -30  40  0
33  22  19  0
-45  -15  -29  0
-21  57  55  0
-45  26  16  0
-24  -26  -42  0
17  -20  -3  0
-26  45  -32  0
-47  52  24  0
29  -39  23  0
-10  -15  33  0
-54  -25  48  0
44  -22  34  0
-49  -47  50  0
-21  -24  -17  0
12  -2  13  0
-20  19  43  0
43  -26  -36  0
-50  6  24  0
53  45  52  0
-54  39  -22  0
15  52  11  0
60  -4  -15  0
28  37  31  0
-44  19  11  0
-19  36  -42  0
-4  -59  -29  0
-45  36  3  0
-8  35  27  0
53  42  27  0
-14  42  33  0
47  32  -2  0
-49  -14  9  0
30  58  -56  0
13  -53  -17  0
-9  49  -55  0
-57  -1  -33  0
-20  -22  23  0
-19  4  -58  0
10  -59  -11  0
-33  16  10  0
-5  20  52  0
17  12  -13  0
32  41  -39  0
27  20  -50  0
34  -32  55  0
14  -46  -15  0
-23  36  59  0
-35  43  -8  0
2  -27  -23  0
-50  -16  -34  0
-7  -56  -2  0
-54  33  -15  0
5  -38  16  0
14  51  -12  0
27  -50  11  0
3  17  42  0
38  3  -36  0
-44  32  24  0
16  -52  -49  0
-52  1  -50  0
47  3  2  0
-9  -54  1  0
36  39  -58  0
57  56  -46  0
-16  -24  46  0
47  -26  -15  0
-9  21  -43  0
29  -20  -36  0
59  -4  -20  0
13  -47  -36  0
-51  17  -37  0
-19  58  -22  0
33  -40  -31  0
-48  22  -15  0
-58  33  30  0
-4  -10  56  0
24  -54  -16  0
-37  23  32  0
15  55  44  0
26  24  -7  0
-8  39  -30  0
-27  4  -42  0
48  -38  -30  0
48  -33  -10  0
-45  -31  27  0
-22  -13  -45  0
59  -33  -42  0
31  -37  -2  0
-58  29  20  0
57  8  55  0
-49  22  5  0
28  57  -4  0
-23  7  -14  0
31  19  2  0
7  24  -16  0
4  33  60  0
