c mkcnf random cnf with seed 826706, max clause length 3
c FORCED SATISFIABLE
c 
p cnf 60  258
47  20  44  0
41  18  15  0
13  -45  20  0
25  -21  -23  0
35  21  -1  0
-40  46  -51  0
-56  -50  10  0
14  17  -15  0
-16  44  -39  0
27  -57  49  0
-44  5  -54  0
52  -36  -40  0
10  -41  15  0
-43  29  -54  0
-9  51  -50  0
39  11  -27  0
-49  -15  32  0
41  -29  -8  0
15  -39  -47  0
35  -41  -58  0
-59  -47  -12  0
-4  -8  -57  0
18  -40  51  0
22  51  -1  0
36  16  46  0
42  -16  44  0
-7  29  -38  0
-29  -43  25  0
44  -22  -16  0
50  44  -18  0
2  50  22  0
-9  -47  5  0
-17  -27  -9  0
-42  4  3  0
17  31  -42  0
21  12  13  0
29  -20  3  0
-56  9  -25  0
40  54  1  0
51  -2  21  0
-52  7  54  0
-37  3  40  0
28  31  60  0
41  7  10  0
-46  55  -43  0
-29  37  59  0
-30  -1  24  0
-46  -55  45  0
-11  32  -60  0
38  -46  -1  0
5  -54  -38  0
6  35  -19  0
-40  15  55  0
-17  -21  53  0
40  -48  24  0
29  -30  -17  0
-28  -19  9  0
-29  -52  -28  0
-7  38  52  0
-54  -26  60  0
56  -15  -16  0
-52  -36  -34  0
12  44  31  0
-41  -58  -9  0
-8  -24  37  0
-6  -20  -42  0
7  21  -3  0
10  58  -21  0
4  31  -16  0
-27  -15  -48  0
-40  53  -41  0
-60  5  1  0
-9  26  -28  0
-46  18  -41  0
-57  51  6  0
-42  -55  46  0
-22  -43  55  0
57  -37  15  0
60  -49  44  0
60  48  -49  0
-6  -37  24  0
41  31  14  0
35  -28  -24  0
-21  -53  -44  0
-7  20  45  0
53  -6  -42  0
-38  23  -21  0
-1  -45  13  0
32  51  9  0
-33  15  -54  0
46  33  -13  0
-35  28  -23  0
-40  -27  34  0
-33  34  -17  0
-14  28  -18  0
-49  14  1  0
-33  -6  -41  0
45  -59  9  0
51  49  -5  0
-29  -52  37  0
-13  -43  -39  0
13  54  -34  0
56  27  -57  0
16  36  37  0
-12  -40  49  0
-55  53  -40  0
23  -2  3  0
46  8  35  0
47  -41  32  0
12  -53  -51  0
23  31  -55  0
57  20  -11  0
36  39  -54  0
-59  -25  26  0
36  -15  -42  0
50  16  19  0
11  -51  -24  0
-38  58  1  0
-6  17  -19  0
54  52  24  0
31  33  -9  0
-9  -3  39  0
7  -26  -17  0
-51  -27  -19  0
51  -11  12  0
15  43  -42  0
-42  59  52  0
-34  -18  -24  0
-51  20  50  0
49  35  1  0
6  -35  9  0
41  -53  16  0
21  24  -52  0
-1  36  -27  0
32  -4  -16  0
-15  -36  26  0
21  -42  -18  0
-59  -15  58  0
-42  -44  56  0
-11  -21  -6  0
11  6  20  0
36  -49  55  0
7  37  -51  0
23  28  10  0
41  -34  -38  0
-48  21  34  0
-51  37  58  0
15  -27  44  0
41  37  -40  0
-31  -50  25  0
35  24  -31  0
29  -56  36  0
13  -14  -1  0
34  -28  44  0
-17  -57  -14  0
12  -28  29  0
-6  -42  -15  0
-32  8  24  0
-59  10  11  0
-50  -36  29  0
54  -48  3  0
55  -53  -35  0
-25  38  -5  0
27  -9  -23  0
-60  -42  44  0
-34  -46  -47  0
-57  47  -23  0
15  -36  20  0
55  -38  -42  0
-40  59  60  0
-56  50  53  0
48  -8  42  0
41  6  35  0
-19  27  -22  0
43  -28  46  0
49  -19  7  0
-23  21  12  0
-32  -46  -42  0
29  -38  10  0
-28  60  4  0
-44  -19  30  0
-35  54  -19  0
45  -10  28  0
36  52  -6  0
1  -50  25  0
38  -53  18  0
-26  -17  8  0
-47  -13  -30  0
-60  -24  -40  0
-56  19  -36  0
-50  -9  17  0
-28  -26  9  0
58  -13  -4  0
39  -49  59  0
-9  -31  44  0
28  -35  13  0
-2  46  24  0
-56  31  -26  0
30  -56  -21  0
-25  -3  33  0
57  9  -34  0
-15  22  -58  0
-28  38  47  0
-46  28  -24  0
18  52  21  0
50  46  -33  0
-36  13  21  0
-11  31  -53  0
-8  -1  16  0
9  -60  34  0
-13  -5  -37  0
-52  -40  -50  0
6  10  -21  0
-29  35  -8  0
-37  10  -58  0
14  -36  9  0
25  32  2  0
-40  2  24  0
-7  19  -51  0
-4  -30  25  0
-15  -56  34  0
43  57  40  0
19  48  -34  0
-39  -29  -22  0
10  41  -27  0
-38  -3  16  0
-51  16  29  0
-10  -12  -33  0
1  -19  -17  0
39  -8  -31  0
6  11  -33  0
-48  7  -25  0
58  -19  41  0
22  4  27  0
-29  -19  49  0
-9  3  -22  0
-34  17  -28  0
-44  9  50  0
33  59  -21  0
-49  18  -36  0
-51  -46  31  0
-9  11  -10  0
-39  -9  -4  0
-16  -39  -7  0
11  1  57  0
10  -11  -51  0
18  42  -56  0
32  -13  39  0
-3  16  -54  0
53  -47  24  0
35  42  -45  0
-6  -10  -5  0
-51  -25  11  0
-18  -27  -4  0
10  -8  16  0
-28  -3  -13  0
31  30  -56  0
-25  -24  -57  0
