c mkcnf random cnf with seed 826689, max clause length 3
c FORCED SATISFIABLE
c 
p cnf 60  258
-60  -29  33  0
-3  -30  -41  0
-4  -12  -23  0
3  -21  18  0
49  -18  -19  0
52  -56  -49  0
-3  4  -15  0
-28  45  53  0
53  -55  29  0
-1  21  30  0
5  11  36  0
34  -51  52  0
35  -38  -7  0
-28  50  -13  0
-39  60  -33  0
-29  -13  -7  0
-27  -11  42  0
45  49  -8  0
-11  29  -33  0
-15  60  37  0
-2  -30  -45  0
-10  30  -35  0
-17  27  -23  0
42  29  53  0
1  -13  -30  0
13  -43  -41  0
18  35  54  0
45  53  -56  0
45  -11  -51  0
-5  -12  53  0
29  -52  9  0
-57  33  6  0
8  -49  -26  0
-46  -3  47  0
23  -54  58  0
-14  47  12  0
-42  -10  53  0
-30  34  -32  0
-27  29  12  0
23  -18  -31  0
36  42  -14  0
-60  46  -36  0
29  -56  31  0
-42  -46  -41  0
45  7  1  0
46  8  -22  0
34  -11  47  0
-16  22  -3  0
-54  6  49  0
21  -4  50  0
35  -41  22  0
39  -60  -22  0
-41  -21  19  0
9  -21  39  0
53  3  20  0
-51  48  19  0
36  -46  -37  0
59  -10  -6  0
-29  -13  -25  0
-7  35  20  0
-17  -11  -36  0
2  49  35  0
-41  -53  8  0
11  23  33  0
-39  -45  27  0
37  41  33  0
24  -41  -1  0
22  -32  -8  0
-34  -8  47  0
-1  -59  10  0
-49  48  51  0
-48  -5  -8  0
2  24  -12  0
13  -41  53  0
-31  -26  -56  0
48  33  -58  0
-3  -29  39  0
24  21  -46  0
-2  -49  10  0
30  -14  40  0
31  -27  24  0
-7  8  57  0
-55  17  56  0
60  9  -32  0
48  -10  -55  0
44  -51  8  0
33  -13  44  0
-8  -27  -24  0
30  43  39  0
36  -42  -25  0
-57  -28  -3  0
34  51  -12  0
55  -58  6  0
-53  -13  -2  0
37  5  16  0
-51  -30  -29  0
-17  -33  22  0
54  -58  14  0
-2  -37  -25  0
-20  -35  33  0
1  -28  -46  0
48  -16  -32  0
12  -44  37  0
47  -60  -58  0
-37  -32  6  0
-22  -37  -19  0
-37  42  -52  0
14  22  -2  0
36  24  -27  0
-36  -4  -59  0
47  23  30  0
-30  1  -11  0
-57  46  53  0
-36  56  39  0
-53  -28  38  0
-12  13  -23  0
46  40  42  0
32  -5  -33  0
10  39  30  0
-34  -53  51  0
49  -37  24  0
-8  56  -40  0
11  -52  -47  0
42  18  31  0
59  1  43  0
-23  29  -25  0
13  -35  -5  0
8  -54  -34  0
-16  -31  45  0
27  16  -35  0
55  -47  -35  0
57  -9  -31  0
37  26  4  0
1  -4  -54  0
-3  47  19  0
44  26  -25  0
-52  25  -8  0
-41  -17  33  0
39  48  20  0
-44  -29  21  0
-13  53  -1  0
-25  48  -27  0
-1  25  22  0
-22  -8  37  0
10  -55  -22  0
53  12  -19  0
33  12  -8  0
-48  -24  -36  0
-58  -19  8  0
-24  20  32  0
57  -2  -5  0
4  -30  13  0
-35  -48  -10  0
60  -16  -26  0
59  -43  -3  0
31  19  38  0
60  -49  -17  0
19  -34  58  0
-21  -47  -35  0
-49  -56  -32  0
-31  41  35  0
40  -35  32  0
-17  -50  -19  0
30  17  -47  0
32  -3  31  0
47  17  -18  0
10  -39  -55  0
-9  3  -52  0
39  -35  -60  0
21  33  49  0
-16  -23  30  0
45  -48  -42  0
11  -53  48  0
-7  -40  -8  0
28  38  -26  0
11  -23  20  0
29  17  35  0
60  -36  -58  0
-30  -21  36  0
-32  -12  -44  0
42  40  54  0
55  22  39  0
-19  43  57  0
-31  -21  6  0
4  -26  -18  0
-37  17  58  0
27  34  -40  0
54  18  -55  0
18  59  56  0
6  34  -26  0
-7  54  6  0
47  46  -28  0
-37  39  -14  0
35  -49  1  0
25  -37  35  0
25  34  -38  0
-29  -4  -47  0
-51  42  -33  0
55  50  -25  0
22  -40  30  0
-3  39  -5  0
11  -22  53  0
-11  44  8  0
20  13  -38  0
-58  16  5  0
-31  -28  57  0
-8  30  55  0
-59  -41  -26  0
-27  14  43  0
-38  46  -6  0
27  -17  -21  0
-32  42  -26  0
49  41  -30  0
2  45  23  0
21  59  -39  0
-34  18  -13  0
8  32  -19  0
50  18  54  0
42  33  -22  0
14  -3  40  0
41  -52  36  0
25  53  11  0
23  -5  36  0
-49  -56  4  0
13  -39  32  0
6  -54  20  0
55  -42  30  0
-33  21  29  0
-2  -58  -22  0
30  59  -17  0
42  -39  -19  0
-25  57  24  0
12  -56  -19  0
49  -38  -26  0
-60  12  53  0
-33  -20  4  0
-37  -38  36  0
-60  -12  50  0
4  9  55  0
-29  -45  35  0
17  25  -15  0
36  -20  -50  0
53  -59  -47  0
-34  12  -56  0
-40  -27  -57  0
-27  -22  7  0
47  9  -28  0
-1  16  -5  0
17  29  -49  0
15  24  45  0
-39  -42  -29  0
-43  -46  -50  0
-44  -4  31  0
19  41  52  0
47  -24  42  0
28  38  -35  0
23  -41  -45  0
-47  -17  26  0
