c mkcnf random cnf with seed 44407, max clause length 3
c FORCED SATISFIABLE
c 
p cnf 100  430
-4  -32  82  0
47  28  -64  0
-57  -13  -17  0
4  84  37  0
73  -34  -69  0
49  -26  -30  0
-43  46  18  0
-92  43  89  0
76  99  -7  0
-94  -56  100  0
-65  79  35  0
4  3  -83  0
-84  -97  -44  0
36  37  52  0
38  -14  -8  0
35  87  66  0
25  60  32  0
-4  -92  30  0
3  -78  -47  0
-93  53  7  0
-2  -53  9  0
-58  -91  -68  0
-90  41  -98  0
-63  42  -21  0
74  96  -80  0
-46  -64  69  0
99  24  -36  0
-26  28  60  0
5  -35  -36  0
-39  17  91  0
19  -25  -91  0
79  -87  -36  0
55  75  -45  0
46  -82  -37  0
-80  -73  -99  0
75  -23  57  0
27  73  -8  0
91  -99  54  0
79  46  68  0
19  -23  91  0
58  51  21  0
12  -49  92  0
91  -85  -7  0
-1  -29  -63  0
25  37  33  0
55  -52  32  0
-89  -8  82  0
-62  19  -84  0
-40  73  85  0
1  53  -8  0
45  -65  16  0
-61  68  52  0
-99  3  -89  0
67  11  88  0
11  -38  -82  0
38  17  5  0
66  -98  72  0
96  81  -85  0
59  -7  -54  0
91  -79  -59  0
-98  -57  -38  0
-95  77  -78  0
-67  44  23  0
31  52  -41  0
68  -3  36  0
-3  54  -92  0
-69  41  -55  0
8  28  61  0
39  -6  -18  0
-62  -59  -66  0
-20  -70  -92  0
69  -61  90  0
74  39  -38  0
-100  4  43  0
84  57  58  0
78  -39  -12  0
59  74  72  0
95  -100  44  0
-65  -88  -56  0
-69  29  -44  0
48  4  -69  0
27  29  -31  0
83  76  94  0
-13  52  -6  0
-73  83  -50  0
-5  78  -48  0
31  -97  64  0
-52  11  -41  0
20  -34  37  0
41  -92  -18  0
-51  20  87  0
4  -78  5  0
51  -80  6  0
84  -27  -1  0
22  -72  -21  0
20  33  19  0
49  -10  7  0
65  19  -78  0
97  -28  44  0
70  -30  -66  0
26  98  -86  0
1  98  -19  0
69  -31  -24  0
-89  -29  -8  0
55  67  -8  0
-91  -70  -1  0
1  -15  13  0
-77  -99  36  0
-62  13  1  0
-70  37  -56  0
80  73  94  0
-99  -47  -5  0
95  -54  78  0
-97  50  -52  0
-58  -14  48  0
-44  -92  -49  0
87  -74  38  0
-56  58  80  0
75  -40  61  0
67  33  81  0
86  96  -66  0
-76  -65  -32  0
50  -46  1  0
-47  -17  3  0
38  -2  -76  0
-11  53  17  0
-89  -1  -88  0
-82  -32  92  0
94  -36  -91  0
5  -19  -80  0
-16  -86  -59  0
67  69  85  0
55  81  -72  0
59  -54  -15  0
74  73  -5  0
57  -1  60  0
5  -23  -70  0
74  24  -36  0
-96  -24  -19  0
-100  -2  26  0
-50  100  85  0
-38  -8  -85  0
-19  -26  -66  0
15  -25  -51  0
7  -49  -39  0
72  -90  9  0
26  44  -47  0
100  -24  70  0
94  -68  -51  0
-33  -19  78  0
-72  -57  -65  0
18  40  -76  0
91  82  83  0
21  100  28  0
81  -47  8  0
29  10  44  0
-24  -48  -38  0
61  23  -4  0
-14  76  -50  0
-10  72  -34  0
29  -39  -61  0
-4  -72  60  0
51  32  -26  0
-31  33  85  0
-33  18  -79  0
64  86  -54  0
24  -5  -78  0
77  -35  -52  0
-87  63  -27  0
37  -99  -55  0
-100  91  -3  0
-40  -16  -1  0
-76  52  96  0
-80  -41  -92  0
-77  -83  79  0
46  -99  33  0
-12  66  -77  0
59  30  57  0
-55  54  -15  0
88  -20  -21  0
22  -43  -82  0
-23  80  2  0
99  -73  28  0
-23  1  -30  0
22  80  56  0
-41  52  85  0
-52  -87  10  0
-8  -67  60  0
-40  -11  77  0
67  24  81  0
25  -91  -72  0
21  37  -64  0
-31  -95  -20  0
-83  -91  59  0
-60  15  -56  0
-76  -64  -27  0
53  -34  -66  0
60  40  27  0
-86  -76  42  0
-11  -46  25  0
-64  -84  -92  0
52  -36  -30  0
38  35  -13  0
72  11  -78  0
23  13  57  0
-30  83  -5  0
36  -93  -50  0
-7  2  37  0
-80  -89  79  0
12  81  -68  0
-65  28  54  0
-92  2  -36  0
33  22  48  0
-80  39  6  0
-38  -34  74  0
69  -43  -16  0
42  -52  31  0
-5  -93  -69  0
-62  39  5  0
-11  86  -42  0
57  68  -17  0
-35  28  -20  0
-51  94  -8  0
-33  64  20  0
20  -32  68  0
61  -56  19  0
57  -99  82  0
99  79  -28  0
-30  80  41  0
1  78  -7  0
-6  8  66  0
32  84  -44  0
-37  -26  -96  0
42  53  49  0
-61  9  -72  0
6  97  33  0
-49  -15  -100  0
-90  78  -91  0
69  75  21  0
1  -95  15  0
-80  -57  -5  0
-43  -5  -44  0
48  -5  77  0
40  -46  81  0
68  99  -18  0
61  -8  -100  0
-40  -55  38  0
100  97  -5  0
-75  -33  67  0
35  -86  -5  0
3  8  30  0
25  14  61  0
29  -33  1  0
-46  -20  15  0
85  70  -47  0
31  -74  61  0
61  25  -67  0
-12  55  -43  0
-35  17  -12  0
-42  9  16  0
48  75  -44  0
-49  18  -5  0
44  -21  61  0
-77  -59  -62  0
93  -69  -68  0
88  -6  -78  0
-49  93  54  0
-58  -91  -41  0
-15  59  28  0
24  87  70  0
-97  79  -16  0
71  -98  -53  0
43  -76  -99  0
45  92  14  0
-78  20  64  0
43  2  -88  0
-9  -10  35  0
44  -5  71  0
-84  90  24  0
86  -43  -69  0
-83  37  71  0
8  -37  96  0
4  39  -47  0
-98  -73  -40  0
-47  -95  -15  0
93  19  63  0
-57  -91  -97  0
6  -22  32  0
-36  -98  -63  0
64  61  19  0
-17  -88  5  0
31  76  91  0
-94  79  71  0
75  86  38  0
13  29  25  0
-81  61  -17  0
54  10  20  0
19  37  1  0
-82  18  -66  0
57  -58  2  0
-3  -86  34  0
29  -57  -61  0
3  -18  -34  0
-74  -97  56  0
67  -29  -9  0
49  8  7  0
-40  18  -98  0
60  23  76  0
78  84  63  0
16  46  90  0
-54  -83  -77  0
55  36  -58  0
-93  100  30  0
53  71  -10  0
21  80  89  0
-99  73  -16  0
-88  -95  90  0
21  84  -18  0
-13  -70  71  0
99  -62  -17  0
86  -21  -49  0
26  -39  -92  0
-94  -51  24  0
-95  64  98  0
-39  -27  26  0
86  100  -34  0
25  -42  -73  0
7  28  -49  0
22  57  24  0
67  -24  17  0
-73  -60  90  0
-68  -32  12  0
75  -72  -73  0
20  96  -47  0
-60  10  9  0
17  -84  -64  0
-50  36  45  0
-66  32  -91  0
-88  55  39  0
-1  -47  34  0
-13  -91  -59  0
96  42  -66  0
43  48  29  0
-86  -22  -27  0
64  -46  -77  0
57  -71  87  0
68  -7  75  0
13  -99  57  0
-14  -62  69  0
19  4  94  0
-73  76  85  0
68  85  47  0
63  34  -15  0
60  55  58  0
69  -41  30  0
63  -85  43  0
50  -94  -47  0
-91  95  -90  0
-81  53  -100  0
81  10  -9  0
-90  97  -99  0
-94  3  6  0
-42  -45  -29  0
-89  56  -90  0
83  -98  -41  0
73  5  -36  0
18  90  -44  0
-37  -19  -9  0
23  -66  -34  0
-25  -60  -79  0
-49  21  -98  0
93  39  -52  0
36  -37  -95  0
51  42  7  0
-33  49  -45  0
5  82  -79  0
17  -56  94  0
18  -61  -90  0
-24  -34  -83  0
54  -62  -24  0
7  46  -37  0
24  15  -1  0
-9  1  -20  0
-68  -34  -4  0
69  90  -33  0
72  -89  78  0
-53  45  42  0
-43  77  -18  0
-22  67  47  0
-48  63  -72  0
49  79  -90  0
-51  -69  -30  0
74  -11  10  0
-31  -50  43  0
-73  -20  -83  0
29  -12  36  0
-14  72  -23  0
37  -4  -11  0
-79  59  -17  0
-38  94  37  0
91  76  -15  0
15  37  79  0
29  -78  -35  0
-41  -28  93  0
38  1  -90  0
13  -38  91  0
-84  -63  43  0
-54  47  37  0
-73  84  -28  0
34  20  98  0
-51  8  13  0
-14  -84  11  0
-98  -57  -25  0
-61  -98  -68  0
-77  -5  80  0
-23  -86  57  0
71  -77  100  0
66  50  44  0
30  -100  39  0
-26  -52  40  0
67  55  -13  0
-42  -31  79  0
-31  30  50  0
70  94  65  0
63  -1  -16  0
-26  -10  95  0
-22  69  51  0
-20  38  -77  0
20  -31  -89  0
52  6  -56  0
