c mkcnf random cnf with seed 44424, max clause length 3
c FORCED SATISFIABLE
c 
p cnf 100  430
-10  2  -32  0
-28  70  -73  0
-23  41  44  0
-21  -76  47  0
7  88  -54  0
82  99  44  0
73  5  17  0
29  72  -67  0
-15  28  -86  0
31  -73  -83  0
-69  -82  1  0
-4  79  -13  0
20  9  5  0
-29  -65  -74  0
70  96  -34  0
-57  54  48  0
-63  -54  86  0
58  -91  24  0
53  49  -5  0
-28  6  62  0
77  95  27  0
-91  2  -39  0
-61  92  30  0
-23  62  46  0
-28  45  -77  0
-98  27  29  0
-6  61  -87  0
9  -30  -25  0
12  43  26  0
-12  -45  -53  0
-73  82  -19  0
-45  -25  -12  0
35  49  41  0
74  33  52  0
55  8  11  0
-5  -72  57  0
-78  -98  41  0
18  -38  -53  0
-32  1  -88  0
20  -21  -1  0
-4  71  -62  0
-87  -57  78  0
-85  8  33  0
48  -24  96  0
-20  -35  -31  0
18  -76  25  0
-69  71  -41  0
-90  27  -31  0
-77  90  72  0
81  18  -84  0
19  78  70  0
80  40  -58  0
74  3  -60  0
36  7  -44  0
-12  -13  -81  0
-79  -75  -95  0
-76  64  71  0
-33  -83  54  0
93  24  -76  0
-7  -52  -32  0
-100  -90  76  0
-81  60  -56  0
-11  66  -7  0
49  -44  -69  0
-78  -79  73  0
14  30  -38  0
14  45  30  0
75  -78  26  0
85  13  -64  0
55  -71  28  0
-36  -58  -16  0
-3  -46  -28  0
58  38  88  0
-31  -92  -86  0
-25  -10  -83  0
28  -39  66  0
-58  42  12  0
86  84  61  0
49  -48  -35  0
13  -6  -59  0
-36  52  -83  0
-87  92  -61  0
-5  -25  34  0
37  -97  -54  0
-43  -73  -94  0
-3  10  76  0
4  -63  15  0
-98  -54  -26  0
80  -17  -58  0
17  -87  -99  0
79  -71  -86  0
-3  -35  99  0
-96  -97  7  0
-81  85  -6  0
-95  -73  4  0
-76  -35  -38  0
61  -82  35  0
42  41  11  0
-11  -96  62  0
19  64  -53  0
14  2  -69  0
3  -59  -31  0
-93  92  66  0
15  63  -29  0
-85  17  -31  0
70  -33  -32  0
56  -24  -49  0
8  -38  82  0
-54  -83  60  0
-86  -4  77  0
-25  27  46  0
-62  94  -9  0
-57  50  -58  0
-19  -22  -81  0
-43  -36  5  0
-72  23  -65  0
-89  25  13  0
42  72  -18  0
-2  37  -62  0
-7  94  4  0
-84  -61  -92  0
92  31  -97  0
94  33  52  0
8  -98  47  0
36  -19  50  0
-8  85  -65  0
-89  -87  34  0
-40  -38  13  0
31  -17  -8  0
-13  55  -14  0
-33  -70  36  0
-88  96  -61  0
15  -94  -95  0
73  16  85  0
93  59  -29  0
10  20  -34  0
-55  -60  -31  0
-89  90  88  0
10  -71  82  0
-76  42  -10  0
45  79  43  0
82  40  -93  0
96  72  2  0
2  81  -12  0
56  71  90  0
54  -70  63  0
-4  -58  40  0
-65  -58  -48  0
-69  58  -33  0
63  77  56  0
69  -50  -98  0
-51  16  -8  0
38  -86  -27  0
-33  13  -100  0
-66  50  56  0
92  -84  -80  0
25  -39  -8  0
-7  46  -37  0
-70  28  -9  0
-40  1  -7  0
91  51  99  0
-10  -77  59  0
-60  92  19  0
26  41  95  0
3  24  5  0
61  -66  16  0
94  77  26  0
-31  1  67  0
70  -51  -46  0
-21  -80  16  0
60  -97  -78  0
-60  3  -89  0
-44  -8  17  0
39  81  -98  0
-70  74  91  0
49  93  32  0
51  -86  75  0
-90  -2  -78  0
30  13  93  0
-76  77  23  0
58  -12  -94  0
-94  -14  -59  0
10  34  -11  0
76  32  -89  0
47  -74  -90  0
88  -97  12  0
9  92  37  0
-17  -10  75  0
-59  46  -87  0
-72  45  67  0
63  21  -80  0
-25  -83  -87  0
6  1  -86  0
58  -24  93  0
93  -87  74  0
63  -56  -75  0
-3  11  -45  0
-88  6  -99  0
12  30  62  0
-55  77  92  0
13  -55  -12  0
47  -22  -48  0
79  23  33  0
-3  -19  -23  0
-14  32  12  0
59  -92  62  0
-36  1  -48  0
-78  50  -4  0
-16  94  27  0
53  -59  6  0
-54  -39  12  0
-4  97  -66  0
88  -19  93  0
97  61  96  0
3  78  -35  0
67  29  28  0
14  -12  -22  0
61  -88  76  0
55  -59  -46  0
33  -56  52  0
-19  34  -6  0
22  20  60  0
-39  -55  -76  0
-71  32  -97  0
-76  41  -99  0
94  -27  31  0
-22  38  -49  0
-42  62  86  0
11  76  -40  0
-55  -36  30  0
22  -69  -60  0
-12  96  -4  0
-17  9  47  0
6  -99  -43  0
-3  15  27  0
57  -76  -90  0
-83  -74  42  0
31  15  22  0
-57  16  73  0
-93  -30  -1  0
-66  -23  68  0
-45  -25  35  0
-76  63  42  0
-69  100  57  0
-98  -15  80  0
90  49  -72  0
-61  -14  11  0
-26  -64  82  0
-27  25  -57  0
54  -58  99  0
-87  64  -73  0
-52  57  73  0
45  97  43  0
-18  7  -86  0
27  -74  4  0
63  7  -6  0
-5  14  -86  0
-53  -76  -85  0
55  -29  59  0
74  28  -38  0
14  -100  -82  0
90  -54  -52  0
68  -86  -53  0
85  -73  -89  0
-14  -7  69  0
-42  9  -49  0
18  51  44  0
32  43  45  0
-41  -43  -84  0
11  30  54  0
84  -30  -70  0
48  16  -91  0
83  13  62  0
-93  -95  -62  0
-36  -62  -40  0
-92  15  20  0
-75  22  4  0
-70  -25  44  0
-29  -62  6  0
-79  31  -28  0
-19  -68  -5  0
-81  79  -31  0
-22  41  72  0
-19  20  -12  0
78  -18  55  0
-99  -59  -51  0
-72  -69  -87  0
-22  56  -52  0
41  60  -68  0
49  -79  -22  0
-60  59  82  0
-100  -10  78  0
-78  52  48  0
82  -4  53  0
83  -39  -92  0
36  -66  82  0
-52  -50  -73  0
52  50  -37  0
-79  89  70  0
-92  -54  65  0
-61  -53  -67  0
-52  -22  -36  0
-75  -8  78  0
-13  -97  89  0
-76  -79  38  0
-47  -45  84  0
44  -85  -83  0
-31  -16  -41  0
51  -93  -82  0
-27  -33  38  0
-50  80  4  0
9  -85  2  0
5  3  -16  0
-69  -54  59  0
100  86  63  0
18  -56  57  0
-98  71  -24  0
71  21  -61  0
-76  -1  22  0
-47  78  -49  0
46  4  -91  0
2  13  100  0
78  -31  67  0
52  -12  93  0
54  5  -85  0
14  -56  25  0
13  -80  85  0
2  -95  8  0
97  79  42  0
31  55  -96  0
80  94  89  0
88  -60  -87  0
-14  -80  -39  0
97  76  -93  0
57  -98  -67  0
92  42  -24  0
-19  36  -67  0
88  5  30  0
-5  49  23  0
45  51  83  0
62  74  -55  0
58  -88  -43  0
-86  -71  2  0
-15  14  -69  0
-39  56  -95  0
33  -78  76  0
-31  -70  61  0
-78  74  -28  0
-51  -20  50  0
-29  -70  92  0
-77  62  -24  0
80  -4  -24  0
40  -75  -99  0
86  46  -63  0
34  9  33  0
-61  -47  -78  0
68  -81  -40  0
-95  86  17  0
98  -77  -71  0
-23  12  -18  0
63  -32  59  0
56  31  5  0
54  96  37  0
-42  20  -24  0
-67  -64  16  0
-67  77  -72  0
65  16  -51  0
-37  35  -86  0
-45  87  51  0
-75  -73  -66  0
-54  -61  91  0
-16  35  -87  0
68  74  76  0
-100  92  80  0
38  -8  9  0
37  -33  47  0
16  34  -13  0
-40  59  35  0
-70  -50  -74  0
-93  -31  76  0
5  -22  41  0
15  -91  9  0
-91  61  -56  0
20  -76  40  0
-35  -67  68  0
24  99  10  0
40  -72  -100  0
1  -28  5  0
17  -92  56  0
53  44  70  0
-84  -17  5  0
55  97  -76  0
-44  52  20  0
97  26  68  0
52  -28  29  0
-73  37  -87  0
56  70  -12  0
-60  96  49  0
-38  29  45  0
-76  65  -1  0
76  -57  47  0
-33  -6  -29  0
-91  17  87  0
-12  65  -46  0
-93  -6  23  0
-72  4  32  0
88  62  98  0
10  -60  -9  0
-56  84  31  0
69  36  91  0
89  26  -38  0
-34  90  -65  0
-76  74  -75  0
-16  71  9  0
-75  -24  -66  0
-86  -92  8  0
-17  33  95  0
39  58  67  0
69  33  -67  0
24  -32  36  0
70  -33  65  0
50  -26  -54  0
-94  -83  -99  0
-38  -46  70  0
-42  -91  -51  0
-84  -50  17  0
-97  -34  -16  0
50  -25  73  0
51  -31  61  0
76  -11  58  0
