c mkcnf random cnf with seed 44455, max clause length 3
c FORCED SATISFIABLE
c 
p cnf 100  430
-26  -5  -64  0
-70  -7  42  0
3  -51  -73  0
64  58  -27  0
55  -100  -53  0
72  -73  5  0
-66  51  70  0
-14  -41  83  0
-92  -96  82  0
45  -100  34  0
-35  83  64  0
-42  36  -28  0
-51  -49  98  0
17  35  -75  0
-81  89  -45  0
-95  73  -88  0
-13  71  -7  0
48  12  85  0
91  10  49  0
-37  -67  44  0
-99  -89  24  0
-87  -14  -4  0
-56  -91  92  0
-35  -74  14  0
-6  10  91  0
64  61  42  0
-26  91  -80  0
-15  -64  59  0
-100  -64  -11  0
28  67  -92  0
-92  90  -79  0
-11  10  -6  0
42  -33  74  0
-57  40  -8  0
52  -81  35  0
-67  74  -46  0
-41  -84  2  0
-30  63  56  0
-34  -20  -53  0
53  82  -27  0
18  -92  -2  0
31  -95  -17  0
-15  -23  -65  0
31  76  50  0
1  39  -36  0
46  75  -17  0
-24  -81  41  0
-41  1  83  0
-18  19  -12  0
-61  -90  46  0
34  22  -16  0
36  -12  87  0
-19  -25  40  0
-79  16  41  0
11  67  -65  0
34  50  -80  0
25  60  48  0
-24  95  -78  0
-81  -4  -55  0
54  -60  -27  0
-2  54  5  0
23  -53  60  0
-45  30  32  0
42  85  -22  0
-59  41  4  0
72  43  -78  0
43  -44  -39  0
-89  -93  4  0
-17  -28  -65  0
25  -32  -3  0
62  -47  -92  0
23  3  -11  0
-11  -1  86  0
-64  20  76  0
26  -94  -31  0
-51  -64  36  0
-13  -63  21  0
44  -94  -37  0
94  -73  -26  0
-29  28  44  0
-6  -87  -4  0
95  17  75  0
-81  -52  -78  0
72  -30  49  0
27  24  47  0
46  -94  -14  0
-72  60  44  0
64  -39  -52  0
-83  80  -58  0
7  -41  100  0
-89  32  16  0
-95  -73  13  0
30  21  39  0
-89  88  76  0
-61  28  35  0
95  13  62  0
-23  19  50  0
68  32  -2  0
-22  -70  15  0
63  46  -49  0
-46  87  -56  0
-21  13  -94  0
29  -56  -37  0
-43  98  62  0
-21  -79  90  0
49  3  46  0
-42  -98  -44  0
67  -76  26  0
-34  -11  -16  0
-83  -18  2  0
-33  16  -86  0
-69  7  38  0
88  32  17  0
21  -71  -14  0
-99  -86  -3  0
-49  -4  -62  0
-27  44  8  0
90  19  -54  0
-43  28  67  0
43  36  4  0
-73  -83  85  0
-20  -46  35  0
-69  11  35  0
-55  -60  -22  0
-76  65  16  0
76  65  -67  0
52  11  82  0
-62  -75  81  0
75  -89  6  0
-6  73  54  0
29  70  28  0
97  24  86  0
-63  18  89  0
53  71  -54  0
29  -1  -68  0
60  -73  100  0
-24  -41  -2  0
7  -31  -44  0
19  -9  -59  0
73  60  -30  0
2  42  -56  0
54  -93  -7  0
-97  55  57  0
-83  99  81  0
-69  -86  82  0
-35  77  -8  0
-67  -71  1  0
60  70  -49  0
71  77  -21  0
76  -84  65  0
-36  -34  -27  0
43  51  -9  0
-51  -73  -33  0
-62  49  -23  0
92  76  -96  0
-5  -52  27  0
-2  -1  64  0
-1  40  35  0
65  -91  -72  0
35  3  5  0
-6  -33  -70  0
-85  35  -17  0
-62  90  -42  0
45  20  3  0
-30  63  -69  0
81  -31  -98  0
36  -7  -83  0
58  -23  77  0
2  87  -57  0
91  53  -72  0
31  -4  85  0
21  -87  29  0
-94  -64  30  0
-25  -71  32  0
77  39  37  0
-38  66  -59  0
-7  -3  -80  0
-13  24  22  0
-1  18  -49  0
-89  32  46  0
-54  30  84  0
89  50  -3  0
-44  -73  -60  0
56  -20  79  0
51  -85  2  0
41  -37  -96  0
69  66  23  0
-17  -65  -75  0
-57  88  -73  0
-64  -42  -84  0
95  -84  -45  0
-97  12  -82  0
79  65  34  0
-29  35  -60  0
-70  -76  48  0
-31  7  25  0
2  -56  -16  0
-99  -79  80  0
-30  -83  -72  0
29  -94  -1  0
-64  -34  -41  0
5  -99  -49  0
-99  -30  32  0
-55  -42  -61  0
14  49  -68  0
71  -100  34  0
97  93  74  0
-95  -33  96  0
-16  22  72  0
-11  -22  -43  0
97  -15  -96  0
-92  24  -16  0
-55  -3  -47  0
52  -51  97  0
20  -2  27  0
-30  -57  -59  0
-32  -24  -80  0
-40  -95  88  0
-88  23  71  0
-29  -61  63  0
-37  60  -88  0
74  10  -67  0
-51  59  -88  0
51  68  85  0
68  -13  6  0
7  -47  -3  0
92  -94  98  0
4  100  -60  0
6  70  22  0
86  18  -24  0
-6  -54  -30  0
-98  -90  9  0
-32  79  -73  0
72  20  -17  0
95  52  -88  0
-91  67  60  0
96  3  -97  0
-22  -20  -37  0
-49  -10  -58  0
-92  51  -74  0
76  8  -66  0
-93  57  66  0
-2  96  21  0
-95  64  -57  0
24  -11  90  0
-25  -61  94  0
-98  94  -31  0
-93  -68  -16  0
-82  29  -54  0
15  21  -4  0
89  40  -82  0
32  -67  -7  0
24  -15  65  0
97  -16  -17  0
-66  -68  19  0
-89  98  -50  0
-55  -38  6  0
87  54  -83  0
-55  -45  86  0
48  19  -59  0
-87  64  98  0
-83  -89  46  0
-68  -14  26  0
-36  -98  52  0
90  60  34  0
69  -60  -19  0
-32  -36  3  0
-28  64  -84  0
98  44  46  0
17  34  -46  0
-74  47  28  0
54  32  -35  0
-74  -83  3  0
71  49  -56  0
-61  -41  -52  0
-17  40  -89  0
1  -85  -30  0
-5  -2  86  0
-34  -21  55  0
10  -76  41  0
32  27  -10  0
51  39  -2  0
-1  -62  45  0
-18  -92  -98  0
84  83  1  0
35  -74  49  0
26  -45  -17  0
-73  -10  25  0
-73  22  -52  0
-82  56  -42  0
21  -82  27  0
5  48  54  0
37  -12  82  0
8  67  -46  0
67  32  -93  0
-69  49  -77  0
38  -55  41  0
-36  -72  -74  0
-74  -51  19  0
-43  79  32  0
-20  -71  23  0
-81  -25  57  0
-85  -48  71  0
68  1  36  0
-36  -4  57  0
-65  78  -33  0
42  -8  87  0
-60  -31  45  0
91  -10  -2  0
57  -71  -20  0
17  47  15  0
23  35  -98  0
-22  -48  76  0
12  25  79  0
-25  84  98  0
-30  -42  -15  0
1  11  -47  0
12  2  98  0
-67  94  23  0
11  77  -70  0
31  -7  -28  0
-50  65  -43  0
-99  -94  -96  0
-24  -41  59  0
-44  30  87  0
-43  -27  -4  0
4  61  -35  0
-7  22  98  0
3  -88  -48  0
-4  56  -93  0
-53  -37  -100  0
71  51  98  0
-89  -38  -56  0
75  -23  -52  0
-73  -58  -16  0
-41  69  -96  0
-27  54  32  0
8  4  61  0
-42  35  -41  0
9  74  50  0
-23  -71  -56  0
-93  -77  -88  0
-76  32  7  0
-67  49  68  0
42  52  14  0
-63  -51  1  0
53  -80  -12  0
32  82  -17  0
48  13  54  0
47  -72  84  0
-47  49  9  0
87  -70  60  0
4  61  -79  0
9  -60  47  0
71  -79  -29  0
-48  -68  -54  0
-41  88  90  0
82  -41  62  0
16  5  49  0
-20  8  -19  0
-39  -85  -3  0
-93  24  52  0
-29  75  98  0
33  20  -66  0
29  -19  9  0
-61  26  78  0
-64  -59  99  0
67  90  58  0
96  -90  93  0
11  -95  29  0
-30  63  96  0
65  52  36  0
-58  61  57  0
-78  -62  -61  0
83  52  -96  0
-100  -17  5  0
62  61  -6  0
-84  10  -17  0
-63  -76  13  0
-50  -88  44  0
95  13  72  0
78  60  88  0
-26  -18  -53  0
-71  27  79  0
-88  -25  -13  0
98  -37  -72  0
-96  -12  -97  0
-85  20  -17  0
-59  -14  4  0
-30  21  34  0
57  -28  -8  0
1  25  94  0
-83  -81  23  0
-28  -11  61  0
53  56  -38  0
-3  -94  66  0
40  -59  -65  0
78  -50  -22  0
-22  -97  -47  0
-15  59  -79  0
-98  53  -57  0
15  -71  -70  0
-71  14  -1  0
-64  86  88  0
-88  73  -12  0
-74  31  -94  0
35  73  -70  0
22  -86  -24  0
53  -5  36  0
65  15  48  0
-90  -85  -77  0
-68  -61  -74  0
-53  -20  -63  0
-93  -19  -49  0
5  -92  -98  0
54  -79  -19  0
75  -37  -74  0
87  -60  -59  0
73  25  -75  0
-28  16  56  0
67  -22  99  0
23  28  90  0
-87  90  -65  0
-92  -76  44  0
-48  56  31  0
36  47  -39  0
-35  -100  33  0
47  -17  -82  0
-7  -66  1  0
-71  -19  44  0
