c mkcnf random cnf with seed 44389, max clause length 3
c FORCED SATISFIABLE
c 
p cnf 100  430
34  -17  -76  0
98  -56  72  0
-65  12  -59  0
-96  -54  18  0
68  88  -54  0
57  -33  7  0
6  -41  97  0
5  -66  85  0
-44  53  25  0
-32  55  -46  0
-89  -40  61  0
48  94  45  0
45  73  3  0
-97  2  -84  0
67  53  23  0
78  -34  76  0
-67  -9  7  0
95  -61  -79  0
-16  35  -93  0
30  10  -19  0
-28  -34  -30  0
-78  95  52  0
-99  -24  -61  0
95  -12  -93  0
-67  -78  24  0
-14  -12  -29  0
-38  63  86  0
-13  87  -11  0
5  -64  49  0
34  7  69  0
-88  19  27  0
-81  -50  76  0
11  92  -16  0
83  -69  -22  0
-76  -18  93  0
90  91  -38  0
-29  11  -71  0
-80  70  -63  0
-99  -24  -18  0
-37  65  89  0
-7  -94  51  0
62  20  -15  0
-1  53  57  0
15  9  -36  0
47  -50  41  0
-92  96  -4  0
-11  93  -47  0
-98  50  52  0
-73  -59  38  0
-92  5  51  0
-37  43  -50  0
95  -3  -36  0
66  -100  -19  0
36  -79  -74  0
-30  -85  -46  0
20  66  -72  0
1  -96  11  0
-78  -58  40  0
-24  -66  -91  0
100  -60  -71  0
24  -99  -25  0
-65  83  69  0
-14  -58  -80  0
79  -100  44  0
-89  15  -95  0
-66  97  13  0
42  -2  -13  0
-90  3  22  0
-29  11  -63  0
4  59  -45  0
41  -31  -59  0
-12  92  -37  0
52  49  11  0
72  73  21  0
-54  -47  91  0
-51  -16  48  0
87  70  65  0
50  -28  52  0
97  -65  69  0
97  -34  -29  0
-53  21  29  0
97  -80  -13  0
51  -97  -90  0
-28  15  -42  0
39  72  66  0
-46  -34  56  0
-14  23  3  0
-73  -48  97  0
-69  16  71  0
48  -63  76  0
40  -36  -63  0
3  47  -85  0
-55  -7  -56  0
74  -48  55  0
-97  94  57  0
51  7  94  0
86  66  -29  0
-96  27  81  0
-43  49  -82  0
22  5  80  0
83  76  -62  0
-16  33  13  0
77  -16  -40  0
-86  22  -34  0
26  -72  -82  0
-84  -67  74  0
67  78  34  0
-34  44  -29  0
5  -44  -82  0
-13  97  -33  0
2  -81  -88  0
83  48  -5  0
43  -59  72  0
-71  79  -98  0
35  -22  -27  0
14  52  -25  0
-54  70  -96  0
22  -29  -20  0
21  -3  -23  0
-65  62  67  0
-60  65  -70  0
11  37  30  0
-100  5  -92  0
57  81  69  0
-10  53  36  0
-26  -33  -88  0
-94  -9  -20  0
-59  -52  -79  0
18  -60  -78  0
-44  96  95  0
60  -78  -51  0
47  -72  55  0
11  40  3  0
-74  31  54  0
79  -13  34  0
30  81  -54  0
74  70  33  0
-58  -65  50  0
60  -79  -59  0
38  65  -7  0
-37  -18  48  0
-96  21  7  0
-87  -92  -62  0
94  -78  75  0
-90  26  5  0
1  15  30  0
-11  51  -32  0
45  66  -73  0
99  82  -55  0
95  27  -57  0
37  -41  -57  0
30  23  58  0
-75  -38  -9  0
8  -79  15  0
80  97  -90  0
-32  58  -8  0
-71  -17  -62  0
-41  8  84  0
-27  -2  92  0
23  -37  62  0
57  -55  27  0
-11  -59  85  0
61  -64  -88  0
67  -10  36  0
-71  -19  -63  0
95  -49  -81  0
-59  -55  -60  0
41  -98  60  0
-58  -52  72  0
-2  -86  83  0
50  -30  -20  0
-60  -83  -38  0
1  18  51  0
-100  21  -16  0
99  -52  -16  0
72  -100  -69  0
-23  -31  -59  0
-18  71  -21  0
37  29  55  0
15  -29  -12  0
6  40  -100  0
-25  -17  -80  0
33  -52  -73  0
-85  14  -2  0
76  -53  -70  0
28  55  10  0
-97  88  -77  0
51  -9  67  0
-55  37  -29  0
-82  -28  -33  0
87  -85  -99  0
-88  -47  96  0
-57  61  84  0
32  43  51  0
18  40  -16  0
100  36  -54  0
-14  -83  -57  0
17  -23  -57  0
-31  -71  94  0
82  91  -61  0
50  3  93  0
-79  -4  -36  0
-64  -15  58  0
-91  -62  36  0
64  65  43  0
-64  50  -90  0
2  -90  -26  0
68  -33  14  0
47  81  86  0
9  98  -93  0
-10  -51  -72  0
-91  58  -80  0
-98  89  -77  0
82  -88  30  0
19  81  46  0
16  -13  50  0
58  35  37  0
73  -99  8  0
-77  -91  -71  0
92  74  -42  0
54  81  74  0
-41  -10  95  0
-11  68  -35  0
51  95  -61  0
25  7  34  0
35  -72  70  0
-69  68  85  0
52  -25  13  0
-97  87  -21  0
81  64  70  0
-90  -28  60  0
-69  71  53  0
73  -46  76  0
-11  -19  88  0
-78  -20  37  0
-84  61  -9  0
-35  27  47  0
-50  -66  -53  0
-15  -55  44  0
24  69  -59  0
77  -92  -98  0
68  -26  -4  0
2  -52  -43  0
-1  33  27  0
88  -56  2  0
-19  73  53  0
58  -71  -44  0
-84  -59  -85  0
-100  3  63  0
78  30  -57  0
-23  -84  -37  0
65  26  -5  0
-9  75  -50  0
79  8  83  0
42  -68  72  0
47  15  56  0
-78  -7  24  0
-57  -85  46  0
35  -16  41  0
-46  26  -34  0
71  -2  15  0
-31  -44  6  0
44  20  -99  0
63  -18  98  0
90  -21  -26  0
-15  28  -66  0
-78  -75  16  0
25  -34  -37  0
85  33  -72  0
-50  32  -44  0
-80  -13  76  0
-23  40  -34  0
-99  -95  -45  0
-5  47  -57  0
71  53  97  0
30  69  -6  0
-28  7  16  0
53  94  63  0
-83  69  -28  0
91  -1  60  0
-10  -33  -27  0
-75  71  -60  0
-64  -57  32  0
-55  -5  56  0
6  87  -32  0
-52  91  44  0
-70  -29  -92  0
63  -56  -32  0
39  24  14  0
-84  -8  56  0
34  7  -59  0
84  -1  33  0
-3  55  100  0
-52  62  20  0
55  -22  61  0
-74  -50  12  0
-1  -5  89  0
-77  -5  94  0
97  -13  89  0
-75  100  18  0
-89  39  29  0
38  -98  -23  0
94  -57  -64  0
-13  -63  -18  0
-14  -53  71  0
80  12  60  0
-95  -18  -63  0
-35  -100  23  0
-71  52  64  0
36  38  -39  0
51  -97  74  0
-34  7  -50  0
81  71  -96  0
14  54  -33  0
5  -41  -49  0
66  46  76  0
34  -39  72  0
32  -57  -50  0
-57  -77  -65  0
5  12  -29  0
78  56  -70  0
-46  38  53  0
-87  3  91  0
-62  1  15  0
75  -39  -42  0
56  -45  39  0
-22  15  82  0
-87  96  -31  0
54  -81  -17  0
-16  64  97  0
-70  46  -17  0
-44  -33  -72  0
67  -10  -58  0
-96  -95  43  0
3  96  86  0
-74  -96  -41  0
-49  -12  -34  0
-98  2  79  0
-13  -65  8  0
-50  -42  -11  0
-41  -1  18  0
56  48  36  0
-17  27  62  0
67  -4  94  0
-65  -84  27  0
-48  -60  1  0
-21  -13  -72  0
36  13  11  0
-66  70  76  0
-37  -5  17  0
33  -2  -23  0
80  -87  10  0
-91  7  -37  0
91  -13  -29  0
-27  58  -60  0
-96  56  20  0
-72  91  -80  0
-43  33  48  0
89  33  70  0
-97  63  -9  0
18  -88  -67  0
-80  -14  -64  0
18  59  -87  0
66  16  6  0
61  -34  10  0
-17  -2  -68  0
37  -51  -38  0
-19  82  24  0
98  82  76  0
-54  -12  -93  0
-83  79  -95  0
-70  22  -93  0
89  -32  22  0
-11  -27  -58  0
-91  -34  52  0
90  34  -63  0
-28  29  -65  0
5  29  49  0
58  -56  81  0
60  -74  -2  0
-27  -92  91  0
-58  50  -93  0
66  -63  -34  0
-20  -15  100  0
5  79  -73  0
-72  -27  70  0
-27  26  91  0
51  64  -24  0
37  28  -4  0
87  -46  -19  0
-76  24  -87  0
-68  -94  48  0
-84  -31  -3  0
37  -64  -31  0
-80  -1  90  0
77  25  69  0
-65  -39  -67  0
31  54  16  0
-98  -12  11  0
85  19  -94  0
10  24  11  0
42  29  56  0
-90  -55  38  0
31  58  50  0
-31  -67  -36  0
-98  -2  -90  0
-40  82  -49  0
-63  9  -17  0
48  43  -35  0
81  -96  60  0
-40  92  77  0
80  -12  79  0
-56  -24  100  0
42  -89  -75  0
3  95  -30  0
-88  49  78  0
-5  90  -13  0
-75  -9  40  0
-43  28  2  0
-71  25  -87  0
100  -57  -48  0
-75  98  91  0
83  -13  55  0
-76  -5  47  0
4  24  99  0
-76  28  95  0
-93  51  31  0
-30  -48  -50  0
5  -92  84  0
-72  92  -41  0
