c mkcnf random cnf with seed 44453, max clause length 3
c FORCED SATISFIABLE
c 
p cnf 100  430
96  -14  53  0
-65  5  -2  0
-90  97  -24  0
-61  -35  -11  0
46  -34  48  0
-64  -83  46  0
72  49  -9  0
4  -42  12  0
100  54  25  0
-15  -100  29  0
-89  44  74  0
8  -17  23  0
-72  -68  -59  0
72  35  16  0
-96  -47  70  0
86  -66  -1  0
-1  32  -24  0
-59  -69  97  0
23  -96  -25  0
55  -70  36  0
92  -17  53  0
-85  -25  75  0
55  21  -60  0
65  95  -46  0
-93  -38  -24  0
-10  -63  78  0
45  30  12  0
-91  73  -3  0
7  -52  41  0
-6  -8  -12  0
100  22  6  0
21  -74  68  0
-35  100  -5  0
80  14  25  0
40  1  9  0
21  11  41  0
67  74  36  0
-69  92  15  0
26  -59  34  0
64  -95  -44  0
-97  -34  38  0
10  42  24  0
25  -4  34  0
-24  26  61  0
-43  48  -81  0
-54  -36  -66  0
2  -17  98  0
31  41  64  0
26  -41  -24  0
-95  -24  87  0
29  -94  -63  0
-87  -48  100  0
-33  -69  93  0
28  84  -65  0
-89  -23  -2  0
51  73  -98  0
-12  -65  -38  0
52  -81  -60  0
-70  59  -22  0
-41  66  49  0
39  78  70  0
26  44  71  0
48  85  44  0
-73  -64  10  0
-10  89  -9  0
11  -80  -35  0
-63  74  65  0
93  -42  10  0
87  -54  50  0
56  -74  -36  0
26  -65  46  0
68  -53  -89  0
46  58  35  0
-68  -84  9  0
38  -18  -83  0
-25  8  34  0
-44  -92  -18  0
8  39  -66  0
83  -31  66  0
-61  -34  -96  0
42  98  33  0
38  8  -10  0
52  -92  -91  0
-42  10  80  0
-13  54  9  0
6  60  -69  0
-11  90  14  0
60  89  74  0
22  18  54  0
78  -18  52  0
21  -40  43  0
-4  -81  65  0
-8  -31  -34  0
52  6  66  0
58  95  3  0
43  2  77  0
84  -36  -85  0
-65  38  -60  0
-10  95  -35  0
16  -52  -100  0
-82  -10  52  0
-33  17  -47  0
-98  41  13  0
14  -30  7  0
-1  20  6  0
81  57  -73  0
-80  -24  29  0
69  96  -6  0
-2  -75  29  0
91  -43  -61  0
38  54  32  0
81  77  92  0
-68  -4  -99  0
17  -96  70  0
-26  86  97  0
74  -84  61  0
-71  -83  -78  0
35  33  -50  0
-81  -50  1  0
-44  -65  13  0
81  4  -5  0
-18  62  90  0
83  -15  -31  0
-25  -62  -57  0
79  -34  -94  0
44  88  -66  0
17  60  -71  0
71  -29  -86  0
-83  -66  13  0
43  15  6  0
-17  86  -9  0
25  11  -87  0
90  -26  -93  0
-66  85  -17  0
-88  -80  2  0
-57  2  -67  0
-57  -12  -82  0
26  -39  28  0
79  88  9  0
-41  -99  -61  0
-91  -97  -36  0
57  -61  64  0
75  60  -59  0
27  74  86  0
2  15  3  0
-90  -78  -84  0
-1  69  -26  0
-61  11  70  0
-38  100  -70  0
-69  -35  62  0
-85  56  12  0
-98  45  49  0
53  8  -84  0
-31  75  -78  0
-40  92  42  0
39  -97  -55  0
73  -46  -5  0
-5  45  11  0
28  -23  -69  0
34  79  -24  0
67  -2  95  0
-41  80  -69  0
15  -69  -25  0
-37  -40  23  0
54  18  -31  0
-94  76  -61  0
-51  -90  87  0
-82  21  -83  0
95  -6  90  0
-7  47  -1  0
-40  -24  61  0
-44  50  88  0
-34  90  65  0
31  -88  -75  0
-32  44  20  0
-20  -46  -99  0
-63  -53  1  0
92  -20  -66  0
-78  -68  81  0
-85  59  -42  0
-12  -94  29  0
79  -4  36  0
-94  82  51  0
-23  -1  -37  0
39  77  99  0
-13  -82  42  0
-94  -50  -9  0
36  17  5  0
-74  -92  98  0
-1  71  -90  0
-95  -42  1  0
-79  49  60  0
-85  33  40  0
96  -98  -16  0
-32  91  15  0
-84  47  20  0
-95  14  52  0
-83  -88  61  0
-17  56  35  0
-5  35  -89  0
77  35  16  0
65  42  2  0
15  33  -90  0
30  -60  32  0
-15  13  -32  0
-41  9  -61  0
-61  -36  -97  0
-89  76  -34  0
92  36  -77  0
-13  49  64  0
83  -21  -32  0
-13  -58  35  0
71  100  -29  0
3  -99  -100  0
30  -12  43  0
-62  -93  97  0
-66  82  -34  0
92  94  78  0
-38  -3  -58  0
-76  64  -48  0
-5  -79  -38  0
15  96  22  0
33  -58  -45  0
-47  86  -68  0
-70  26  37  0
-20  22  40  0
-92  61  44  0
29  41  -32  0
47  13  -16  0
-27  20  1  0
81  50  62  0
62  40  71  0
-91  26  -35  0
-86  -49  3  0
70  -58  78  0
54  -38  59  0
-56  -64  -32  0
-24  -54  71  0
-5  -62  67  0
-90  20  79  0
-16  -89  65  0
6  -46  -13  0
-54  38  -100  0
-50  -5  -47  0
34  91  42  0
-67  -28  59  0
71  -14  -5  0
-97  -91  40  0
76  -27  83  0
-93  -1  25  0
80  3  6  0
68  37  -31  0
10  -62  -41  0
-92  -96  47  0
79  -63  19  0
70  -37  89  0
-77  -68  -78  0
-46  -14  61  0
12  9  66  0
-93  -94  -37  0
17  -56  -99  0
-31  -42  27  0
-42  -80  -91  0
30  23  31  0
83  6  11  0
17  -45  -99  0
7  -51  -69  0
-37  26  -6  0
-39  31  81  0
-51  -63  -11  0
-4  -44  29  0
-14  85  57  0
-19  86  67  0
-32  -98  -23  0
73  94  -39  0
-52  41  -48  0
14  74  94  0
-43  75  -81  0
-1  -34  62  0
-60  -9  -92  0
49  46  44  0
33  -28  8  0
54  77  -21  0
23  -88  -3  0
75  -8  11  0
-56  -83  -88  0
-84  73  -18  0
-20  -53  -15  0
44  39  52  0
-95  5  15  0
-98  -34  46  0
-78  86  21  0
-86  24  -10  0
-70  26  13  0
-97  83  46  0
-22  12  58  0
-4  9  49  0
-84  67  -24  0
-23  52  -43  0
-44  -70  39  0
12  60  89  0
23  -63  83  0
-46  -8  -65  0
-48  54  47  0
72  -87  77  0
-95  30  93  0
-92  -21  88  0
10  -37  5  0
-63  -85  25  0
48  -55  -49  0
8  -4  -68  0
84  85  -88  0
68  -18  82  0
60  -59  -36  0
58  -95  18  0
-73  72  23  0
33  -75  10  0
47  77  -5  0
28  97  -99  0
-58  -10  -37  0
-22  -93  -51  0
29  38  82  0
-65  85  -53  0
-43  -45  -15  0
67  78  65  0
22  68  -15  0
59  99  -39  0
-73  -95  5  0
-91  -40  -26  0
-25  2  -32  0
-44  86  55  0
-71  -5  35  0
28  -17  -16  0
-60  -12  -61  0
51  -19  58  0
99  -64  27  0
-18  -56  46  0
-66  79  21  0
-40  -64  -20  0
73  6  -12  0
-69  10  -42  0
-81  -1  -34  0
27  -60  -41  0
-15  -59  -62  0
83  90  -41  0
9  -30  -44  0
-73  81  -36  0
44  -93  90  0
-92  -52  -72  0
-31  45  -77  0
67  61  77  0
-100  93  -10  0
19  11  44  0
4  34  -63  0
-77  25  6  0
77  32  -36  0
-51  -73  47  0
-70  43  25  0
77  -40  18  0
-49  30  29  0
62  68  95  0
-35  -36  -98  0
58  35  -40  0
-62  23  39  0
-100  40  90  0
-9  61  -53  0
-27  -23  46  0
81  2  26  0
10  43  69  0
43  5  44  0
-64  2  3  0
44  56  96  0
-79  27  -92  0
-59  -36  41  0
-62  -88  -78  0
88  -73  31  0
-41  2  -83  0
-74  59  93  0
44  18  -26  0
28  -81  -23  0
48  -7  12  0
91  43  99  0
-60  -93  -51  0
100  -24  -13  0
52  45  25  0
77  -1  -97  0
-60  47  -22  0
76  -65  -5  0
30  -42  78  0
16  10  85  0
-20  82  -33  0
-98  -2  38  0
-3  17  82  0
57  -72  -73  0
90  45  23  0
-14  30  45  0
15  -42  62  0
-96  4  66  0
29  88  28  0
41  -48  -45  0
-92  -23  -82  0
42  50  -85  0
-45  -51  24  0
91  98  -44  0
-53  -85  28  0
13  12  32  0
66  -84  28  0
-54  -58  65  0
97  -22  -45  0
67  -36  -20  0
85  -74  45  0
-41  -66  86  0
-16  -39  49  0
83  -22  -55  0
-95  -17  -62  0
59  -1  -60  0
30  15  -31  0
65  -12  24  0
43  -72  -13  0
68  9  3  0
96  88  -25  0
68  41  93  0
23  -58  78  0
26  88  30  0
13  28  -79  0
17  83  -58  0
84  16  -97  0
-33  69  -50  0
11  -22  -3  0
-57  -96  -42  0
