c mkcnf random cnf with seed 44440, max clause length 3
c FORCED SATISFIABLE
c 
p cnf 100  430
51  26  32  0
-3  -76  -63  0
88  -79  -53  0
34  15  40  0
4  22  26  0
-93  -7  97  0
90  75  -31  0
7  69  29  0
80  96  47  0
10  -36  4  0
-84  55  -47  0
72  -44  53  0
-36  56  -66  0
12  -28  -80  0
91  -31  90  0
-21  -70  -69  0
-92  -29  -38  0
11  76  24  0
-26  34  -91  0
-15  93  -66  0
21  -40  37  0
-37  51  -25  0
29  -9  10  0
60  -66  58  0
-80  50  -19  0
45  67  95  0
85  -38  83  0
39  -22  -81  0
83  -49  -93  0
-91  100  5  0
-66  38  -67  0
-84  -44  43  0
-92  -93  89  0
-62  63  87  0
61  32  -92  0
84  82  89  0
-11  -3  27  0
49  -89  -78  0
-1  -79  27  0
47  35  -58  0
-11  13  58  0
-36  59  80  0
70  63  -77  0
-1  75  76  0
76  -51  -3  0
76  -80  31  0
-3  64  76  0
24  -5  64  0
36  61  -88  0
75  -78  -11  0
4  46  53  0
12  36  -82  0
25  -41  -90  0
94  9  -19  0
28  34  95  0
10  31  -44  0
7  28  99  0
-94  -19  -38  0
85  28  -9  0
-70  92  58  0
-47  -89  -19  0
-78  -74  -18  0
2  -38  -40  0
-43  -48  -70  0
-42  -77  -11  0
-51  21  -30  0
55  10  -93  0
51  -20  8  0
53  -69  -46  0
-64  100  -42  0
-25  77  -50  0
55  7  -68  0
18  78  -62  0
-94  -90  -87  0
-43  17  55  0
2  25  26  0
-74  -97  -67  0
96  33  69  0
-98  60  85  0
-90  4  -8  0
80  35  -72  0
-25  -19  -14  0
-96  29  90  0
-98  12  -62  0
-97  22  -26  0
75  -42  21  0
-80  75  -66  0
-60  92  -4  0
9  78  -74  0
-39  -80  -36  0
96  -26  49  0
-24  -90  -4  0
69  67  -33  0
79  64  54  0
-79  72  76  0
93  -23  -98  0
21  4  2  0
7  -94  43  0
-1  -21  -33  0
31  -20  61  0
92  -46  94  0
71  -70  -6  0
-27  15  11  0
-57  19  -55  0
46  43  -73  0
22  70  74  0
40  53  97  0
-63  16  -48  0
-44  -55  75  0
-36  78  1  0
-21  -3  -60  0
-96  -44  52  0
-53  5  -63  0
-87  23  -46  0
-59  61  -86  0
47  -13  38  0
-78  -99  91  0
-34  98  56  0
13  38  -42  0
74  -36  34  0
33  -38  -86  0
-92  -2  -3  0
-34  1  47  0
-88  36  39  0
59  16  -41  0
-84  -39  59  0
72  5  28  0
-54  -10  41  0
91  47  63  0
77  -79  38  0
1  66  -94  0
-16  -73  40  0
13  70  -36  0
34  95  -4  0
-73  -7  -65  0
-75  -21  12  0
-30  -57  -89  0
-49  -73  87  0
-56  -40  55  0
-12  53  -89  0
38  -78  61  0
-83  62  -28  0
-6  -36  50  0
55  -97  -18  0
26  73  77  0
52  91  34  0
7  18  82  0
76  -17  90  0
1  20  -7  0
-1  -47  13  0
63  -44  22  0
-61  -46  62  0
89  -95  -74  0
8  -47  52  0
74  52  67  0
67  40  -86  0
12  53  -51  0
-83  -46  -51  0
-43  -82  87  0
31  90  -41  0
88  98  76  0
-85  48  60  0
-3  21  59  0
-44  35  26  0
-43  62  59  0
20  -97  -36  0
83  -99  19  0
17  -9  3  0
-40  -17  -41  0
88  -26  -25  0
-52  5  67  0
62  35  -49  0
-16  -92  46  0
20  -45  55  0
-14  42  -45  0
47  71  87  0
60  39  73  0
-46  65  -16  0
-21  -40  17  0
-15  -98  48  0
40  95  -16  0
-36  58  30  0
-24  -70  90  0
-69  -51  73  0
7  20  14  0
-13  15  -91  0
10  80  -36  0
96  58  17  0
3  48  14  0
-93  75  100  0
12  21  -23  0
38  -31  -88  0
-24  -94  38  0
35  -29  -2  0
37  -45  34  0
-69  -26  -55  0
63  17  -31  0
-24  21  -82  0
-73  -16  74  0
-9  -15  42  0
-70  2  -76  0
51  -71  -40  0
97  -50  37  0
58  36  -90  0
-95  91  -51  0
-38  -30  -37  0
-82  35  6  0
85  -49  89  0
-10  -5  -45  0
84  53  -93  0
-69  62  -34  0
-28  -87  -34  0
-83  -34  43  0
-98  -94  -13  0
31  -37  -7  0
-68  15  -10  0
-6  -52  -77  0
99  -23  24  0
-3  24  -8  0
52  66  -35  0
52  -83  13  0
-50  52  90  0
-85  48  -35  0
9  6  27  0
-66  5  78  0
-82  -53  93  0
87  -40  95  0
-60  14  -56  0
45  -79  -71  0
-68  57  -80  0
22  -50  -89  0
19  -64  74  0
-9  -2  86  0
-81  98  -2  0
62  -48  -28  0
-18  96  -99  0
-81  -42  52  0
57  42  -93  0
44  -95  -9  0
-15  -27  -56  0
-66  -53  -59  0
-65  91  11  0
-17  3  -70  0
-63  -1  60  0
13  87  98  0
35  53  -39  0
-39  -12  28  0
47  75  94  0
63  -69  9  0
-74  87  -55  0
1  -13  41  0
23  -18  48  0
48  19  67  0
86  23  79  0
17  -71  -4  0
76  -46  -25  0
-77  -40  -79  0
-11  -4  17  0
58  -53  -97  0
-27  -42  -40  0
-8  60  -34  0
62  35  -56  0
-24  -60  20  0
-7  93  94  0
-36  -18  41  0
-91  67  -50  0
70  -41  83  0
-9  -65  -29  0
-31  58  -45  0
-97  -38  -35  0
-18  99  75  0
77  -39  38  0
-44  17  90  0
42  74  21  0
2  -42  95  0
-23  -73  40  0
-2  89  -54  0
87  11  -20  0
-61  9  48  0
-11  16  -2  0
-13  73  -20  0
51  32  -50  0
55  15  8  0
34  -8  94  0
-50  15  -71  0
22  31  28  0
68  -54  -12  0
-93  91  37  0
96  5  83  0
36  55  -45  0
67  -72  90  0
40  -4  -90  0
-29  -8  20  0
-86  56  -42  0
16  62  50  0
-32  95  28  0
23  8  -20  0
-42  49  98  0
-27  -15  12  0
85  -69  5  0
-59  -2  -64  0
-72  40  -92  0
29  -66  70  0
74  24  -72  0
27  88  66  0
46  87  -28  0
-68  13  -28  0
-84  34  95  0
-65  -24  22  0
-54  -27  -24  0
92  52  78  0
-31  -78  -51  0
-2  40  -92  0
-46  6  55  0
-77  -98  -32  0
-1  28  48  0
-84  44  85  0
-10  17  63  0
2  -56  100  0
58  100  66  0
-85  92  -9  0
9  -91  11  0
20  26  -25  0
66  44  87  0
-47  -51  -43  0
-51  40  -31  0
-80  57  95  0
-91  -23  -46  0
27  70  -6  0
-67  12  -47  0
-1  40  42  0
9  -91  49  0
-2  52  -77  0
-17  -63  78  0
-6  -47  29  0
1  -54  -31  0
75  -47  -12  0
-15  2  -16  0
-36  -23  81  0
-61  -26  -47  0
5  19  -79  0
-53  -32  -17  0
86  -63  -7  0
-46  -83  -85  0
-25  -54  80  0
-33  -54  -38  0
75  14  20  0
15  14  -26  0
44  -74  40  0
-49  39  -60  0
17  -66  -12  0
32  22  -13  0
-84  -7  -55  0
-61  79  -49  0
-73  -88  8  0
-51  86  41  0
33  79  18  0
99  7  36  0
60  88  -37  0
-42  91  58  0
2  -67  10  0
93  -38  2  0
100  -89  -51  0
69  -42  -40  0
65  24  93  0
-12  77  -30  0
66  61  -73  0
62  -66  -32  0
-69  -75  -96  0
-89  95  -39  0
-1  -34  -62  0
73  72  55  0
-95  82  5  0
-79  -92  21  0
-27  -55  -45  0
43  -9  -63  0
-79  -73  51  0
-14  86  -59  0
-44  97  -37  0
59  -9  43  0
-26  21  68  0
-21  68  -30  0
54  63  -12  0
-49  50  -72  0
3  -100  82  0
85  100  52  0
16  31  34  0
94  47  41  0
81  -34  97  0
92  -56  -23  0
-45  16  1  0
12  22  80  0
-17  22  -48  0
-55  -40  53  0
-69  -97  51  0
91  -27  -34  0
13  -32  27  0
-51  68  -16  0
-61  42  -10  0
30  72  68  0
-66  -23  -4  0
-73  56  -97  0
-35  100  22  0
97  8  58  0
-6  -67  -75  0
-12  71  -13  0
-64  -25  18  0
88  44  -30  0
23  -58  48  0
37  77  99  0
18  7  67  0
-53  -94  -74  0
70  -76  82  0
49  -17  -4  0
-18  -21  30  0
-83  -45  100  0
-7  61  -20  0
-61  16  -23  0
-62  93  -22  0
-54  -83  -28  0
51  25  -46  0
-64  73  -63  0
-86  -10  15  0
-43  -97  -90  0
70  1  -83  0
5  72  54  0
11  -20  39  0
14  92  -28  0
-20  80  -27  0
99  51  58  0
