c mkcnf random cnf with seed 44449, max clause length 3
c FORCED SATISFIABLE
c 
p cnf 100  430
36  33  29  0
-63  93  -81  0
-80  -31  -57  0
-11  -36  24  0
-30  -24  -82  0
50  -72  53  0
47  23  41  0
-66  -32  61  0
39  -18  -72  0
75  26  -38  0
-72  -23  -43  0
-50  66  -28  0
-36  -21  -47  0
55  -79  -40  0
60  -80  98  0
-74  50  -36  0
-54  18  -16  0
64  -57  53  0
68  -38  85  0
48  2  40  0
79  42  -10  0
-67  1  86  0
-87  84  60  0
3  22  -25  0
-90  12  13  0
47  -74  -70  0
-85  37  -63  0
19  -39  -53  0
93  59  36  0
-8  56  -25  0
2  5  -35  0
76  36  68  0
-26  -59  25  0
77  -83  -67  0
84  -7  -58  0
2  -4  -94  0
68  36  20  0
-97  23  -71  0
-44  41  76  0
13  54  12  0
-44  -62  95  0
-3  56  -65  0
49  86  -11  0
28  -67  81  0
46  29  -80  0
12  54  30  0
75  -64  5  0
15  60  -96  0
55  46  -75  0
-45  -22  -78  0
21  83  -45  0
-89  -78  -38  0
68  -32  91  0
-14  -55  -22  0
-82  -32  -69  0
11  -68  -75  0
40  -21  -45  0
7  24  53  0
41  -25  -45  0
-70  13  -7  0
-48  -64  51  0
68  86  -63  0
27  44  -24  0
-48  17  -47  0
-29  32  -94  0
49  -37  23  0
11  -83  -70  0
57  -94  78  0
23  -45  94  0
-78  -49  -22  0
54  27  61  0
-45  -1  86  0
14  88  -66  0
-37  29  -63  0
-13  -7  96  0
-40  91  -51  0
-22  -46  -51  0
-44  -5  16  0
65  -11  -48  0
16  -12  20  0
-92  -82  38  0
1  60  -25  0
-36  -26  79  0
83  -77  -60  0
-24  85  -63  0
100  72  33  0
14  63  55  0
62  -100  -94  0
-99  33  52  0
56  82  -39  0
-94  -16  40  0
88  -96  83  0
53  33  -7  0
84  -21  -57  0
87  -63  13  0
90  11  -72  0
31  1  7  0
91  -87  -42  0
62  -49  -71  0
-58  -48  1  0
87  -75  -90  0
-78  -38  -47  0
96  -9  -69  0
49  50  33  0
53  1  92  0
-6  36  95  0
84  -77  35  0
-37  -71  -86  0
-90  19  -64  0
-16  -100  -53  0
66  -49  -31  0
54  -40  51  0
-86  -44  79  0
-59  -98  -20  0
-10  15  51  0
11  46  -40  0
14  80  62  0
19  93  75  0
-68  64  53  0
-92  -20  10  0
-77  43  66  0
-10  56  25  0
22  100  -12  0
10  11  3  0
-49  56  -97  0
6  35  88  0
20  -28  -48  0
29  83  -95  0
53  -71  -52  0
89  99  -31  0
-66  84  43  0
-24  -65  41  0
19  27  16  0
87  24  78  0
2  13  -95  0
56  -64  -61  0
-35  -8  -95  0
-90  21  -51  0
81  -27  9  0
98  -13  -75  0
-55  -82  -70  0
-1  56  2  0
-82  -55  9  0
36  -57  38  0
82  -27  6  0
-82  34  1  0
10  -89  91  0
-81  89  -78  0
-90  -13  88  0
-16  -24  26  0
71  -47  -92  0
-53  61  85  0
-9  -92  -79  0
-51  70  86  0
-56  -47  -28  0
-21  -6  58  0
87  -29  -34  0
-25  -89  33  0
-75  57  -39  0
30  44  -48  0
94  32  -70  0
43  -42  -53  0
-33  -89  93  0
-9  -60  -93  0
-8  -22  91  0
42  -10  51  0
-7  69  34  0
-41  -23  -45  0
-35  -72  -70  0
88  41  -91  0
-66  -47  -99  0
-63  10  -14  0
-59  -37  -63  0
-86  51  52  0
-20  24  -18  0
-29  37  -4  0
83  58  -70  0
-38  68  -15  0
-88  36  -6  0
-66  50  15  0
-88  73  97  0
-88  26  -38  0
-3  -8  86  0
2  25  -71  0
-40  -96  97  0
26  11  -48  0
33  -78  -13  0
50  -91  6  0
13  62  -79  0
-45  78  60  0
66  30  56  0
10  -58  35  0
81  75  89  0
-53  -87  -10  0
-54  44  75  0
-17  41  -45  0
53  -99  27  0
3  -10  22  0
-26  -15  71  0
-65  -30  -24  0
15  49  92  0
35  -17  -79  0
-35  -49  24  0
36  94  80  0
42  -15  28  0
-51  92  -83  0
76  -14  73  0
19  -85  94  0
-99  -16  -83  0
-93  59  82  0
-48  45  5  0
44  55  -29  0
31  -79  -43  0
3  49  -12  0
25  -30  92  0
-54  -35  -57  0
81  6  67  0
-44  -85  -61  0
59  -21  -24  0
10  -68  -25  0
28  5  39  0
59  80  -93  0
-52  -28  26  0
-68  21  98  0
67  70  -98  0
-26  50  -94  0
78  34  13  0
96  72  100  0
-81  -30  -72  0
-63  -74  -12  0
87  93  -27  0
-51  -63  -61  0
73  63  -95  0
23  -99  65  0
45  5  47  0
-88  -42  -16  0
66  -6  59  0
75  2  58  0
88  62  -61  0
88  -80  100  0
95  -27  -2  0
98  4  -55  0
81  -19  61  0
54  -53  92  0
-3  -95  28  0
-73  -43  11  0
-84  95  8  0
-9  -74  -53  0
-49  7  -46  0
-82  61  -91  0
-74  30  75  0
-25  -96  -46  0
78  92  68  0
-73  77  86  0
33  57  -88  0
-86  97  -59  0
28  30  9  0
-83  -15  -36  0
59  -39  14  0
-57  -36  10  0
93  -75  -76  0
79  -98  -54  0
-68  30  -12  0
67  -62  -92  0
30  -22  -40  0
98  61  53  0
19  -16  -97  0
-16  -17  -83  0
-64  -23  -66  0
11  10  -75  0
-27  -13  22  0
22  72  55  0
-89  35  58  0
-45  96  -42  0
99  63  66  0
59  -64  90  0
55  71  -44  0
-31  -87  72  0
-2  -60  -35  0
-95  -84  19  0
13  -58  -76  0
-18  90  -69  0
-26  -23  58  0
-86  62  85  0
29  40  78  0
93  -16  -22  0
-6  -19  84  0
28  18  58  0
-98  68  56  0
-52  61  -55  0
-71  -36  72  0
92  -76  -61  0
-20  22  89  0
28  -77  -54  0
36  -4  -19  0
100  -72  61  0
-39  -56  -48  0
-43  79  82  0
6  95  34  0
-35  6  -89  0
34  7  -29  0
-74  -59  -6  0
48  -58  -35  0
100  72  12  0
87  14  -93  0
97  -89  20  0
-56  -22  -40  0
55  42  -45  0
-76  -7  66  0
-68  55  -5  0
-98  -23  -27  0
-21  -89  72  0
-64  -12  -66  0
50  -25  -86  0
97  -62  90  0
27  93  13  0
-20  9  97  0
-62  91  -42  0
25  69  49  0
-35  92  -43  0
-37  -53  23  0
-76  16  -53  0
22  49  35  0
99  -77  86  0
-75  8  -100  0
18  34  -81  0
36  53  12  0
12  19  -52  0
-17  -62  -22  0
-61  -33  2  0
67  5  16  0
-62  -48  -64  0
-1  46  -22  0
-65  -22  5  0
11  -35  -40  0
-77  -79  -50  0
-90  -64  -65  0
-23  70  77  0
22  51  -16  0
59  95  -74  0
-100  30  -50  0
4  34  38  0
86  -56  43  0
46  -57  -42  0
-57  -59  -28  0
-96  -77  -16  0
-97  85  -45  0
34  -56  -31  0
1  52  91  0
12  -77  -1  0
-42  26  39  0
-31  37  89  0
88  -23  -19  0
40  15  -64  0
13  48  -88  0
98  54  -81  0
86  65  -49  0
-46  -38  -20  0
84  23  62  0
-26  41  3  0
-92  12  40  0
89  68  93  0
-58  37  -50  0
26  41  32  0
68  43  87  0
58  -64  49  0
24  -56  10  0
-25  78  -55  0
-23  -32  -27  0
-52  -5  -8  0
27  94  -24  0
53  74  -41  0
42  4  75  0
-22  -3  -20  0
21  -56  -42  0
69  -25  44  0
-12  -17  -30  0
25  -2  90  0
-12  85  4  0
58  -40  -63  0
8  -83  87  0
33  63  -36  0
-46  -74  -18  0
19  29  32  0
11  -31  23  0
-64  27  -25  0
76  -77  -23  0
-35  20  87  0
-45  -79  78  0
57  -8  20  0
-77  -91  75  0
-13  -2  -65  0
17  62  -85  0
84  -69  -70  0
-86  -79  -30  0
41  61  -22  0
28  11  36  0
36  3  -19  0
77  -10  -79  0
97  8  -34  0
62  97  -37  0
68  40  -100  0
-20  -43  -73  0
-35  23  -90  0
-52  -53  -63  0
-75  -38  -26  0
41  -2  -13  0
-7  -90  -96  0
-47  68  38  0
70  19  -64  0
-51  8  86  0
37  27  -31  0
-17  -70  -59  0
46  -2  13  0
3  26  -24  0
-88  56  99  0
-13  55  46  0
-70  4  94  0
36  49  97  0
-43  -21  -25  0
-86  59  -76  0
32  -14  48  0
-78  69  39  0
3  19  -25  0
22  -11  -60  0
21  78  -7  0
-26  98  -19  0
61  -75  79  0
-37  -35  -1  0
-81  92  -1  0
