c mkcnf random cnf with seed 44382, max clause length 3
c FORCED SATISFIABLE
c 
p cnf 100  430
-79  100  85  0
-91  57  -34  0
-66  68  -85  0
-71  36  32  0
38  50  -36  0
68  33  -28  0
88  -27  -94  0
-8  22  10  0
-5  -72  47  0
74  -73  -85  0
-96  -61  26  0
-51  -91  39  0
-72  -79  -11  0
88  85  -1  0
-24  -54  8  0
-4  55  56  0
-89  21  30  0
85  -49  73  0
-74  10  45  0
67  66  23  0
84  -41  -44  0
28  -59  -21  0
-89  -16  92  0
74  41  -58  0
52  29  -23  0
21  -93  -23  0
36  67  85  0
31  54  -85  0
-4  86  76  0
57  48  91  0
70  97  24  0
4  27  23  0
-50  72  -80  0
-58  -26  41  0
13  -31  -33  0
-50  65  77  0
48  -86  -3  0
-21  28  19  0
-45  -68  -37  0
38  73  82  0
14  -36  79  0
51  24  90  0
-35  -80  -69  0
93  -21  -66  0
67  -51  27  0
23  87  56  0
7  18  -99  0
-86  -99  -44  0
49  79  29  0
93  86  -50  0
-26  23  7  0
70  -60  -59  0
62  -8  -81  0
92  93  67  0
83  -39  -85  0
-96  -34  -74  0
-57  -42  52  0
-60  -70  -96  0
-89  1  -29  0
45  -96  -44  0
-86  -62  -9  0
38  -14  -52  0
-30  -56  49  0
-57  75  62  0
-99  -22  76  0
81  79  66  0
16  -33  46  0
-78  55  -71  0
-23  -1  80  0
-27  76  93  0
-71  39  86  0
-65  -83  -76  0
-6  56  89  0
-81  -17  -53  0
-5  42  98  0
-95  -94  -8  0
-4  33  -76  0
-67  -15  -39  0
24  59  27  0
5  47  90  0
-4  21  -74  0
35  16  2  0
-32  45  -30  0
37  -40  -4  0
51  44  -32  0
50  -44  -31  0
62  96  -31  0
-96  -40  25  0
50  -30  72  0
-78  -94  -9  0
-53  61  -35  0
28  -83  55  0
-35  60  51  0
-100  -61  -12  0
7  -76  62  0
72  2  -92  0
32  72  36  0
-6  96  15  0
-100  50  90  0
-79  5  -24  0
90  19  32  0
-61  15  -7  0
64  -75  -53  0
50  21  42  0
1  -2  -8  0
48  -23  81  0
44  -35  -42  0
59  -78  -83  0
11  12  -9  0
-50  19  -72  0
100  -7  17  0
-86  -97  -93  0
-49  97  -73  0
-74  -17  29  0
-39  -97  33  0
-55  -58  -15  0
-28  -44  30  0
72  -23  9  0
29  -5  4  0
83  81  -60  0
-83  -22  -80  0
-50  -79  -94  0
-44  -88  41  0
-67  66  14  0
19  81  65  0
-1  84  36  0
94  6  -36  0
63  93  -55  0
-35  -56  -61  0
-38  4  77  0
-92  74  14  0
17  2  34  0
-15  -39  24  0
30  -90  -36  0
-19  -54  32  0
1  -23  12  0
-3  29  -89  0
-85  64  47  0
-26  -72  -65  0
-74  -31  11  0
14  -90  -94  0
84  -71  53  0
50  -44  -28  0
-18  34  26  0
-53  68  3  0
-47  65  21  0
6  73  80  0
-29  -46  -69  0
19  76  75  0
71  -96  3  0
65  12  -48  0
-87  53  6  0
14  66  17  0
-51  9  76  0
96  85  3  0
4  -16  -79  0
-80  -24  -21  0
-8  -22  -65  0
68  -96  -90  0
-87  39  -19  0
72  54  1  0
48  28  95  0
68  -19  92  0
100  5  -14  0
12  54  85  0
31  -5  48  0
25  35  95  0
-70  60  -45  0
-7  -19  -26  0
-78  79  -17  0
-11  16  -47  0
-17  68  -70  0
-68  66  16  0
28  88  -56  0
-35  -32  73  0
-63  20  55  0
-58  -22  100  0
91  -74  67  0
61  -18  91  0
-61  -75  -43  0
100  23  54  0
78  -30  89  0
13  -85  60  0
12  58  -18  0
-50  47  -93  0
64  45  -75  0
-40  67  91  0
6  13  -99  0
59  -29  53  0
35  -24  -94  0
31  62  73  0
-3  -64  52  0
-99  -7  -50  0
-81  77  94  0
29  -73  22  0
-54  40  24  0
32  -53  84  0
96  -56  50  0
46  -14  59  0
-29  89  85  0
100  -37  -34  0
68  -99  7  0
-83  -60  -34  0
48  37  -60  0
-60  -85  50  0
-60  -80  -17  0
11  -5  -58  0
81  39  90  0
47  -80  -94  0
-59  -16  95  0
76  18  -70  0
-50  -63  -70  0
-57  -64  61  0
-77  43  17  0
-49  54  39  0
67  81  27  0
-53  -37  -72  0
-35  92  66  0
49  21  75  0
3  -9  1  0
-20  69  78  0
74  -65  -83  0
-66  38  71  0
-56  83  29  0
48  -62  57  0
13  67  54  0
-13  68  8  0
34  73  -2  0
5  -84  -44  0
-56  -18  33  0
-15  69  -21  0
-61  -17  -21  0
-36  10  92  0
-83  57  -8  0
-93  26  -79  0
38  77  23  0
-75  59  -21  0
-56  -55  13  0
-15  -82  -71  0
67  -28  -41  0
26  -76  -50  0
-34  -19  16  0
-42  92  -70  0
86  68  -63  0
81  -84  39  0
13  -30  -75  0
71  -23  -5  0
53  -7  -15  0
22  -38  26  0
58  -65  71  0
-31  -59  44  0
-98  7  4  0
-10  -31  -26  0
58  69  41  0
3  52  100  0
-17  5  -20  0
53  72  -13  0
-34  -85  -19  0
67  -51  44  0
-21  11  -66  0
-84  -96  23  0
-59  6  -27  0
92  78  -79  0
7  96  -18  0
-44  49  91  0
65  18  12  0
11  -34  -37  0
13  -44  -93  0
83  42  -87  0
92  20  79  0
80  1  22  0
13  -20  -5  0
-10  -69  79  0
93  -14  15  0
53  -27  28  0
52  80  19  0
-53  -67  66  0
47  -86  -13  0
-39  -7  -70  0
81  50  -35  0
20  73  52  0
51  -82  75  0
48  -66  -73  0
-15  -8  94  0
-8  -4  84  0
93  -13  -58  0
-62  64  4  0
-40  5  80  0
2  -61  -72  0
44  -99  -47  0
31  -99  42  0
19  26  -7  0
-83  68  -61  0
28  -51  20  0
-86  -30  -52  0
-19  8  89  0
-8  -54  -68  0
-2  -55  23  0
-61  74  15  0
-57  -61  67  0
86  87  -94  0
-26  -67  64  0
-79  37  92  0
43  15  -23  0
16  -58  -21  0
-21  44  27  0
95  -41  -87  0
99  39  -91  0
-20  -68  -42  0
-75  28  98  0
-97  -4  95  0
-42  -12  60  0
-82  41  -70  0
-88  -25  -87  0
55  62  25  0
6  -86  -2  0
-36  68  -58  0
-53  30  -31  0
47  83  46  0
-75  51  -98  0
87  9  -43  0
-49  13  10  0
65  -94  38  0
-82  72  51  0
-26  -95  -48  0
65  -56  -8  0
89  76  2  0
40  65  41  0
83  -81  -92  0
17  -54  78  0
-20  64  -100  0
49  -37  -62  0
68  -44  97  0
48  -36  -25  0
31  -13  -35  0
-72  -65  -2  0
46  -32  -55  0
99  -43  61  0
49  -88  -56  0
-72  -77  -27  0
31  -4  -60  0
-79  -96  -33  0
57  66  -17  0
64  73  -75  0
92  -30  -33  0
29  -75  -81  0
93  -96  26  0
-87  29  3  0
97  93  -40  0
40  -25  -83  0
-15  63  65  0
-69  -77  23  0
33  86  -29  0
-23  -46  -24  0
-57  -1  -63  0
48  37  -28  0
-10  -27  78  0
34  -51  -53  0
80  -86  27  0
13  -74  83  0
84  -89  9  0
12  -70  -17  0
-6  58  31  0
-86  -51  70  0
81  74  97  0
-50  12  -14  0
-98  -62  56  0
17  -38  -42  0
91  39  11  0
88  16  95  0
92  34  43  0
99  -61  19  0
44  53  38  0
-54  13  -20  0
-69  -19  99  0
20  -65  87  0
-55  69  26  0
43  -75  -8  0
-16  -46  -79  0
76  -24  59  0
82  -51  -49  0
26  53  -76  0
-69  -12  64  0
81  14  44  0
-35  -78  -12  0
6  50  54  0
-42  31  -30  0
62  46  -83  0
-12  -33  49  0
17  75  -70  0
-49  -50  29  0
40  -25  -61  0
-95  50  48  0
67  -94  32  0
-37  48  -100  0
88  47  -15  0
-91  -86  -93  0
-36  -47  -95  0
-16  -21  43  0
-14  -48  -20  0
91  -72  2  0
64  73  33  0
-21  16  38  0
16  41  -30  0
30  -71  -97  0
76  97  -48  0
38  11  92  0
23  -39  -70  0
-20  29  81  0
77  42  -5  0
-67  -39  -43  0
63  -64  6  0
31  62  -43  0
-30  6  49  0
-23  -70  -74  0
-55  -10  17  0
94  37  49  0
53  -100  64  0
-24  8  92  0
-42  19  53  0
85  -87  19  0
-76  -39  95  0
76  -25  -18  0
-88  -52  26  0
-48  -47  80  0
37  59  -71  0
98  -78  94  0
-57  -27  -17  0
78  -17  77  0
-62  -58  89  0
