c mkcnf random cnf with seed 44454, max clause length 3
c FORCED SATISFIABLE
c 
p cnf 100  430
-61  60  -8  0
87  -57  -69  0
-6  70  88  0
-64  -11  73  0
-58  -10  19  0
-74  94  62  0
4  92  30  0
-42  -20  -24  0
97  95  90  0
-58  19  -35  0
77  75  91  0
68  45  19  0
29  74  57  0
-84  -66  -63  0
-93  51  15  0
73  47  -91  0
57  61  67  0
63  94  24  0
-17  -58  -62  0
-61  -35  11  0
90  52  42  0
9  77  -69  0
-92  -94  33  0
60  47  -39  0
-83  92  82  0
82  -41  -5  0
96  -40  28  0
24  -9  71  0
40  72  32  0
87  21  12  0
79  84  -5  0
58  75  -30  0
61  72  46  0
-32  31  -46  0
69  47  -21  0
62  48  -12  0
-17  -70  -54  0
50  -2  -74  0
37  -41  85  0
12  -51  77  0
-89  -30  -73  0
78  8  -71  0
10  -40  76  0
80  81  57  0
-5  78  76  0
42  44  -15  0
-77  8  43  0
-28  16  -48  0
99  -14  -31  0
68  -54  -86  0
44  -24  -93  0
92  13  -20  0
-37  57  -25  0
29  -75  -4  0
-96  -33  -88  0
-95  -23  7  0
-88  -74  -34  0
-15  92  46  0
69  35  9  0
-20  18  93  0
3  -93  -97  0
-56  87  67  0
-24  -57  -12  0
93  -78  85  0
100  -77  68  0
-72  -32  -24  0
-90  -70  56  0
97  18  60  0
55  50  -60  0
-42  18  -91  0
45  -29  -17  0
-55  49  -16  0
-45  -83  89  0
-64  -92  -56  0
-59  -56  95  0
98  16  22  0
39  45  7  0
-75  -33  -77  0
-38  65  -36  0
49  -89  26  0
49  54  -94  0
-62  -67  45  0
64  68  5  0
8  88  54  0
-62  -67  44  0
20  51  63  0
-93  89  -12  0
77  59  82  0
-38  64  -84  0
-29  39  -63  0
10  -17  -23  0
6  -62  -23  0
-22  -98  16  0
85  73  -53  0
55  13  74  0
-56  -34  -43  0
21  -81  37  0
50  25  -91  0
-38  55  100  0
-36  -89  64  0
4  -56  28  0
-50  -81  -60  0
-88  -52  56  0
-52  82  -22  0
-70  14  48  0
4  76  5  0
77  97  100  0
-66  85  -86  0
69  -3  9  0
-40  -4  10  0
-93  -35  -78  0
50  -43  -64  0
-73  -42  2  0
-36  23  95  0
-43  -96  -6  0
-80  11  -54  0
77  21  -97  0
67  -69  -91  0
82  33  81  0
-91  88  -50  0
64  41  50  0
-99  22  71  0
-50  40  14  0
-28  -18  -67  0
-35  66  -25  0
-1  -50  -75  0
-90  -73  -65  0
32  86  -17  0
-8  32  90  0
-35  -4  57  0
94  42  -79  0
44  -68  75  0
-65  28  -17  0
-37  -31  -58  0
48  -13  -12  0
51  66  55  0
85  -48  -18  0
-59  -52  33  0
27  89  -7  0
-97  -89  -37  0
2  16  -7  0
-93  -37  25  0
59  7  42  0
81  32  -62  0
-13  -49  -57  0
-29  -44  -81  0
86  -47  -87  0
-57  71  -22  0
86  -93  -80  0
47  -28  -93  0
23  -12  53  0
62  -79  -52  0
15  41  -87  0
-26  -95  -18  0
9  -41  24  0
-94  -71  59  0
30  -13  28  0
-56  -68  -91  0
-80  -51  -42  0
-99  88  -65  0
6  96  100  0
-80  -12  -76  0
-55  53  20  0
64  23  7  0
43  -61  82  0
63  -16  -18  0
-79  31  -13  0
82  29  31  0
-5  34  -60  0
-21  -25  -35  0
-76  46  -73  0
-54  22  93  0
-32  81  47  0
-86  -76  -25  0
80  -76  31  0
1  24  -49  0
-27  4  66  0
88  40  -89  0
-69  78  -89  0
-29  60  -62  0
95  -53  -87  0
30  70  13  0
84  -35  71  0
30  -23  93  0
72  82  65  0
18  26  7  0
17  -54  96  0
24  2  5  0
75  85  -1  0
-56  -62  -54  0
25  85  -87  0
-72  -46  50  0
-87  1  36  0
-9  -95  32  0
-1  70  75  0
-100  17  48  0
-63  -60  12  0
-31  -29  -52  0
8  25  17  0
83  71  -58  0
-3  -89  -11  0
-80  -3  -31  0
-93  40  -67  0
-100  82  16  0
-62  40  -76  0
42  16  -49  0
-34  36  -83  0
-91  8  -35  0
-55  79  78  0
-78  59  60  0
70  -80  52  0
-33  -65  -47  0
43  25  -72  0
-45  -87  56  0
61  -52  -78  0
-24  12  56  0
13  24  91  0
-29  34  58  0
81  -9  98  0
57  -87  65  0
62  -68  -17  0
-53  -79  93  0
65  -88  33  0
54  -29  -74  0
-44  -100  -7  0
-72  -50  -49  0
55  21  1  0
86  -73  -43  0
76  69  7  0
-38  34  -83  0
-54  -92  -99  0
47  35  -30  0
-42  -87  79  0
81  -89  95  0
-65  -96  55  0
-80  -77  -89  0
-70  56  58  0
-49  95  45  0
58  69  86  0
84  2  -9  0
-14  18  30  0
100  -8  -5  0
-31  61  24  0
-80  -71  -57  0
95  80  -33  0
-84  -97  -57  0
-61  -30  -41  0
-63  5  -35  0
-68  21  34  0
1  61  -48  0
-16  47  -32  0
-43  -86  47  0
43  -52  28  0
-72  38  -88  0
-53  -65  85  0
18  -96  -12  0
99  53  -7  0
-58  -10  -100  0
-81  -65  -39  0
-80  71  100  0
24  -57  67  0
-10  25  62  0
-97  -84  -61  0
-94  41  68  0
-41  4  81  0
71  -45  -65  0
-8  -12  -75  0
-80  73  -71  0
58  14  46  0
87  57  14  0
4  -45  -63  0
56  30  -99  0
68  -48  -18  0
76  64  -99  0
6  -33  -12  0
11  -4  -32  0
24  -69  -35  0
96  -42  -58  0
-66  -16  -80  0
-87  -13  41  0
84  27  -94  0
11  -12  -57  0
-91  56  -64  0
15  -4  75  0
-19  -5  -24  0
62  47  65  0
91  17  46  0
12  -22  33  0
-79  -35  54  0
-37  5  -59  0
83  63  46  0
10  -70  27  0
52  -2  46  0
-75  -66  10  0
-30  -3  -26  0
13  27  28  0
-95  77  -56  0
33  -69  51  0
10  14  64  0
-47  -74  22  0
-38  -46  -79  0
67  -95  31  0
-76  52  27  0
-14  79  31  0
91  -31  90  0
89  79  81  0
-17  15  -26  0
-7  -64  45  0
75  -60  -78  0
-45  40  34  0
78  85  22  0
57  -20  92  0
-1  96  98  0
33  -100  52  0
-61  56  24  0
11  74  -42  0
-42  -77  50  0
58  -24  -82  0
-72  91  -71  0
-81  -57  29  0
21  87  -5  0
-55  80  -32  0
-54  40  88  0
40  -26  -7  0
-67  11  -46  0
21  24  89  0
43  26  63  0
-37  -2  -45  0
25  14  -72  0
15  35  87  0
-22  -28  50  0
48  -14  -43  0
100  14  17  0
99  59  29  0
-99  75  -20  0
67  30  90  0
53  43  -57  0
99  -63  -94  0
48  -7  -66  0
72  -35  -10  0
71  56  -12  0
63  -95  -100  0
5  -95  -40  0
39  -73  44  0
61  -62  89  0
-59  80  -99  0
93  7  -1  0
57  -16  -76  0
75  91  44  0
42  -53  12  0
1  43  -42  0
25  -24  -14  0
63  -21  15  0
-37  -76  -25  0
23  -32  90  0
-32  20  57  0
34  56  51  0
63  -7  -58  0
-46  93  -61  0
59  63  48  0
56  -54  -94  0
-25  57  -72  0
41  37  -40  0
71  -72  -14  0
-20  -15  -22  0
60  -57  -99  0
14  -44  3  0
-54  -46  75  0
-92  -9  -30  0
-45  -70  -90  0
41  68  -6  0
67  -55  -10  0
-63  -89  -57  0
-89  67  42  0
57  -50  -10  0
-85  -21  99  0
78  -33  32  0
-22  73  -90  0
-72  -80  46  0
-29  -9  -35  0
4  21  52  0
17  -6  48  0
58  59  -28  0
-40  -34  90  0
50  -92  16  0
77  22  48  0
89  -39  -43  0
-2  57  62  0
62  -18  54  0
-24  42  -70  0
-73  7  66  0
33  -12  -32  0
-69  1  -25  0
-14  43  3  0
43  40  23  0
69  9  -38  0
66  44  -84  0
51  -100  -12  0
-71  -97  -36  0
-5  -97  -1  0
65  22  3  0
11  -78  40  0
-15  53  -19  0
-12  -31  68  0
99  5  -23  0
80  -37  83  0
-20  3  -61  0
-59  -26  -48  0
81  -98  59  0
-59  -10  -26  0
-94  84  62  0
3  22  -59  0
-84  -64  -55  0
-5  20  83  0
78  13  -10  0
74  13  -21  0
-1  -11  83  0
-57  -51  -22  0
-36  -58  12  0
-69  -76  72  0
18  31  67  0
96  -42  -76  0
-76  -20  61  0
7  63  -33  0
34  -38  12  0
-56  -73  17  0
63  36  93  0
-79  -75  -71  0
44  -30  -43  0
52  -2  33  0
