c mkcnf random cnf with seed 44388, max clause length 3
c FORCED SATISFIABLE
c 
p cnf 100  430
69  72  -20  0
-11  40  15  0
-54  -100  51  0
36  -11  73  0
87  -37  -20  0
89  -30  28  0
26  28  63  0
38  39  84  0
43  32  96  0
-45  -9  -7  0
99  91  -53  0
87  -78  -19  0
7  32  2  0
55  14  37  0
100  37  44  0
12  -3  -6  0
94  -76  -57  0
-64  54  -16  0
9  49  5  0
85  99  -9  0
34  -82  -37  0
8  42  -74  0
39  23  78  0
-74  -45  -79  0
11  70  83  0
2  -44  84  0
26  -100  -91  0
-78  91  -9  0
-9  38  8  0
-54  32  15  0
57  12  -90  0
71  50  -38  0
-13  -4  59  0
8  100  43  0
-74  -21  -23  0
-98  -48  -37  0
-98  -83  94  0
-90  7  9  0
-76  -97  35  0
87  -58  56  0
-62  -46  -74  0
-55  88  24  0
-70  -77  -62  0
-19  -50  -56  0
-87  -22  14  0
-34  73  -43  0
-96  -5  31  0
-52  -6  49  0
-23  -82  41  0
-75  68  53  0
-19  -10  -83  0
-38  33  40  0
-39  -12  31  0
10  2  74  0
17  75  31  0
-84  -22  25  0
-6  69  -57  0
-20  12  -68  0
6  66  -89  0
-73  54  1  0
71  -14  97  0
12  4  27  0
50  -60  14  0
27  -87  -93  0
19  41  -99  0
-12  94  -93  0
-82  77  -8  0
79  -43  64  0
-13  49  84  0
-94  72  -36  0
70  -20  57  0
-38  8  40  0
-21  40  -76  0
61  -7  51  0
-44  27  95  0
-10  -30  -63  0
-99  -58  75  0
58  18  -43  0
-89  -27  94  0
-72  -39  98  0
55  -38  -77  0
32  73  6  0
55  13  -69  0
7  54  57  0
42  16  55  0
57  -27  -44  0
53  8  61  0
4  -27  -39  0
49  69  28  0
-11  -94  50  0
63  93  24  0
43  -33  -77  0
83  -16  3  0
-34  46  -76  0
89  -42  -51  0
87  -58  52  0
-10  32  12  0
52  -7  56  0
-95  42  82  0
29  34  32  0
40  -99  6  0
-85  -47  20  0
-61  91  -55  0
100  -57  -68  0
42  -78  -70  0
79  67  -52  0
-41  -89  91  0
-64  80  -32  0
-22  -10  -91  0
43  72  38  0
-23  -83  37  0
-67  -9  81  0
12  -14  96  0
38  98  -91  0
-28  -100  -65  0
52  57  -66  0
98  21  1  0
-13  73  -14  0
45  39  -53  0
40  -20  -84  0
30  -100  60  0
5  -22  -86  0
17  -62  -94  0
-4  -63  -99  0
-11  75  97  0
-28  44  100  0
-3  56  -72  0
8  -66  -52  0
47  83  -48  0
44  -80  67  0
-54  -62  25  0
66  43  62  0
61  -5  94  0
-84  37  94  0
5  -15  -39  0
-76  -94  3  0
-13  16  -24  0
-34  -28  -52  0
-59  -100  15  0
-35  -8  -53  0
96  -71  81  0
-21  86  -43  0
-83  -21  -56  0
-90  57  -11  0
-28  -74  -46  0
62  -90  49  0
-71  -55  85  0
88  81  -36  0
10  -90  -80  0
87  -68  -34  0
-58  18  -97  0
-13  12  -91  0
64  59  32  0
-5  -35  -78  0
18  -21  -91  0
-92  -12  7  0
-63  -59  86  0
94  -56  90  0
31  28  -66  0
-33  -2  72  0
45  59  20  0
-14  73  -96  0
43  81  6  0
-75  -37  -53  0
-23  -29  -18  0
72  49  -29  0
25  -24  -16  0
1  21  -60  0
-76  22  53  0
22  11  78  0
-62  -100  7  0
37  25  -75  0
-1  49  -44  0
30  -70  36  0
3  -85  31  0
-89  -75  39  0
80  54  -36  0
-89  -61  -29  0
3  22  -73  0
-4  -16  -36  0
-28  19  -20  0
16  -31  50  0
-83  -48  74  0
-87  89  29  0
-79  -25  -71  0
-87  -39  96  0
16  61  1  0
12  33  35  0
47  79  53  0
-41  54  -2  0
-64  73  61  0
8  -36  -13  0
-80  -28  -33  0
-37  28  -87  0
18  21  93  0
20  -50  -82  0
-11  -47  98  0
82  18  -80  0
-83  -37  -34  0
14  -68  86  0
60  94  -90  0
-8  78  33  0
64  -41  70  0
7  30  -100  0
97  -43  77  0
76  -59  -42  0
-83  86  25  0
-26  -63  54  0
49  40  -39  0
-12  -10  13  0
95  73  91  0
75  -19  -60  0
-59  43  71  0
-18  19  63  0
20  61  -42  0
-86  73  -26  0
-54  25  92  0
47  28  -9  0
-3  -4  -37  0
-63  96  -90  0
24  -31  88  0
69  48  -60  0
9  -27  84  0
-6  59  -37  0
32  77  -92  0
-86  61  -38  0
50  -39  35  0
-75  90  11  0
-100  -12  -90  0
55  -48  27  0
-90  17  76  0
77  -18  23  0
-23  41  70  0
9  99  -60  0
66  -76  62  0
-4  -8  44  0
-15  -44  43  0
16  83  -92  0
-52  -98  69  0
91  -12  -27  0
-63  -47  -51  0
65  26  -67  0
-34  75  74  0
-53  -43  75  0
-47  52  -84  0
-6  -14  -11  0
-14  38  32  0
83  -8  -60  0
59  -86  42  0
-22  89  -61  0
-57  -96  -20  0
27  -45  26  0
47  89  44  0
-46  10  18  0
-61  -87  -86  0
37  36  -90  0
-9  100  -11  0
85  99  28  0
-4  -43  -87  0
36  -59  -100  0
17  80  64  0
79  -53  -23  0
-10  -20  68  0
46  15  66  0
43  56  -91  0
35  -63  82  0
-87  -57  -53  0
5  -69  -86  0
-99  80  -59  0
55  -45  59  0
-20  49  67  0
9  -66  56  0
-94  12  -15  0
34  -35  11  0
65  -55  74  0
34  75  83  0
25  -58  -71  0
-43  81  -16  0
-46  69  26  0
63  -2  -47  0
9  55  90  0
-84  1  -22  0
-1  15  -18  0
31  64  68  0
46  79  -57  0
-63  67  93  0
-100  91  -28  0
-33  -30  -1  0
23  -30  -65  0
65  23  2  0
94  -34  -22  0
-36  -55  -1  0
30  55  9  0
-82  -32  -46  0
19  -24  -54  0
-42  -78  89  0
84  -95  93  0
-9  -63  35  0
86  -73  47  0
-1  90  -49  0
-10  58  -64  0
-64  71  -26  0
39  -51  15  0
-58  -4  29  0
-78  -27  18  0
-49  48  2  0
94  -88  -9  0
-71  -50  82  0
-23  47  71  0
8  24  11  0
22  94  12  0
37  -78  -87  0
-63  27  -30  0
-96  -84  -21  0
31  -87  -82  0
52  96  -88  0
-43  -92  -89  0
-14  -76  96  0
-1  -46  91  0
-70  67  -88  0
26  -48  -49  0
74  67  -25  0
41  56  -6  0
-23  83  33  0
-47  38  56  0
-75  -18  89  0
71  -93  -11  0
-29  -22  -45  0
7  56  21  0
-32  -68  59  0
17  18  66  0
-4  90  -20  0
-83  -36  59  0
-55  -64  -16  0
23  57  99  0
55  -47  -11  0
87  78  -58  0
-74  15  -30  0
-78  -96  -47  0
17  60  -34  0
65  -39  -32  0
81  68  -78  0
59  -94  -78  0
-45  82  -52  0
91  -19  100  0
-40  21  7  0
-45  42  98  0
-70  55  -9  0
8  -47  38  0
-43  -29  52  0
-78  -2  84  0
-54  3  90  0
50  -22  92  0
22  -46  -100  0
-94  76  -50  0
-73  61  99  0
83  -54  -15  0
-51  2  -82  0
57  22  20  0
-79  50  -5  0
52  -17  20  0
38  -27  82  0
68  89  -8  0
91  -7  52  0
47  78  -35  0
46  -28  -19  0
10  -42  78  0
98  61  12  0
55  -9  -63  0
70  39  17  0
93  70  26  0
17  36  70  0
14  48  -57  0
95  24  37  0
92  -93  57  0
85  -39  -25  0
-10  -57  93  0
-61  96  67  0
74  46  -22  0
68  89  49  0
-78  46  91  0
79  38  -34  0
-68  -46  33  0
43  -51  -64  0
48  37  39  0
-71  50  40  0
96  16  85  0
-78  -44  -50  0
45  41  85  0
-6  98  -4  0
-53  -23  68  0
13  -2  59  0
18  -52  22  0
-52  -33  66  0
2  24  56  0
-39  -45  20  0
91  96  78  0
-31  -96  67  0
-38  18  97  0
-96  -45  -10  0
76  -48  -61  0
95  -55  40  0
-19  32  -72  0
13  -50  71  0
41  -58  -96  0
-62  -94  -23  0
28  4  94  0
-16  9  23  0
35  -61  -62  0
-98  24  -54  0
49  10  78  0
97  -58  44  0
22  -9  -61  0
77  75  -64  0
23  -94  -70  0
-79  6  -59  0
-59  -18  -15  0
-52  42  -11  0
94  -64  -79  0
62  10  -28  0
96  -75  -62  0
-99  47  54  0
51  93  -78  0
35  -71  44  0
-64  -43  -97  0
46  -3  -80  0
-12  -48  -18  0
61  -55  47  0
13  -49  72  0
48  60  5  0
