c mkcnf random cnf with seed 44427, max clause length 3
c FORCED SATISFIABLE
c 
p cnf 100  430
5  -37  -100  0
89  61  -76  0
-98  54  -1  0
29  -7  92  0
-38  -41  -47  0
-6  -67  -18  0
57  -34  81  0
20  63  -3  0
-75  -3  -77  0
-58  39  -5  0
-55  80  -75  0
100  86  67  0
-22  -59  -87  0
-26  -40  -60  0
-89  -49  5  0
-97  -89  29  0
73  33  -77  0
-33  48  1  0
16  -21  -77  0
59  69  47  0
85  -25  -17  0
-20  46  -97  0
47  30  -85  0
-39  18  -41  0
20  56  -44  0
-22  9  -26  0
56  -84  -81  0
-21  66  -74  0
-18  91  41  0
-50  -86  94  0
30  -12  86  0
-13  33  47  0
-47  -43  -92  0
9  72  27  0
24  75  29  0
-61  68  69  0
-56  -55  46  0
21  95  36  0
66  -28  87  0
81  -23  -13  0
44  29  -87  0
-69  -87  1  0
65  21  70  0
-31  46  95  0
28  -52  36  0
46  -2  17  0
83  -42  -46  0
19  -30  -2  0
69  -59  -90  0
88  -47  -6  0
-85  -99  80  0
-10  -6  -94  0
45  21  -39  0
25  5  57  0
-11  66  23  0
-31  -66  -69  0
-10  98  -83  0
-53  -15  78  0
-51  -79  21  0
-21  -1  -6  0
72  79  -83  0
-43  -65  54  0
60  9  2  0
-58  -37  69  0
30  -55  43  0
-54  2  35  0
33  92  87  0
-91  93  2  0
-89  81  -19  0
34  45  -50  0
21  77  59  0
-10  -65  96  0
87  86  4  0
-50  -87  -2  0
86  93  -17  0
84  3  70  0
42  -89  7  0
-64  -37  39  0
-57  -45  37  0
18  -27  44  0
-40  35  -29  0
-57  70  -76  0
-56  -28  -40  0
-37  20  -81  0
97  -39  -8  0
51  84  28  0
3  -27  73  0
-3  19  -67  0
-89  -60  78  0
43  -9  -61  0
-31  -37  -40  0
-9  33  -40  0
32  24  69  0
-4  -30  79  0
-40  78  86  0
31  -91  12  0
62  -65  81  0
-90  -22  -17  0
-82  -52  28  0
60  83  14  0
38  97  -69  0
22  7  86  0
85  20  83  0
-78  76  25  0
97  18  -20  0
-6  49  -52  0
36  -10  19  0
-52  37  96  0
84  16  -50  0
58  -23  -9  0
-78  -35  -63  0
-52  95  -97  0
-91  65  92  0
-18  24  -27  0
58  45  65  0
-5  21  -70  0
-53  -70  -96  0
-86  -84  -42  0
-77  46  7  0
-99  -84  -9  0
60  -11  -43  0
11  -100  26  0
59  100  97  0
-28  -57  -78  0
-76  -50  -61  0
62  -67  50  0
-94  63  -19  0
9  -75  -57  0
-78  -65  62  0
75  98  57  0
2  94  88  0
-92  -43  31  0
90  -11  -97  0
18  45  67  0
17  68  -63  0
53  -43  65  0
64  -14  74  0
15  -84  18  0
-74  -9  41  0
-33  -45  61  0
76  -64  29  0
22  -81  -5  0
1  80  -49  0
12  -80  -72  0
17  9  46  0
-7  -96  61  0
-34  -20  18  0
6  91  -12  0
-67  43  28  0
39  -47  100  0
94  16  31  0
57  -17  -24  0
-31  71  -20  0
-82  87  -15  0
40  -55  32  0
-15  -5  -52  0
55  30  -75  0
-37  -92  -26  0
-31  92  99  0
51  64  44  0
6  76  54  0
78  -91  -68  0
-61  -100  -60  0
49  -31  -6  0
-93  -58  16  0
-28  -3  65  0
29  -20  -92  0
-88  43  -89  0
-41  -37  -78  0
55  -42  -66  0
-44  -67  38  0
31  11  62  0
95  -20  49  0
18  2  -83  0
6  81  -92  0
20  -12  90  0
-32  46  -2  0
-84  -90  25  0
68  -3  22  0
-68  79  -25  0
-77  -4  -93  0
-93  63  -77  0
19  68  2  0
92  73  -82  0
-5  -8  -63  0
54  42  16  0
24  7  94  0
-37  -33  17  0
5  88  -61  0
-9  19  -89  0
-27  -56  73  0
-12  67  -53  0
-84  -99  70  0
40  8  58  0
14  56  78  0
93  -69  -20  0
-64  11  57  0
-27  98  -33  0
33  -23  -16  0
76  -41  -77  0
68  21  20  0
18  85  79  0
99  95  -91  0
89  7  55  0
84  27  -57  0
-21  -31  32  0
-9  -63  13  0
57  -21  -42  0
-34  -69  59  0
-17  11  -90  0
37  -94  43  0
-42  -24  -22  0
-78  -80  -43  0
67  -97  2  0
68  -65  -89  0
84  -67  -75  0
37  -35  -68  0
56  78  -40  0
-86  -76  39  0
-92  -50  -95  0
-54  -13  -2  0
17  -24  -39  0
95  -78  29  0
-84  88  66  0
88  92  -74  0
87  -64  -96  0
42  -62  -20  0
73  63  42  0
44  -35  41  0
15  -70  -13  0
75  -1  83  0
98  -35  86  0
89  17  67  0
-78  -49  -20  0
-90  -60  -41  0
-83  -1  -79  0
-36  25  -9  0
-30  -49  -3  0
53  25  -66  0
96  -42  92  0
-25  -14  28  0
34  10  21  0
-29  -60  78  0
-33  37  94  0
30  4  -96  0
77  48  40  0
96  17  -91  0
-80  -35  46  0
-62  -14  -43  0
-16  -95  -22  0
78  95  -65  0
7  28  75  0
36  55  -5  0
76  99  69  0
87  7  -89  0
-41  -78  -15  0
99  29  42  0
-70  -97  -32  0
3  44  -77  0
4  14  -98  0
92  -86  47  0
-56  -81  -49  0
-7  -42  -57  0
-36  -92  -77  0
48  -87  22  0
-35  71  25  0
42  -89  -88  0
-21  12  -79  0
-16  -50  -81  0
-99  -60  -5  0
81  -86  -62  0
49  23  57  0
2  81  45  0
27  -72  -51  0
-84  -42  -69  0
7  -28  54  0
82  53  19  0
21  90  -88  0
63  48  17  0
20  3  85  0
65  -48  63  0
35  -76  -36  0
83  50  -99  0
31  -95  -33  0
5  -62  -10  0
65  17  41  0
-52  22  -77  0
-19  72  55  0
-93  -90  -94  0
-83  14  37  0
-15  -31  14  0
-82  -100  -6  0
10  -92  61  0
-38  -96  58  0
86  68  -39  0
-46  91  -32  0
43  63  -2  0
-33  -54  -72  0
31  -1  -10  0
81  90  -38  0
-80  39  -14  0
-51  -76  35  0
-90  48  94  0
3  -74  -94  0
31  -26  -88  0
-39  58  -40  0
76  -18  -26  0
-66  7  58  0
66  -56  -54  0
66  54  70  0
-6  -73  81  0
27  -15  68  0
-64  -15  36  0
-59  -39  -36  0
-64  -57  -32  0
-88  85  -89  0
-97  60  -16  0
-89  14  19  0
53  8  -43  0
83  67  -57  0
-10  56  -6  0
63  -78  6  0
33  -1  64  0
-25  -54  98  0
-52  97  40  0
-8  -55  92  0
-19  35  -31  0
27  -60  89  0
-83  -19  -87  0
79  90  3  0
-97  53  -79  0
94  59  97  0
-81  41  59  0
77  76  -56  0
24  -61  -52  0
11  -90  80  0
-4  -21  -17  0
71  -4  97  0
-47  100  27  0
-47  -7  88  0
8  -67  -52  0
-36  -58  81  0
84  -10  -38  0
-15  -90  -17  0
-84  24  -74  0
-37  33  39  0
22  -70  38  0
-76  28  -45  0
-59  -60  30  0
36  75  65  0
85  50  -18  0
82  4  74  0
-61  50  -35  0
31  -48  -62  0
-83  -49  61  0
67  -28  18  0
89  -21  -72  0
-16  23  38  0
73  14  60  0
-97  -86  -21  0
-31  76  -32  0
15  -4  -68  0
-38  -84  -3  0
-3  75  -8  0
-6  -59  48  0
-3  99  39  0
-70  33  -77  0
61  13  41  0
-83  44  -73  0
52  30  -63  0
22  -25  64  0
100  -30  -48  0
-36  61  -1  0
78  56  -67  0
-16  28  91  0
-27  20  21  0
49  54  -18  0
-90  89  -7  0
48  -47  83  0
-48  -80  70  0
93  -22  72  0
32  58  -97  0
-5  -4  -37  0
7  22  25  0
-41  -59  -81  0
-49  -32  48  0
-92  89  49  0
-52  -10  -71  0
-5  97  22  0
93  97  -68  0
84  31  -82  0
-63  -21  -73  0
-54  -73  -61  0
6  -40  -61  0
13  -53  -33  0
21  78  -68  0
-56  27  85  0
91  -33  -4  0
-67  -51  -98  0
-30  52  36  0
57  -100  80  0
-30  -55  39  0
12  86  -2  0
-29  15  31  0
-61  56  68  0
-93  33  -96  0
70  -29  68  0
-22  72  89  0
-40  -8  -41  0
-67  -58  8  0
-68  -44  56  0
61  -87  56  0
68  -40  -45  0
11  47  -96  0
5  40  -96  0
-2  74  -35  0
23  -5  80  0
-80  -3  -36  0
-68  -57  -97  0
67  91  61  0
5  91  -22  0
75  -53  -72  0
-87  23  -27  0
-57  38  50  0
68  89  -91  0
-53  82  94  0
-4  58  64  0
11  7  12  0
-39  -80  -93  0
-79  29  2  0
