c mkcnf random cnf with seed 44398, max clause length 3
c FORCED SATISFIABLE
c 
p cnf 100  430
19  -25  79  0
47  63  -93  0
-92  25  -63  0
-48  40  -96  0
-79  98  -68  0
22  79  50  0
-15  33  -38  0
40  86  -74  0
74  6  -52  0
68  48  -7  0
17  83  -68  0
31  40  41  0
-13  40  -4  0
50  -4  22  0
59  43  -17  0
35  -55  88  0
7  -20  -81  0
100  15  29  0
-70  -41  -65  0
31  54  6  0
77  28  17  0
-74  -29  -95  0
-69  53  76  0
-94  -32  -57  0
89  49  87  0
-87  29  -54  0
-14  -2  92  0
38  -69  70  0
99  33  59  0
-19  51  76  0
-56  -55  26  0
-60  -96  -27  0
-19  72  -81  0
97  -54  -66  0
22  27  79  0
-81  -78  -29  0
-47  81  29  0
-58  14  -43  0
-9  88  37  0
-53  10  -70  0
88  39  -33  0
11  33  -41  0
-64  67  8  0
62  -25  -87  0
70  37  86  0
-64  -93  55  0
-77  16  -80  0
6  65  -97  0
95  -58  79  0
-70  43  -1  0
-7  -20  70  0
64  -89  81  0
-88  80  5  0
100  -98  -44  0
56  57  6  0
23  67  95  0
-58  -31  87  0
-45  65  42  0
-57  -3  -77  0
-84  -5  -82  0
90  81  87  0
-89  -96  -98  0
39  -77  78  0
-99  -100  -44  0
15  -90  59  0
91  20  63  0
-64  82  -50  0
35  -8  -60  0
-46  44  42  0
-19  -25  -79  0
-28  32  -95  0
39  -43  -94  0
40  -76  -99  0
93  22  -42  0
75  -52  36  0
38  -92  48  0
75  -71  -41  0
38  -61  21  0
33  -13  -15  0
-7  50  -13  0
38  52  68  0
55  -99  58  0
-45  68  86  0
-10  -21  -75  0
-87  -17  -31  0
-72  -61  -45  0
-68  86  93  0
34  96  46  0
-61  31  -25  0
84  75  -27  0
59  40  57  0
-17  -98  56  0
-70  21  27  0
-64  -32  -90  0
59  13  -56  0
41  -99  -56  0
81  -64  -14  0
25  22  20  0
60  23  82  0
57  -56  21  0
96  4  74  0
-62  -20  98  0
-47  -67  99  0
40  87  -41  0
-61  82  18  0
-100  -87  -26  0
-35  -26  -9  0
-36  -10  64  0
-81  43  6  0
-77  -58  89  0
4  -28  74  0
7  -39  77  0
57  18  -100  0
-62  30  -14  0
-50  95  91  0
-94  -2  -47  0
-63  86  -90  0
-69  71  -92  0
-6  8  -56  0
-27  52  60  0
59  93  79  0
-90  98  -67  0
-23  -31  88  0
-100  -61  -6  0
-88  -20  -76  0
56  48  -65  0
1  -100  -99  0
-19  79  64  0
8  -48  31  0
75  42  48  0
-26  28  -21  0
1  -52  -80  0
-38  33  -25  0
-10  72  87  0
78  86  84  0
65  -64  -13  0
-7  10  24  0
-68  76  30  0
46  -11  -7  0
54  -47  -45  0
42  10  -2  0
87  41  -29  0
-36  -47  72  0
-41  -70  92  0
40  29  54  0
63  -83  -19  0
44  85  60  0
78  62  -82  0
-49  -62  68  0
-38  -26  10  0
60  -48  -46  0
25  -30  27  0
72  22  56  0
10  44  66  0
73  88  5  0
67  15  23  0
63  -50  -72  0
82  81  27  0
100  -54  86  0
-10  90  58  0
-100  -9  28  0
-64  -12  -91  0
-88  -46  -10  0
56  -21  -88  0
16  -47  -64  0
66  -7  77  0
45  13  -58  0
48  -69  78  0
5  15  -50  0
67  -54  1  0
83  -4  61  0
-73  -85  30  0
60  -16  -81  0
19  70  -74  0
-52  -21  48  0
3  64  86  0
14  11  46  0
36  21  -75  0
84  16  -76  0
-36  77  -98  0
43  -68  -11  0
77  68  26  0
-49  -5  62  0
-48  12  5  0
11  60  -75  0
-99  -83  64  0
28  9  51  0
31  -35  94  0
-9  -2  46  0
39  28  -59  0
45  -44  5  0
-20  26  -42  0
47  70  50  0
38  35  39  0
52  97  16  0
87  53  -73  0
7  90  -81  0
-71  -89  -64  0
-52  74  61  0
-65  5  -96  0
73  31  -12  0
44  97  -7  0
-75  -3  -94  0
-86  -17  95  0
-52  1  -31  0
-96  91  -32  0
42  1  -8  0
-24  -32  -73  0
-52  27  -89  0
64  -45  4  0
54  -99  -16  0
13  -42  94  0
89  -74  -34  0
-89  -11  18  0
10  74  63  0
-88  -54  -68  0
1  88  -82  0
-65  38  -46  0
72  5  31  0
-81  63  6  0
60  51  41  0
-57  -19  70  0
46  26  76  0
-55  -38  -89  0
9  -37  28  0
-80  9  -29  0
79  78  -5  0
-44  14  72  0
6  -12  -11  0
-100  41  63  0
-15  -44  48  0
63  -16  67  0
17  57  -33  0
36  35  -2  0
97  -43  -79  0
17  15  -98  0
60  18  -84  0
-47  39  60  0
62  16  -71  0
-36  90  87  0
-29  80  -52  0
28  -83  -7  0
11  10  34  0
91  89  48  0
71  -95  -11  0
-90  79  -35  0
-93  14  19  0
-29  -66  -35  0
-48  10  79  0
10  22  8  0
-98  -12  -24  0
1  -88  70  0
82  10  -49  0
19  63  -89  0
-14  -95  25  0
-53  15  -18  0
79  -99  -80  0
-29  -22  8  0
55  96  -33  0
93  -6  26  0
-8  82  -43  0
58  32  -82  0
-54  37  -78  0
-30  66  69  0
-28  -56  41  0
27  -29  -73  0
95  -10  -34  0
31  81  -62  0
5  -59  -63  0
-19  94  48  0
-9  23  80  0
6  -79  -38  0
98  63  64  0
-87  20  32  0
48  -93  8  0
24  1  -84  0
87  -59  99  0
90  -7  16  0
-22  97  59  0
87  -82  -8  0
43  -71  12  0
-2  -17  -48  0
41  49  39  0
15  -74  -14  0
15  79  -73  0
-78  91  -57  0
42  66  44  0
-3  11  92  0
-97  16  27  0
88  84  37  0
-76  95  -10  0
5  -61  -56  0
34  -1  63  0
-37  73  22  0
10  -14  12  0
-56  34  -25  0
95  20  47  0
-79  95  -64  0
34  66  -5  0
-94  92  11  0
35  64  51  0
-59  58  17  0
58  -24  -18  0
37  46  82  0
-66  80  78  0
-47  58  84  0
10  -11  78  0
38  1  58  0
-3  -4  2  0
-21  -19  88  0
-46  58  -62  0
-24  46  -80  0
81  -53  48  0
-88  -86  -73  0
1  17  -85  0
46  14  -72  0
93  87  -14  0
-19  -61  -47  0
-63  3  -4  0
-69  -28  63  0
29  -60  83  0
72  56  3  0
-40  -9  -29  0
48  -91  -10  0
99  -12  -81  0
66  -35  5  0
73  8  12  0
21  94  96  0
69  -40  -17  0
11  46  -9  0
-34  -68  23  0
-70  81  -59  0
-28  -91  -20  0
36  -18  -86  0
51  -88  -92  0
-41  53  73  0
61  -97  -56  0
40  36  -29  0
12  -99  -22  0
-27  49  -99  0
-38  -93  83  0
98  75  24  0
65  85  77  0
-60  -46  -8  0
3  -50  -44  0
98  35  -92  0
31  45  80  0
-14  -81  77  0
28  -10  95  0
28  -27  -93  0
13  -49  26  0
-51  98  29  0
-76  -72  -26  0
3  -41  83  0
99  90  100  0
-37  52  38  0
-94  20  87  0
69  -84  64  0
40  55  -60  0
73  -65  -29  0
96  -3  93  0
-65  68  67  0
32  -84  -45  0
-24  43  -26  0
65  -19  27  0
44  4  -55  0
31  78  -39  0
-66  37  95  0
17  14  -96  0
-97  -35  -40  0
-87  21  -54  0
96  52  25  0
-55  -91  21  0
98  -86  64  0
5  31  -94  0
-66  43  41  0
-70  -21  56  0
12  -53  49  0
-59  43  83  0
32  77  -21  0
34  -6  65  0
27  72  41  0
-24  -84  -51  0
-80  -31  45  0
27  -43  -56  0
-12  20  63  0
-17  89  28  0
14  11  86  0
-80  78  21  0
-16  -33  -5  0
-16  99  -31  0
-53  -1  48  0
-49  4  -51  0
-68  -42  45  0
71  2  -17  0
15  1  -85  0
-47  -64  -26  0
-100  34  41  0
-66  14  94  0
60  -27  -71  0
15  42  100  0
-97  47  70  0
-91  -37  -64  0
78  52  -83  0
-13  -8  63  0
9  -62  -82  0
7  14  74  0
-88  65  -84  0
-8  -69  27  0
-89  15  -21  0
-89  -25  -48  0
-66  12  67  0
57  56  49  0
9  -85  -19  0
-61  -22  3  0
-48  -9  -27  0
100  -14  -56  0
-44  84  57  0
-35  67  -36  0
-1  -32  -61  0
25  96  -86  0
9  12  -50  0
-20  -70  27  0
-34  -51  17  0
28  84  -75  0
55  11  -29  0
77  10  -95  0
-17  -15  7  0
-48  -22  55  0
94  27  -97  0
