c mkcnf random cnf with seed 44432, max clause length 3
c FORCED SATISFIABLE
c 
p cnf 100  430
-30  64  -79  0
-45  -37  -75  0
36  67  -70  0
100  90  5  0
-35  62  5  0
-78  34  10  0
-76  24  -32  0
2  -90  -24  0
-53  74  -7  0
-87  76  -51  0
-57  -70  -13  0
-52  77  74  0
-33  38  71  0
-76  19  -8  0
-8  -17  -48  0
71  32  -31  0
-36  79  -74  0
-67  48  -90  0
62  -44  -70  0
3  66  99  0
-25  43  16  0
65  8  -34  0
1  -53  2  0
52  -75  -84  0
-84  -23  58  0
-69  -56  99  0
-91  -57  71  0
-36  -45  22  0
-30  -28  -73  0
17  76  -7  0
4  -56  -12  0
77  82  -47  0
76  71  -46  0
-57  21  -29  0
56  -25  12  0
22  -73  4  0
-41  -13  11  0
72  -100  -16  0
-90  32  -82  0
94  41  -51  0
-56  -49  93  0
68  -63  31  0
5  -64  -73  0
-4  -73  -27  0
-37  100  16  0
74  -42  -30  0
-62  -99  -36  0
62  100  -38  0
95  73  69  0
81  39  69  0
-6  -83  76  0
-34  78  22  0
37  -82  58  0
-75  -85  -70  0
70  22  29  0
-9  -54  98  0
16  20  25  0
32  -82  61  0
-61  56  15  0
-67  -65  -49  0
14  -97  83  0
-6  100  -65  0
-63  -90  -24  0
40  -47  73  0
56  -93  -29  0
88  -39  47  0
-89  98  61  0
-45  -68  87  0
47  -26  61  0
-63  -31  -59  0
-43  -24  -83  0
73  -46  -48  0
75  -17  -57  0
81  -58  65  0
35  -20  13  0
7  19  33  0
61  -66  -80  0
-4  -69  -17  0
-82  -21  -95  0
5  -67  -90  0
-62  -95  -72  0
73  -59  17  0
-23  13  -92  0
-78  50  -74  0
44  42  51  0
52  -40  -13  0
100  27  -63  0
-12  7  76  0
54  -48  -18  0
-17  36  44  0
-78  -94  -93  0
-76  -7  47  0
94  34  15  0
-69  56  -50  0
42  -9  30  0
65  44  -18  0
86  22  -31  0
-57  -76  -70  0
14  69  74  0
30  -52  -45  0
-90  -70  87  0
-37  -82  54  0
-48  7  56  0
-9  63  -44  0
74  -46  30  0
-27  55  -50  0
48  -50  -79  0
-44  -15  -22  0
-71  -4  -95  0
5  -76  71  0
-48  -89  -43  0
-99  -27  -78  0
-65  87  49  0
46  -43  -8  0
-70  -95  -61  0
72  71  -16  0
79  -61  -90  0
23  32  -26  0
12  32  72  0
17  52  -82  0
-17  -62  -34  0
-26  -14  -85  0
-71  39  -52  0
41  50  -86  0
32  -38  21  0
66  -100  -60  0
-40  5  -42  0
73  32  80  0
29  80  8  0
-56  -82  75  0
21  12  71  0
24  20  -96  0
-7  -5  -88  0
-66  41  73  0
-29  83  76  0
39  -55  -64  0
-31  -7  57  0
-24  -34  -17  0
72  -41  4  0
-16  13  98  0
-73  -36  20  0
-59  -11  50  0
-69  -79  -72  0
-20  73  -78  0
42  44  39  0
9  63  -83  0
2  48  29  0
-93  78  65  0
16  -83  -45  0
51  -10  -31  0
98  -44  -53  0
-18  61  69  0
-60  -56  82  0
-84  2  -65  0
-72  -17  -45  0
-65  -90  53  0
2  -76  91  0
100  82  25  0
43  -7  22  0
-81  61  14  0
33  -16  -60  0
25  54  -75  0
98  -85  -72  0
97  16  -5  0
-27  -70  -66  0
-85  -43  -73  0
80  54  22  0
3  -26  94  0
94  -85  90  0
-63  86  -36  0
-56  -1  -54  0
39  -75  89  0
62  -31  80  0
-38  -97  44  0
-53  88  65  0
7  74  38  0
-68  -8  21  0
-45  52  92  0
-46  -68  -22  0
-85  -62  91  0
-25  96  2  0
96  -87  21  0
-35  47  41  0
40  20  -97  0
-73  87  -94  0
-30  65  -80  0
-60  -65  53  0
50  -74  19  0
-82  25  -6  0
-49  -27  -22  0
-35  21  97  0
-10  -100  -7  0
1  40  -38  0
37  30  14  0
1  54  23  0
-44  -31  6  0
-8  -71  -54  0
26  -79  -57  0
-91  45  -48  0
52  -93  19  0
77  21  28  0
77  14  -89  0
46  -72  58  0
-71  29  -35  0
68  57  29  0
-74  53  96  0
-68  -89  -91  0
-62  -32  35  0
-96  -15  74  0
-22  28  63  0
66  81  45  0
-28  3  51  0
73  -83  31  0
86  -71  -26  0
-78  63  55  0
-37  -4  84  0
-89  -95  27  0
20  28  -81  0
-99  21  -36  0
-90  50  68  0
97  -8  -31  0
66  -29  -49  0
-65  72  10  0
98  -65  83  0
73  10  84  0
-56  -72  89  0
28  -32  -71  0
78  34  -56  0
98  -45  -37  0
36  -47  21  0
-29  86  11  0
-46  99  -80  0
-91  -31  -16  0
76  66  59  0
29  7  34  0
-16  -19  21  0
30  -47  -41  0
87  68  -3  0
52  -30  -4  0
32  -19  53  0
70  46  -82  0
-77  92  -16  0
89  64  -8  0
-93  32  -30  0
46  22  52  0
-88  -30  19  0
-42  81  70  0
-64  27  69  0
63  31  42  0
-30  -67  84  0
5  -89  -49  0
44  25  81  0
-17  69  -36  0
-28  -85  88  0
-97  3  80  0
59  29  17  0
33  59  -31  0
-86  -75  -91  0
-33  65  99  0
5  34  -1  0
-91  -23  87  0
40  100  84  0
22  -86  25  0
36  26  -7  0
-66  65  2  0
-6  -55  16  0
-31  -30  64  0
98  -64  13  0
-66  52  7  0
82  -54  77  0
56  -3  -100  0
72  -7  -60  0
87  -9  -20  0
36  -84  29  0
67  -25  6  0
18  -29  -32  0
70  92  33  0
49  -35  72  0
-57  43  -86  0
96  -33  5  0
-84  -65  41  0
67  56  11  0
87  -47  88  0
86  -100  66  0
62  -42  -65  0
-25  -34  64  0
-91  -69  74  0
63  91  -96  0
-57  -83  9  0
-92  39  57  0
-82  -97  7  0
-54  93  -8  0
-13  -40  -1  0
-76  31  53  0
-77  -22  31  0
-87  -26  -79  0
4  84  -1  0
5  58  2  0
-72  64  -18  0
-17  -89  83  0
80  -69  68  0
43  92  -57  0
-77  -79  -64  0
-65  35  -28  0
-9  -96  87  0
-86  -62  -42  0
-85  58  -4  0
-27  -83  -67  0
-38  -13  -85  0
-5  54  27  0
-93  -38  -89  0
-56  -39  40  0
48  94  -61  0
-64  2  59  0
-86  74  -56  0
97  -12  50  0
5  -92  -90  0
-24  83  100  0
-30  91  -50  0
80  44  91  0
2  -41  52  0
-91  83  -48  0
-35  80  -11  0
-60  41  -42  0
-37  -30  70  0
-7  -9  -59  0
-65  -5  -86  0
19  66  8  0
-76  86  -34  0
-97  50  -51  0
-8  -68  -85  0
-21  -46  69  0
96  70  37  0
67  2  29  0
70  -37  93  0
-85  99  -33  0
-51  8  42  0
-22  -36  55  0
7  -32  -3  0
24  -63  18  0
-31  1  83  0
-47  20  35  0
37  -11  -72  0
-30  17  -55  0
-40  -21  -59  0
-14  -28  -85  0
79  66  17  0
85  38  11  0
-1  79  -34  0
-10  -75  -1  0
46  67  95  0
-44  39  -57  0
-81  35  -43  0
-13  -66  -85  0
-76  -82  85  0
-13  -60  54  0
-22  17  -6  0
-56  -36  -27  0
43  14  -97  0
-60  54  84  0
-80  57  84  0
98  43  42  0
65  57  -66  0
78  1  -91  0
18  70  1  0
-26  73  -65  0
71  18  -91  0
-9  -86  21  0
-74  -47  16  0
-71  1  83  0
-42  57  -87  0
43  -11  -9  0
-70  7  82  0
-70  -35  -58  0
61  45  -43  0
99  82  -56  0
4  87  -31  0
32  16  52  0
90  -54  -76  0
33  -84  -50  0
-62  -33  57  0
-20  96  -51  0
69  -50  81  0
-74  -19  -88  0
-10  25  -4  0
9  25  7  0
-12  13  -96  0
23  -92  -4  0
-29  21  38  0
63  2  85  0
-10  -32  -84  0
-97  -63  -53  0
17  3  7  0
-69  54  -91  0
-70  -15  -45  0
-46  -69  63  0
-58  77  -30  0
-65  59  -5  0
21  80  84  0
-49  -41  -61  0
-76  83  -28  0
99  87  -7  0
-5  -91  33  0
92  -77  -91  0
-38  -100  35  0
92  69  -62  0
75  -81  3  0
53  -49  -37  0
-35  92  -60  0
-93  -22  -64  0
97  -11  27  0
-12  -27  93  0
-71  -75  10  0
88  72  -19  0
-8  -74  -61  0
-20  -27  13  0
4  -2  64  0
-85  36  79  0
-28  -16  46  0
-72  -12  99  0
-23  -59  -37  0
23  79  -83  0
26  -77  -13  0
47  61  -35  0
-73  -10  40  0
-58  9  84  0
57  98  -50  0
-35  91  -4  0
-8  31  47  0
26  -23  30  0
