c mkcnf random cnf with seed 44465, max clause length 3
c FORCED SATISFIABLE
c 
p cnf 100  430
76  57  23  0
-21  96  -6  0
63  77  -37  0
86  71  44  0
43  25  -69  0
-46  -2  -91  0
-20  27  -70  0
-70  -42  18  0
40  -11  96  0
-88  -31  11  0
-72  28  -77  0
-6  -98  -1  0
14  -81  -95  0
92  17  70  0
72  64  85  0
-91  -68  1  0
-27  -51  24  0
42  -74  -52  0
48  43  -95  0
91  -70  67  0
12  -46  93  0
-15  -85  -99  0
-57  43  -8  0
-22  -4  -38  0
-58  -62  60  0
82  -43  -38  0
-55  -51  16  0
45  82  -33  0
25  -5  54  0
-100  -45  -93  0
5  48  -24  0
83  -11  84  0
-84  61  18  0
10  40  -68  0
-10  14  44  0
-48  -47  97  0
55  98  -77  0
60  7  -28  0
59  47  -45  0
98  -71  90  0
3  -56  20  0
82  -56  58  0
18  -34  -58  0
30  -70  -77  0
88  -16  63  0
-98  19  35  0
59  43  84  0
-66  56  -94  0
87  -45  29  0
26  75  -40  0
16  27  -90  0
-17  100  -56  0
-77  12  -47  0
-65  50  93  0
93  24  50  0
-71  -83  5  0
74  63  -10  0
-38  -87  85  0
22  -28  40  0
-4  44  -28  0
37  -71  15  0
-96  -26  -90  0
54  -56  85  0
-62  52  -26  0
-63  -51  99  0
52  -97  -70  0
10  7  -24  0
42  84  -38  0
-98  -35  -45  0
-50  13  30  0
22  16  38  0
-12  -21  -100  0
-56  -41  -76  0
-20  25  -50  0
89  92  -77  0
-30  77  97  0
-20  73  -5  0
-52  76  -40  0
-41  75  56  0
26  -18  -24  0
82  1  -44  0
-65  40  -41  0
10  87  -58  0
85  -49  -81  0
74  47  -90  0
-2  94  29  0
19  32  9  0
47  -9  -28  0
29  -96  4  0
-38  40  -31  0
-3  93  94  0
-69  89  -54  0
-31  72  -34  0
-87  51  46  0
-81  -76  48  0
55  -54  -98  0
-26  -97  -63  0
100  71  -61  0
40  76  80  0
96  -64  90  0
63  74  -7  0
60  40  -42  0
-84  67  -31  0
96  85  33  0
14  -94  4  0
85  -42  46  0
67  15  -45  0
86  8  30  0
68  -72  -13  0
-53  63  29  0
-99  31  -84  0
28  65  26  0
-38  -60  80  0
-45  -99  56  0
-28  5  -47  0
-55  -2  93  0
95  -72  50  0
44  48  -98  0
-13  49  29  0
-63  30  -31  0
94  58  -33  0
75  18  59  0
67  -14  43  0
85  62  78  0
26  -22  30  0
-22  -55  -33  0
-85  -41  62  0
94  -84  28  0
71  6  -95  0
-64  78  65  0
96  26  -61  0
-70  -17  71  0
61  -68  -80  0
-59  39  2  0
-1  83  85  0
63  8  -70  0
18  -9  -15  0
13  -57  -41  0
63  100  72  0
-80  -40  -94  0
-64  6  60  0
16  -65  91  0
-3  -43  -27  0
93  -55  87  0
-74  -85  -97  0
-9  16  64  0
39  93  -16  0
-8  -66  -87  0
31  -48  50  0
-13  -8  60  0
-74  92  23  0
78  -71  -51  0
-14  -93  26  0
66  17  48  0
60  56  55  0
-28  -5  -38  0
-16  -63  25  0
2  75  3  0
50  55  62  0
97  60  -52  0
-66  -65  -99  0
-86  -68  13  0
100  57  -61  0
-7  -11  83  0
-27  42  -31  0
-38  1  -42  0
-83  48  -99  0
-22  -13  20  0
-43  63  1  0
-76  -57  5  0
3  -92  -47  0
-63  61  44  0
64  75  71  0
23  -90  51  0
32  25  -1  0
-84  18  67  0
-10  -69  66  0
89  -15  -91  0
43  86  -61  0
-50  -54  -13  0
-95  -65  71  0
-49  6  -70  0
-19  -98  73  0
-45  77  -60  0
-71  -6  36  0
-21  -65  93  0
-90  -97  9  0
-70  -72  -75  0
-90  23  -42  0
65  80  24  0
9  74  -65  0
73  66  -70  0
-26  61  7  0
-85  82  -77  0
-13  98  59  0
21  -10  44  0
-12  -82  23  0
-26  -35  -41  0
-15  -47  -71  0
-96  92  85  0
-10  27  61  0
-27  -52  -49  0
39  -99  30  0
-12  96  -30  0
68  -67  71  0
-27  -44  -8  0
-15  42  34  0
-25  -66  89  0
51  20  -66  0
68  36  -1  0
34  -29  -97  0
37  28  72  0
70  -53  71  0
-14  -67  -87  0
-70  -84  46  0
-27  -4  -17  0
-64  5  46  0
76  58  78  0
39  -15  86  0
94  -78  -95  0
79  34  -73  0
36  99  -49  0
-16  74  8  0
-71  -10  -3  0
-5  -23  29  0
44  -71  63  0
45  86  -94  0
36  11  2  0
-14  -48  23  0
-33  -23  36  0
-63  4  -18  0
72  -82  -49  0
-96  47  82  0
62  19  59  0
80  -34  92  0
60  -5  7  0
-9  50  -6  0
62  -73  -53  0
90  -25  -75  0
54  34  -45  0
-88  -53  -86  0
19  -31  -34  0
-8  70  -91  0
61  70  8  0
100  -32  60  0
-87  32  4  0
31  62  15  0
63  -12  -70  0
90  87  -67  0
-54  2  -8  0
-21  19  -56  0
55  4  -17  0
-18  -39  -61  0
72  61  49  0
-8  -66  -70  0
-82  89  76  0
64  -20  -98  0
-84  -91  5  0
72  -36  -15  0
80  64  -32  0
11  -7  16  0
45  -6  -15  0
7  -19  93  0
88  -39  12  0
19  23  44  0
23  80  20  0
78  -32  -62  0
-77  -48  -78  0
-26  -86  -87  0
39  -73  -24  0
-18  -86  80  0
35  51  94  0
29  -65  -4  0
-77  -98  70  0
-83  -88  -82  0
-54  72  2  0
-74  86  71  0
-84  -21  47  0
-84  -60  -89  0
-24  14  23  0
53  94  13  0
49  -3  -39  0
38  -52  33  0
-60  -98  -35  0
86  -37  -53  0
-38  72  35  0
39  69  -24  0
-69  20  49  0
85  47  -68  0
55  -40  -78  0
46  -12  -16  0
-19  4  -37  0
69  -87  -13  0
79  -28  -72  0
1  86  -77  0
79  -64  -91  0
37  85  -7  0
-47  -60  -59  0
-85  49  -93  0
-54  -15  61  0
-65  25  17  0
49  -87  -88  0
-44  -11  -28  0
52  59  4  0
68  -9  -7  0
45  94  -57  0
-82  -8  -97  0
61  -67  -79  0
-35  -49  -16  0
96  -86  -43  0
94  92  -75  0
-30  49  71  0
48  74  -93  0
-12  43  -16  0
15  56  13  0
-86  20  42  0
-45  -58  -92  0
-69  -99  -73  0
43  -96  15  0
-100  38  89  0
-22  -76  49  0
99  67  82  0
-86  -80  -9  0
74  -94  -35  0
-84  41  -88  0
57  92  -40  0
-99  17  91  0
-96  -47  62  0
43  -41  -14  0
57  -63  85  0
-52  79  65  0
39  71  32  0
-50  -91  -60  0
-31  8  65  0
18  65  -97  0
-34  -3  -15  0
-53  -80  -72  0
-72  -19  -6  0
-69  22  -28  0
-87  89  -56  0
-76  50  67  0
-52  30  -39  0
71  38  -99  0
-3  82  38  0
17  -94  66  0
22  -50  -30  0
76  3  23  0
-93  64  7  0
63  -61  79  0
5  92  97  0
-3  -35  -36  0
9  -21  -39  0
28  -8  -66  0
6  49  -47  0
-62  -33  -43  0
76  -8  -62  0
45  -54  -66  0
8  88  -54  0
-13  43  -79  0
-16  -34  68  0
-41  -29  -90  0
32  81  29  0
-96  52  -81  0
-44  60  -92  0
-79  -44  -41  0
36  12  -81  0
81  57  -20  0
7  31  88  0
23  92  91  0
30  -21  -98  0
96  -75  -36  0
86  -29  -9  0
60  84  91  0
-89  54  20  0
-81  -32  -68  0
-57  -59  36  0
-44  -58  -37  0
2  -82  -27  0
-50  49  82  0
63  -8  -77  0
4  -52  -41  0
12  -65  -57  0
-98  -39  -4  0
-31  51  -30  0
12  82  9  0
68  34  -85  0
-57  56  96  0
98  -20  -71  0
-79  -69  -70  0
21  -72  -39  0
91  -11  -88  0
13  78  -18  0
-93  -68  38  0
34  -76  16  0
-99  29  -25  0
9  92  -10  0
-12  -62  -55  0
84  76  -24  0
-74  56  -46  0
41  -99  -20  0
-39  35  -27  0
-15  -55  -22  0
77  56  99  0
99  -79  -14  0
14  20  7  0
3  16  -42  0
-21  36  61  0
-64  34  -55  0
-91  -71  4  0
30  -57  -51  0
34  -90  68  0
-81  -23  -36  0
-29  -34  27  0
-12  -68  -64  0
-13  -3  51  0
-26  -13  -45  0
81  23  -50  0
-87  -69  -86  0
43  -47  28  0
2  -56  -31  0
42  -17  -73  0
13  -63  -64  0
-23  -13  1  0
3  -36  -100  0
95  97  -78  0
27  19  -78  0
68  64  -99  0
53  -2  -57  0
-25  -85  -30  0
48  -72  10  0
