c mkcnf random cnf with seed 44417, max clause length 3
c FORCED SATISFIABLE
c 
p cnf 100  430
55  -85  41  0
-29  -53  -23  0
71  100  14  0
98  -23  59  0
-90  38  -28  0
15  34  -25  0
-89  25  51  0
87  23  80  0
75  -70  80  0
45  -55  -23  0
-41  -5  6  0
58  91  1  0
-41  81  -91  0
-15  -100  78  0
97  -31  -6  0
-7  91  84  0
61  87  85  0
94  84  61  0
-84  -3  -52  0
94  21  66  0
80  47  57  0
80  26  27  0
33  -15  2  0
56  -100  2  0
98  -91  80  0
69  12  23  0
-81  84  -100  0
68  -97  -73  0
95  36  -34  0
-95  81  19  0
48  76  -71  0
-14  -58  -62  0
10  53  1  0
14  26  36  0
-11  -21  16  0
95  11  6  0
-18  -57  55  0
-41  -78  -76  0
97  78  -59  0
28  -96  1  0
-98  -4  -89  0
-62  97  -35  0
82  48  -96  0
16  18  -67  0
-36  -67  27  0
50  99  -75  0
-45  53  23  0
62  57  -36  0
99  41  18  0
48  -60  11  0
-63  51  -23  0
3  92  21  0
-89  -18  66  0
-63  -40  68  0
-71  83  -31  0
-28  -33  4  0
96  -79  14  0
100  -26  -34  0
15  -1  -37  0
-80  -14  60  0
51  -10  4  0
86  16  90  0
-26  -64  91  0
57  52  -82  0
57  -50  12  0
33  57  40  0
33  -11  -99  0
50  28  2  0
23  -67  66  0
77  18  -94  0
37  -60  91  0
98  -33  69  0
9  -69  -17  0
-80  28  -82  0
-75  -41  -85  0
-6  -74  100  0
-27  25  61  0
-100  49  20  0
-63  30  -51  0
-87  100  -97  0
39  -45  -18  0
-51  35  -52  0
-4  44  -7  0
72  -54  43  0
77  -36  -12  0
10  -61  -54  0
-23  64  -13  0
37  -52  59  0
54  -27  83  0
-17  -60  -46  0
41  -19  84  0
-59  -92  60  0
64  -67  -35  0
-22  -87  -59  0
-65  11  -73  0
-62  -58  -44  0
-7  -22  80  0
50  65  -24  0
25  23  -89  0
64  -50  9  0
47  -4  77  0
-48  -33  12  0
-59  -95  49  0
-54  -41  52  0
39  -24  32  0
25  -31  -79  0
-7  -46  -96  0
89  42  -6  0
-60  65  -18  0
-55  33  -60  0
63  20  9  0
93  -38  20  0
-77  3  14  0
-77  47  98  0
-67  -65  98  0
16  -65  32  0
45  -60  -14  0
-13  -18  61  0
74  -94  -97  0
32  31  -82  0
45  14  15  0
-73  -39  -25  0
-61  99  -26  0
61  90  -43  0
-36  -28  -67  0
70  -51  -33  0
95  9  -44  0
-19  -28  -6  0
47  43  59  0
7  -75  -87  0
91  -66  18  0
79  -80  75  0
-44  46  -90  0
-64  2  22  0
-39  66  -16  0
39  82  94  0
-31  -64  75  0
15  -25  -54  0
-27  -96  -24  0
87  78  40  0
1  -37  -58  0
-56  97  -82  0
62  16  -42  0
64  11  53  0
10  29  -100  0
36  100  31  0
-65  79  32  0
14  89  -44  0
-45  -96  -38  0
-32  99  -89  0
88  -31  42  0
-37  -56  63  0
45  96  -76  0
-68  -87  58  0
-51  -98  -4  0
42  98  64  0
94  37  67  0
-60  -82  -69  0
29  95  -36  0
1  51  -83  0
-52  -62  -35  0
73  24  67  0
97  -40  -25  0
65  2  79  0
33  -67  -97  0
-98  4  19  0
85  -27  29  0
68  -50  75  0
-75  51  -30  0
49  -48  17  0
-61  -51  6  0
26  -37  13  0
-49  35  75  0
-19  93  -45  0
30  -19  58  0
78  -27  91  0
-46  -56  -68  0
-4  -53  -5  0
-5  -45  -61  0
35  63  -1  0
70  35  -3  0
32  -62  67  0
-100  -85  -1  0
12  -2  36  0
36  -50  27  0
85  -10  47  0
90  15  -62  0
-16  -3  -59  0
36  -47  6  0
75  -98  95  0
66  -17  -30  0
-47  -60  13  0
58  3  -12  0
78  -11  100  0
-96  73  -69  0
-97  80  -38  0
86  78  -72  0
17  -10  51  0
21  -56  -24  0
47  78  62  0
39  -14  -6  0
-7  4  19  0
30  -45  -7  0
-66  86  44  0
16  47  65  0
94  85  19  0
2  6  -42  0
-36  78  52  0
-41  98  69  0
26  28  63  0
-51  21  -67  0
90  6  99  0
-17  -71  -12  0
6  9  53  0
52  -27  14  0
-58  -35  -44  0
90  81  49  0
56  -24  8  0
94  -71  50  0
-16  -20  -40  0
-50  52  77  0
-41  -54  -20  0
68  -69  -1  0
-43  -9  49  0
-35  6  -30  0
-63  57  -71  0
-24  86  -87  0
1  -38  36  0
76  52  -67  0
-88  -8  54  0
84  -88  -91  0
-83  58  2  0
-83  77  -38  0
-42  54  44  0
15  93  6  0
-96  36  81  0
-42  -64  9  0
89  44  58  0
-88  40  92  0
-87  59  68  0
16  -20  89  0
-80  -15  93  0
28  -76  66  0
80  18  81  0
-93  -27  -30  0
67  -73  -54  0
74  57  -4  0
-44  -16  98  0
-46  -43  -27  0
88  -90  -6  0
-19  2  3  0
-82  -11  14  0
-76  -99  -6  0
-33  86  -78  0
-98  -89  25  0
-68  -43  -49  0
90  10  -66  0
-24  -86  75  0
38  47  86  0
28  -18  27  0
-63  -79  -43  0
39  62  96  0
-8  -89  -38  0
49  -15  -86  0
-88  7  -52  0
-18  39  63  0
87  -91  92  0
-19  -35  45  0
50  22  12  0
-76  23  -82  0
-42  100  -80  0
92  -60  3  0
19  22  -68  0
81  -44  -73  0
-6  86  -38  0
-44  -9  -58  0
95  -81  60  0
82  39  40  0
-79  26  -96  0
-98  -56  -26  0
19  74  -58  0
-67  62  -76  0
83  -34  42  0
49  52  -95  0
-19  51  -87  0
47  -17  97  0
75  -7  -18  0
72  15  -71  0
25  -16  5  0
-28  -69  -82  0
-65  21  56  0
91  -86  -13  0
38  -23  51  0
3  -75  -30  0
-75  59  22  0
5  -61  3  0
81  41  -12  0
-51  -93  8  0
80  -17  -25  0
60  48  -4  0
30  90  31  0
-44  23  -26  0
-31  6  42  0
94  18  39  0
98  84  -72  0
-66  -51  4  0
-1  -63  -72  0
36  27  53  0
-39  -30  44  0
4  27  -92  0
34  2  48  0
-4  -29  -82  0
-38  67  80  0
-44  80  77  0
-37  47  -3  0
-51  -40  -49  0
-93  -18  75  0
-14  -81  -4  0
48  47  -11  0
-52  -22  17  0
6  24  29  0
59  93  -60  0
-30  -61  15  0
-52  57  18  0
-5  -64  12  0
41  33  -73  0
-56  -42  51  0
-2  -45  -65  0
97  -55  33  0
53  94  -84  0
13  82  77  0
66  -63  35  0
66  -48  20  0
-18  -78  3  0
-63  74  -99  0
85  71  -47  0
37  -40  -74  0
-80  3  -18  0
80  -4  82  0
-83  96  76  0
8  52  -80  0
-16  26  90  0
100  46  -65  0
-19  62  -25  0
-53  -9  26  0
-99  30  95  0
-97  -26  78  0
20  -87  67  0
-29  21  -94  0
-92  -66  -43  0
-19  50  -95  0
2  30  -51  0
50  6  -77  0
56  -20  -63  0
-1  -47  57  0
-64  80  96  0
23  -33  22  0
-3  -60  -68  0
84  -58  83  0
-29  34  -69  0
88  95  11  0
-24  59  31  0
29  -52  12  0
-25  23  -70  0
-47  -7  76  0
-27  76  11  0
94  -18  -39  0
-61  -55  59  0
4  91  32  0
13  7  79  0
2  45  -88  0
-52  -87  -13  0
-50  -38  -13  0
-98  92  57  0
-33  52  -86  0
-71  -74  15  0
-26  -91  43  0
-56  8  77  0
-1  13  -28  0
-71  -14  77  0
40  -37  -68  0
-51  61  46  0
-92  24  -49  0
-74  -88  7  0
86  12  41  0
-9  -15  96  0
-2  70  -36  0
-44  -15  40  0
54  51  25  0
59  -70  68  0
82  -30  72  0
-53  67  19  0
79  44  -22  0
-81  58  25  0
18  16  -25  0
-24  -79  62  0
11  -66  -47  0
55  -3  18  0
-63  81  -65  0
10  -23  97  0
3  46  92  0
-14  -15  2  0
72  -93  28  0
20  -66  -67  0
44  -1  -2  0
88  -46  59  0
-65  71  -25  0
-89  -20  -69  0
26  68  -89  0
-37  -35  86  0
-6  -43  14  0
-100  -71  -66  0
-7  98  26  0
48  30  -54  0
-90  12  63  0
3  79  8  0
-12  26  89  0
-16  24  36  0
11  -96  -49  0
-16  84  -25  0
42  -14  -47  0
-45  -35  -48  0
-44  -98  -76  0
97  -13  73  0
13  96  -32  0
-72  -16  -76  0
-45  -22  -83  0
-25  64  65  0
51  -44  -76  0
-34  -92  4  0
