c mkcnf random cnf with seed 44393, max clause length 3
c FORCED SATISFIABLE
c 
p cnf 100  430
-94  98  -100  0
-3  99  -79  0
-41  -80  18  0
-17  49  9  0
14  95  8  0
-94  33  -10  0
-11  86  -81  0
100  -1  -22  0
77  -84  -61  0
-48  27  86  0
-68  93  53  0
-39  -85  -65  0
-20  -86  -82  0
-8  -73  35  0
-27  86  -71  0
-18  83  58  0
80  -98  95  0
47  -89  -67  0
-85  25  -71  0
86  3  -80  0
-54  -78  -70  0
-70  -71  33  0
72  55  -97  0
9  -100  25  0
-62  20  -65  0
-23  -47  34  0
36  -74  98  0
-21  -78  -85  0
99  -27  -61  0
-5  -68  -28  0
10  -60  -36  0
30  26  -10  0
-20  40  45  0
29  81  100  0
11  41  -27  0
-6  93  92  0
-76  -58  68  0
-65  28  -10  0
92  -57  -75  0
65  -17  70  0
62  -94  87  0
-49  -18  -38  0
7  -39  -59  0
32  94  65  0
66  -75  -29  0
92  -99  -80  0
10  -14  41  0
32  -94  16  0
9  -56  87  0
-27  -55  -20  0
74  90  -75  0
51  14  23  0
84  -41  20  0
19  52  98  0
-23  89  -94  0
15  48  -35  0
-19  -4  76  0
-7  53  63  0
53  65  -71  0
60  -44  -46  0
40  2  57  0
-62  71  30  0
55  -2  -35  0
-83  75  -36  0
22  -56  -73  0
72  -99  -19  0
-38  -88  -21  0
-51  44  -6  0
-87  2  -13  0
38  -39  -63  0
-40  -23  86  0
25  -27  89  0
-6  30  51  0
57  31  -59  0
60  61  -88  0
96  -68  -46  0
59  -40  -18  0
-99  -17  79  0
-91  -75  -90  0
-5  -3  26  0
-81  -65  -6  0
-86  83  -90  0
75  -10  -78  0
-93  -77  -46  0
-71  26  17  0
38  74  99  0
78  51  8  0
37  95  -99  0
-25  -59  79  0
86  -53  45  0
11  -46  -2  0
99  81  65  0
5  -37  11  0
-20  -53  -83  0
41  -75  38  0
-26  91  83  0
-98  -27  7  0
-48  18  -37  0
-46  42  11  0
92  44  79  0
-65  -78  42  0
70  50  39  0
37  -92  88  0
80  13  -6  0
61  -25  -45  0
78  97  95  0
17  -27  97  0
-86  -21  -76  0
-2  -34  60  0
10  76  -4  0
41  56  74  0
65  87  -67  0
-22  -77  20  0
9  2  -83  0
-23  -43  66  0
55  -20  70  0
73  25  75  0
79  -45  58  0
-26  20  43  0
-49  51  -54  0
-54  78  -53  0
-19  -98  -37  0
-28  -19  9  0
96  -99  66  0
45  -39  -75  0
85  -68  -56  0
-74  33  -14  0
31  -26  -98  0
-98  -81  -49  0
-50  -82  85  0
-57  68  73  0
23  70  -82  0
-11  -12  33  0
66  -41  42  0
-89  -81  23  0
80  -90  93  0
-80  92  -56  0
-8  60  34  0
11  -63  -59  0
76  -25  -90  0
92  27  39  0
-81  4  -84  0
74  -79  -43  0
50  92  -75  0
-8  20  47  0
-35  59  44  0
20  75  -32  0
-4  38  -17  0
-65  -43  -96  0
21  24  12  0
99  -22  -20  0
-98  -28  -2  0
9  -75  27  0
-9  21  87  0
-39  -82  14  0
64  86  -43  0
26  18  -13  0
-23  89  61  0
38  48  -20  0
-99  -80  -19  0
-94  45  60  0
-60  83  66  0
82  -70  38  0
57  40  -58  0
11  85  50  0
94  -7  62  0
-2  -28  -65  0
-6  -97  -98  0
47  -89  50  0
64  49  93  0
59  87  92  0
-44  -58  3  0
-2  23  36  0
16  -14  -10  0
-97  62  45  0
92  -3  -14  0
-83  80  -32  0
-64  -67  3  0
34  55  -17  0
24  -94  -11  0
28  61  55  0
67  90  -65  0
-11  31  66  0
49  -70  85  0
100  -38  39  0
62  -89  -67  0
-24  77  99  0
-55  66  50  0
72  97  -98  0
-21  59  -37  0
-73  88  -99  0
72  43  21  0
-11  70  2  0
-1  57  -19  0
-76  6  85  0
22  60  94  0
26  49  -93  0
40  27  79  0
-30  50  68  0
15  -46  -8  0
32  -60  13  0
10  8  -2  0
-62  73  44  0
26  24  -73  0
99  -68  63  0
-57  38  19  0
-99  -95  54  0
-40  -26  -57  0
51  11  -35  0
16  -26  67  0
-39  -79  52  0
-18  -73  -3  0
80  41  91  0
-51  14  -18  0
99  -75  -2  0
7  -54  -33  0
27  31  19  0
71  23  -78  0
20  -69  -97  0
14  -2  -23  0
100  -69  93  0
-47  -3  -48  0
52  86  43  0
-65  -35  -80  0
-31  71  -77  0
-43  16  -36  0
65  -14  76  0
59  15  -29  0
47  53  -15  0
-10  7  -69  0
3  83  82  0
40  90  38  0
83  -72  -6  0
-32  28  39  0
81  62  27  0
-49  25  -21  0
-69  24  75  0
49  -26  -36  0
11  -19  -37  0
59  -11  100  0
-89  91  -55  0
88  -60  -24  0
-45  22  16  0
31  75  79  0
91  14  -85  0
-37  60  -27  0
85  30  -58  0
-38  -17  -70  0
59  -57  12  0
52  84  -75  0
-73  6  22  0
63  -84  -36  0
-23  -99  -95  0
-43  65  -68  0
-94  -18  -7  0
-17  12  -59  0
-50  95  -52  0
-76  24  -55  0
-7  28  71  0
88  -14  -89  0
1  35  5  0
-90  94  65  0
57  -32  95  0
-10  82  -8  0
-59  -45  26  0
-90  78  46  0
70  -33  13  0
7  -20  -94  0
30  -100  -37  0
4  57  20  0
-60  36  19  0
65  -57  -17  0
86  90  52  0
36  6  -24  0
48  21  16  0
-14  16  51  0
-35  -26  27  0
-100  -3  -33  0
93  -36  -38  0
1  73  54  0
59  48  -17  0
19  -97  -52  0
70  97  63  0
38  82  -58  0
-64  27  54  0
-13  87  -46  0
75  17  46  0
-97  3  9  0
-70  17  -93  0
-6  -96  13  0
15  -4  -100  0
53  47  -75  0
32  5  -41  0
-3  -88  -2  0
77  -10  -22  0
-24  25  86  0
-15  -40  25  0
26  67  36  0
-24  52  -91  0
-62  -7  77  0
51  -80  -63  0
-57  86  -10  0
-30  -66  -40  0
-52  68  31  0
-10  76  62  0
-23  -70  19  0
-59  -48  41  0
-13  -27  -59  0
-65  24  96  0
82  -17  69  0
26  20  93  0
-11  40  -50  0
44  29  -5  0
35  -49  -4  0
61  -33  26  0
42  48  68  0
-81  -50  -16  0
-36  -31  -38  0
71  -13  -57  0
-87  -24  76  0
59  4  -72  0
93  -77  -83  0
52  -32  25  0
-14  -52  -15  0
51  -69  -95  0
-7  -72  9  0
-46  45  25  0
3  -2  13  0
79  90  49  0
82  18  62  0
-58  -29  33  0
3  -52  -48  0
21  34  76  0
-11  -4  37  0
-47  78  -8  0
-17  -51  -11  0
54  -79  4  0
-59  7  29  0
-28  23  -11  0
-3  82  67  0
78  65  -81  0
-28  -72  84  0
70  -15  20  0
-72  -69  -62  0
-93  -23  -42  0
-34  -10  93  0
-98  82  -49  0
-44  -48  66  0
-64  -89  -34  0
-86  -45  22  0
51  -87  91  0
61  41  36  0
-32  -87  91  0
-54  49  34  0
-31  -34  6  0
13  73  -87  0
-51  -84  -76  0
27  24  -1  0
-72  30  45  0
-25  22  -98  0
-19  54  -29  0
63  8  -68  0
56  86  45  0
50  -73  -27  0
73  -46  77  0
62  89  25  0
-76  43  -62  0
47  94  84  0
27  95  -25  0
23  -29  -13  0
80  55  -42  0
73  -80  57  0
84  -43  11  0
97  -17  79  0
-1  24  -91  0
31  89  6  0
88  74  53  0
-10  -83  -33  0
42  -33  -15  0
-96  -67  -53  0
-48  53  42  0
54  48  -72  0
31  81  -72  0
26  -100  -95  0
-79  -84  14  0
85  -32  -13  0
21  -11  -8  0
61  95  -30  0
-49  -92  24  0
-71  80  -37  0
74  65  79  0
84  60  -99  0
-34  51  1  0
-65  32  -64  0
75  -51  64  0
32  95  34  0
42  6  -11  0
8  -29  77  0
-78  -45  93  0
-57  12  24  0
28  -51  12  0
78  61  -34  0
13  -80  -66  0
-3  86  27  0
-4  33  -42  0
-47  -78  -36  0
-99  57  54  0
-55  12  -20  0
-77  -72  -56  0
47  54  -10  0
-53  65  -70  0
-22  -18  63  0
-6  -89  -14  0
55  -15  -95  0
74  6  -47  0
-63  72  55  0
-78  68  -18  0
34  -74  11  0
90  38  13  0
-100  -1  -12  0
99  -98  54  0
45  67  56  0
-48  -26  58  0
34  70  -97  0
-38  -22  65  0
-68  -30  7  0
-55  50  77  0
35  -22  81  0
28  100  -73  0
98  41  34  0
