c mkcnf random cnf with seed 44428, max clause length 3
c FORCED SATISFIABLE
c 
p cnf 100  430
-70  83  -56  0
41  -95  68  0
-15  -48  -86  0
15  -14  40  0
-67  -83  -100  0
-98  -74  -36  0
15  30  81  0
2  16  -90  0
97  -36  43  0
-10  29  87  0
-18  27  2  0
19  56  71  0
82  95  -94  0
-20  8  -79  0
61  53  25  0
69  81  -26  0
-6  1  -60  0
32  76  -20  0
-68  -38  14  0
-39  -98  -89  0
91  8  33  0
21  -1  81  0
-27  41  -80  0
-85  38  -92  0
7  -4  38  0
98  -100  38  0
45  -60  38  0
8  41  82  0
36  11  -4  0
-67  -25  9  0
43  19  45  0
-10  -40  -34  0
94  -58  88  0
-9  -98  64  0
-42  -40  53  0
-87  -77  -4  0
-20  87  56  0
21  81  61  0
85  -70  49  0
57  -85  -33  0
64  65  74  0
-40  69  -93  0
-74  96  -69  0
-31  37  -83  0
-72  44  -99  0
32  -26  -12  0
37  65  23  0
89  71  -99  0
-8  45  -55  0
60  74  -5  0
-57  -97  70  0
5  -17  62  0
-8  100  -42  0
-92  46  -83  0
92  -91  2  0
-69  -36  37  0
7  -14  -22  0
-67  -79  41  0
5  -27  -19  0
42  54  -23  0
44  77  -31  0
-11  89  51  0
-87  60  96  0
-56  37  -65  0
23  -84  41  0
-41  61  90  0
-96  -13  79  0
2  89  -32  0
-97  -44  -9  0
2  20  -49  0
22  45  -58  0
-32  31  -95  0
-61  13  20  0
1  -35  -43  0
-12  62  -98  0
-87  -98  4  0
99  11  65  0
-29  65  89  0
-78  48  58  0
27  -12  1  0
-77  -9  78  0
-50  -29  54  0
-92  11  74  0
50  88  35  0
-32  -15  100  0
75  -83  40  0
75  -64  34  0
44  100  95  0
15  -16  61  0
85  3  -16  0
78  -6  -65  0
-32  100  83  0
56  67  1  0
72  25  24  0
-77  -5  -86  0
-29  -93  -25  0
79  12  -59  0
76  44  62  0
-63  87  88  0
46  14  -78  0
24  59  -99  0
-77  90  -24  0
84  53  -76  0
-34  7  -77  0
68  8  -28  0
28  -10  22  0
-39  40  42  0
-81  74  -82  0
-53  59  -6  0
-74  -77  -67  0
13  15  -27  0
-51  -32  -12  0
-50  44  -21  0
15  -77  -27  0
88  -38  -73  0
-7  -15  16  0
30  69  -66  0
46  76  83  0
-20  75  74  0
-48  -24  -21  0
-53  42  -46  0
8  -85  -70  0
-69  -59  -4  0
-19  86  -77  0
40  28  -16  0
-75  8  -92  0
41  70  35  0
18  -43  -95  0
-9  27  52  0
100  -48  -60  0
30  -67  14  0
-84  -9  -43  0
77  43  -33  0
23  -93  -72  0
97  35  41  0
27  33  -77  0
-87  90  -19  0
-89  -52  -75  0
-59  -85  -89  0
-90  -45  7  0
-66  -41  -16  0
-48  -82  -59  0
48  55  39  0
-77  74  -12  0
-27  50  88  0
-82  100  -23  0
97  -61  24  0
63  -60  13  0
-51  37  9  0
2  -69  -54  0
76  75  27  0
-80  57  9  0
-83  86  65  0
10  -68  86  0
-14  56  -16  0
96  61  35  0
56  66  -29  0
-17  69  -60  0
-16  28  36  0
53  26  -12  0
94  69  29  0
-40  20  17  0
-21  -53  86  0
31  -19  46  0
-40  -46  -10  0
-42  -35  54  0
-81  -50  -75  0
39  -17  -64  0
93  -74  39  0
19  49  -98  0
55  -17  -82  0
-12  -65  62  0
6  1  -48  0
-39  81  6  0
50  51  22  0
-28  -35  -15  0
-73  22  31  0
32  -21  -1  0
-51  -21  56  0
82  -85  71  0
-53  -4  35  0
-18  -51  41  0
79  90  -54  0
85  -29  -28  0
17  -86  -19  0
-31  -4  -64  0
-70  59  -22  0
-18  -38  77  0
-90  17  11  0
68  89  61  0
10  -48  -63  0
73  54  25  0
-29  -85  28  0
57  30  88  0
-21  39  -97  0
72  52  31  0
66  -38  -15  0
70  62  -50  0
22  -68  46  0
-83  -98  74  0
95  28  -94  0
-47  67  12  0
-43  -50  -77  0
-32  -34  -30  0
70  -76  -30  0
-51  35  -95  0
27  66  9  0
-8  -72  29  0
-13  -14  -18  0
52  -91  -54  0
36  -14  52  0
-18  25  14  0
31  49  -11  0
-1  -59  -65  0
-41  -21  66  0
10  -83  -60  0
8  -56  11  0
31  91  -95  0
-79  96  -45  0
-31  38  -12  0
33  -73  -12  0
93  65  -48  0
-31  -21  -49  0
93  -87  70  0
-92  16  29  0
86  47  39  0
22  24  -26  0
-97  -8  86  0
-29  19  97  0
-36  82  28  0
50  17  99  0
-34  -79  58  0
-79  -7  -21  0
-52  74  44  0
-16  -4  -66  0
86  -9  -7  0
75  -19  12  0
-25  45  -37  0
2  -23  38  0
7  60  -43  0
-89  18  57  0
77  -3  47  0
-11  65  78  0
-99  -15  -86  0
-24  -69  -89  0
-63  -90  -16  0
71  -1  -39  0
95  6  64  0
-11  -28  40  0
-87  61  11  0
-21  7  23  0
-88  26  86  0
8  -9  -51  0
27  -66  99  0
12  -27  74  0
64  -81  -38  0
-83  -85  -73  0
20  -88  -64  0
57  -12  90  0
79  64  41  0
16  79  -29  0
56  -32  30  0
-9  -19  92  0
-54  -40  70  0
-19  99  -95  0
92  -36  94  0
60  8  -1  0
44  -21  -82  0
-2  88  85  0
-10  62  54  0
-93  78  -70  0
56  66  79  0
17  49  55  0
-64  20  45  0
17  -21  30  0
-80  -23  10  0
59  -81  -66  0
-33  -41  -85  0
70  75  -66  0
7  -97  25  0
-38  58  83  0
22  50  -94  0
-23  28  33  0
76  55  4  0
-93  10  -41  0
86  82  -2  0
79  35  13  0
87  54  -44  0
20  51  28  0
-83  -97  8  0
98  17  -19  0
-59  -32  78  0
79  26  -72  0
84  22  -51  0
4  28  53  0
-91  99  -4  0
-98  28  -81  0
49  3  -42  0
-89  12  80  0
-50  -84  23  0
27  -4  -82  0
-85  -70  4  0
-46  52  -95  0
48  69  74  0
-89  -76  38  0
-76  -27  67  0
-85  45  16  0
-14  68  -3  0
59  -15  -90  0
58  47  -78  0
21  96  -20  0
2  73  29  0
-22  99  44  0
81  -52  25  0
6  86  -98  0
5  55  -20  0
47  -43  -11  0
25  -55  -71  0
12  -65  -37  0
-20  -46  -35  0
-69  86  -81  0
59  -53  10  0
22  -46  83  0
-23  58  -36  0
-87  -45  -82  0
90  -4  24  0
58  -78  -100  0
56  -46  -35  0
-88  32  52  0
-27  -28  -83  0
8  45  -41  0
-67  -2  59  0
-84  39  -23  0
65  2  62  0
54  26  -17  0
91  48  -93  0
78  -56  11  0
95  91  -50  0
-30  68  -57  0
95  52  -68  0
85  12  3  0
93  -99  94  0
76  53  -18  0
-30  -65  -62  0
-67  -99  -69  0
87  40  -47  0
-22  74  -34  0
-100  -65  29  0
98  27  62  0
32  73  -90  0
10  82  15  0
66  -72  -100  0
87  -33  79  0
6  -4  30  0
-9  49  -76  0
-78  -100  39  0
82  -71  24  0
-6  38  -11  0
43  60  -23  0
-20  98  -53  0
-95  68  -90  0
98  -91  -42  0
13  61  -49  0
48  -84  61  0
-73  51  99  0
-75  32  -22  0
86  68  -44  0
22  1  -42  0
-95  77  14  0
13  3  6  0
35  -5  30  0
45  64  1  0
24  -83  2  0
-41  10  -6  0
-57  -59  94  0
22  54  83  0
-38  -58  -99  0
-40  -33  34  0
-62  28  81  0
-27  83  29  0
42  -22  -80  0
-17  59  88  0
24  -6  -55  0
6  -7  -38  0
-95  -8  97  0
16  13  -85  0
-6  49  4  0
45  -64  -92  0
100  -59  -86  0
-90  -45  -16  0
-44  -5  19  0
40  -82  -73  0
9  82  -29  0
-61  -15  2  0
61  -25  20  0
3  -65  -82  0
-34  -51  43  0
-52  -29  81  0
1  96  53  0
34  32  -66  0
-47  -18  -86  0
-51  -54  42  0
-98  87  -100  0
62  69  27  0
97  47  5  0
42  -91  -7  0
43  55  -77  0
-32  -33  -13  0
-55  -51  32  0
22  -93  1  0
-29  7  -79  0
58  5  9  0
54  -51  -87  0
80  21  -82  0
42  -68  18  0
82  94  8  0
-13  1  -95  0
-92  -81  95  0
29  -28  40  0
57  -43  50  0
-41  97  -89  0
-81  8  -90  0
-65  -100  -4  0
-38  -92  -10  0
12  -84  41  0
-31  10  -79  0
-23  -18  55  0
84  -53  91  0
98  -81  -37  0
-29  16  -85  0
