c mkcnf random cnf with seed 44458, max clause length 3
c FORCED SATISFIABLE
c 
p cnf 100  430
21  -41  -32  0
-80  40  -48  0
-35  87  29  0
81  74  99  0
67  35  76  0
-86  -83  -99  0
-4  32  -80  0
61  -24  41  0
24  -27  36  0
-80  17  77  0
41  71  97  0
-83  -80  3  0
-97  49  -42  0
-17  -83  21  0
45  -37  67  0
99  66  -94  0
8  24  70  0
72  3  68  0
-66  88  13  0
-5  -89  44  0
70  30  100  0
-4  -13  -8  0
-92  87  41  0
-78  14  47  0
-79  -55  94  0
6  75  20  0
98  -31  88  0
-64  9  -51  0
100  -85  8  0
94  -41  -62  0
15  87  64  0
8  88  -37  0
30  -96  -69  0
-4  -83  -71  0
66  -63  -62  0
-76  -85  -47  0
-68  -99  81  0
-81  71  89  0
-90  93  19  0
-6  -92  100  0
96  -18  -25  0
89  50  -13  0
86  -46  32  0
-100  4  -94  0
-50  -15  35  0
33  42  -48  0
-82  -1  -22  0
8  -99  -54  0
1  -3  -93  0
25  96  12  0
17  13  90  0
-79  15  8  0
50  -15  -7  0
40  -14  77  0
-1  53  94  0
80  95  -40  0
29  -65  35  0
21  44  69  0
-25  -15  -33  0
-53  -68  -47  0
80  40  66  0
69  24  45  0
-18  -31  -63  0
-87  -84  -54  0
-83  -80  52  0
85  44  -48  0
8  -10  -54  0
-18  -49  -36  0
75  39  -16  0
22  98  -100  0
-28  -8  -41  0
46  -100  -83  0
11  14  42  0
-99  76  -18  0
-1  -75  -58  0
-81  15  58  0
50  17  -88  0
-19  -62  44  0
34  -45  12  0
39  -5  -79  0
-63  -43  61  0
20  -38  84  0
-49  -1  -53  0
-26  -46  -27  0
47  -98  79  0
29  -94  78  0
92  55  38  0
22  -34  79  0
53  -46  -12  0
71  -82  80  0
97  32  -91  0
35  99  28  0
26  69  73  0
-2  -18  -100  0
-67  -45  17  0
-21  84  -1  0
-18  43  -69  0
8  -6  4  0
-66  46  59  0
-14  -60  99  0
30  -28  2  0
1  -75  86  0
15  1  -98  0
-95  -96  62  0
50  31  26  0
-81  -61  14  0
45  -89  -22  0
86  47  -15  0
67  26  -58  0
76  -79  -17  0
-27  73  -18  0
75  45  -65  0
-3  36  -19  0
5  -11  -12  0
8  -4  -96  0
11  -58  84  0
20  -48  -30  0
34  10  15  0
7  32  96  0
54  -85  46  0
9  96  63  0
-57  -32  -63  0
-61  92  93  0
-92  11  -41  0
-22  90  -63  0
70  -23  53  0
-6  -3  -58  0
-10  -39  88  0
-83  8  -76  0
69  -55  74  0
-83  -40  -63  0
-25  -45  14  0
-9  46  -52  0
61  59  -35  0
-78  -100  64  0
-13  -94  55  0
-63  77  -15  0
-13  -78  65  0
50  -10  17  0
78  55  25  0
-12  68  17  0
60  83  -8  0
86  26  50  0
51  14  64  0
72  -50  -64  0
-30  87  -89  0
-52  -61  -33  0
74  -80  93  0
25  -74  96  0
47  79  72  0
63  92  9  0
8  -82  2  0
-27  46  83  0
85  80  2  0
-94  58  -32  0
22  -23  -69  0
-99  -12  23  0
-73  12  -44  0
-76  42  52  0
-60  54  -41  0
5  92  87  0
42  -93  76  0
-88  -69  20  0
23  95  90  0
44  -84  -99  0
-31  -88  -69  0
-90  52  37  0
-79  -77  -49  0
-74  30  -75  0
70  -79  41  0
-75  34  -14  0
-45  11  -2  0
-13  -2  -41  0
-55  84  32  0
-80  50  -96  0
59  97  -42  0
-15  47  74  0
-75  -17  54  0
-5  39  -64  0
40  -33  68  0
9  31  -46  0
-10  -95  56  0
31  67  -44  0
75  13  56  0
-52  21  -79  0
98  -7  -90  0
66  3  -57  0
81  6  72  0
49  -44  14  0
56  -19  -78  0
-94  29  -83  0
-25  -45  -26  0
-77  -84  -64  0
-22  -99  88  0
93  -6  -90  0
87  45  -67  0
94  -91  71  0
-68  82  -20  0
6  -37  -87  0
16  35  74  0
27  -24  -8  0
61  -49  -88  0
-81  94  10  0
-36  -65  80  0
-44  14  26  0
74  -23  -86  0
-19  28  8  0
78  -9  46  0
-48  -4  -87  0
-90  36  94  0
-89  -40  -21  0
94  68  30  0
69  97  -83  0
-93  -86  -98  0
-77  5  13  0
55  75  -96  0
55  9  -73  0
10  -9  -47  0
-78  -79  -90  0
71  -42  70  0
29  -45  16  0
49  -59  -100  0
-40  -9  56  0
80  28  57  0
96  10  -84  0
-20  95  72  0
-30  -95  14  0
58  80  97  0
-65  80  13  0
32  -25  81  0
52  86  -45  0
71  -90  48  0
76  63  -97  0
-90  14  55  0
-34  52  57  0
-71  90  66  0
-15  -71  -76  0
-13  73  -75  0
-92  12  -34  0
21  -8  -1  0
90  45  27  0
-44  34  7  0
28  91  -64  0
14  35  -49  0
30  -19  53  0
60  -24  83  0
-47  -61  42  0
-29  2  -43  0
48  19  3  0
-94  -74  9  0
49  -39  51  0
-49  -25  -79  0
-22  18  -69  0
42  -64  2  0
-48  -9  -33  0
-66  -37  -30  0
-85  -72  32  0
-88  76  -67  0
53  -88  13  0
-60  76  88  0
77  45  -12  0
-30  -75  -12  0
-59  -82  -50  0
81  90  74  0
-66  40  4  0
-16  -99  -2  0
19  -38  -98  0
-91  65  36  0
-59  -85  -35  0
-91  -28  14  0
8  80  -60  0
84  -12  -21  0
-43  55  50  0
-51  33  -28  0
-76  -81  51  0
57  -93  -52  0
-33  95  -60  0
-48  65  -89  0
-77  51  36  0
-18  24  4  0
63  24  67  0
-37  68  19  0
11  -35  -89  0
27  100  -83  0
-72  -95  -1  0
47  80  -3  0
47  35  -56  0
-25  26  1  0
-55  56  -29  0
-23  -86  78  0
-89  23  -39  0
92  -51  38  0
67  -10  16  0
84  5  -86  0
-8  39  -26  0
-23  -94  -30  0
-10  37  54  0
95  -4  -100  0
-39  -56  -74  0
-93  85  9  0
61  -39  -43  0
-16  -88  -95  0
52  -100  98  0
84  -33  -50  0
89  -96  11  0
98  82  -80  0
-50  -46  -19  0
-38  -100  44  0
-64  -45  -47  0
29  71  5  0
-34  73  -58  0
-69  5  -23  0
-98  -68  50  0
-73  14  45  0
43  -99  72  0
-51  4  34  0
-1  -91  -26  0
-50  62  -18  0
50  -57  13  0
63  -88  -24  0
-15  32  30  0
23  -52  -99  0
95  -15  61  0
-66  -46  -14  0
92  -51  -88  0
-31  -52  -88  0
-39  -60  -10  0
80  -55  -8  0
68  56  47  0
46  98  72  0
7  19  16  0
-38  -29  -69  0
-74  31  -90  0
-98  -73  -92  0
-42  84  88  0
-33  18  -72  0
28  -19  26  0
54  -46  73  0
33  -23  -30  0
14  -35  10  0
42  -57  83  0
39  -30  76  0
-45  -52  -77  0
-23  72  -25  0
29  2  -62  0
-76  -83  -33  0
57  28  10  0
85  55  -32  0
-48  90  -68  0
-79  -6  -72  0
26  25  -84  0
86  14  18  0
-6  78  13  0
3  -86  -53  0
-27  100  -59  0
38  61  -11  0
-54  43  -7  0
-59  -4  -30  0
-77  23  -16  0
11  -41  -25  0
3  -12  9  0
-24  81  -25  0
24  43  69  0
-52  -42  15  0
52  -24  -22  0
-27  85  -49  0
87  77  -72  0
34  83  91  0
-58  68  -67  0
-93  27  -17  0
-71  -48  15  0
-5  46  99  0
-86  -6  -23  0
-68  -59  94  0
-76  -75  -34  0
-15  2  84  0
86  -48  -17  0
-51  50  -3  0
32  19  13  0
12  78  -21  0
-94  -85  63  0
69  7  -25  0
-72  -87  -48  0
-46  1  85  0
73  40  -95  0
55  -26  -70  0
89  -10  -98  0
-3  -28  -68  0
-5  -59  37  0
16  -44  90  0
84  63  -9  0
64  -45  -18  0
32  54  31  0
-100  -7  -64  0
-75  -66  41  0
-62  60  87  0
58  -5  -15  0
3  -42  -32  0
21  28  45  0
93  80  -33  0
-98  10  -49  0
84  13  76  0
-58  19  -98  0
-35  -29  93  0
-26  -4  34  0
-50  -15  -72  0
65  62  -40  0
-65  -66  17  0
69  64  71  0
11  -19  6  0
53  -81  -56  0
-26  79  15  0
-22  76  -90  0
31  98  -10  0
13  21  73  0
14  -83  64  0
-12  -13  -15  0
-26  -57  -37  0
-32  -43  -99  0
-49  37  -33  0
-43  -47  92  0
-26  -65  -61  0
29  -27  -20  0
-39  -21  98  0
-45  96  17  0
72  15  56  0
74  39  -94  0
56  -71  -49  0
50  22  -10  0
92  -87  -69  0
