c mkcnf random cnf with seed 44387, max clause length 3
c FORCED SATISFIABLE
c 
p cnf 100  430
4  -27  -64  0
4  -94  52  0
-21  22  -52  0
51  -27  -25  0
-17  6  93  0
45  34  -78  0
89  33  -56  0
-16  -27  88  0
-31  -49  -43  0
35  -7  98  0
46  -33  -40  0
94  58  9  0
3  -48  -39  0
-60  -34  -77  0
-50  96  72  0
-95  -65  73  0
-80  8  94  0
37  55  -2  0
-91  -60  38  0
67  -26  60  0
65  -34  15  0
19  3  15  0
17  -14  -78  0
-16  -71  62  0
45  96  -67  0
19  -34  92  0
15  -5  -12  0
-3  -76  -56  0
22  64  49  0
-49  23  47  0
-14  -18  58  0
-21  -11  -34  0
17  -28  -53  0
-22  83  56  0
-26  -66  47  0
-17  4  -3  0
28  20  -40  0
87  16  40  0
88  -93  71  0
-79  -16  -92  0
-46  11  4  0
64  1  25  0
96  -26  -73  0
-59  55  -81  0
81  -14  -80  0
-78  8  5  0
92  -61  60  0
-21  65  8  0
-65  18  -5  0
-75  9  -47  0
9  -24  -71  0
27  97  56  0
-96  -60  29  0
95  24  -47  0
-74  -55  46  0
-21  16  -38  0
-88  -59  -36  0
58  -73  -28  0
-74  50  -14  0
98  84  -74  0
59  93  35  0
16  98  -84  0
3  -75  -10  0
97  -83  84  0
-53  77  46  0
-41  -65  67  0
41  85  1  0
-38  -32  71  0
-31  98  74  0
94  -23  64  0
-72  63  17  0
-90  -28  14  0
-67  -8  -29  0
37  95  -3  0
-46  -61  -32  0
4  14  32  0
10  81  -54  0
66  -45  48  0
-59  -19  79  0
-50  -24  -75  0
32  70  -96  0
-34  -13  -64  0
-30  62  47  0
-33  43  -97  0
68  63  -91  0
-13  45  23  0
30  -36  17  0
86  92  25  0
-94  55  73  0
-69  1  -65  0
21  44  24  0
77  -32  62  0
-24  -58  -31  0
25  42  -18  0
92  35  -95  0
4  -26  88  0
19  3  81  0
89  -97  98  0
-99  -71  4  0
35  64  -40  0
88  19  -46  0
25  14  67  0
59  -50  -67  0
-48  -40  -18  0
62  76  21  0
74  -18  -28  0
61  -19  27  0
-79  -35  -22  0
14  -67  18  0
-59  53  -34  0
58  -76  90  0
-92  99  -27  0
81  -44  79  0
20  -2  -38  0
50  -30  66  0
-9  27  5  0
-77  52  2  0
-36  72  -41  0
-14  79  -17  0
-61  71  94  0
93  4  78  0
79  -87  40  0
-83  -85  -6  0
-85  84  -67  0
92  29  -88  0
-85  49  69  0
-23  92  70  0
-5  67  61  0
18  53  -72  0
46  8  31  0
74  33  -73  0
-56  -67  -48  0
13  -84  -77  0
-51  -45  23  0
-41  11  -89  0
-99  33  70  0
-100  -6  99  0
-19  82  -62  0
38  76  44  0
-67  -83  -53  0
-58  -34  56  0
48  -55  76  0
-30  90  98  0
-86  -4  16  0
-94  -43  -35  0
74  34  76  0
-71  -78  -18  0
2  -37  59  0
21  49  -39  0
76  -23  -82  0
66  33  2  0
32  58  37  0
1  84  92  0
-57  53  -62  0
-71  73  34  0
95  59  52  0
63  -91  -53  0
-32  15  26  0
-54  -79  21  0
73  -2  -40  0
-83  -15  34  0
66  31  -6  0
-61  10  14  0
-66  -10  2  0
-73  -16  -44  0
-76  95  59  0
-93  -90  39  0
-59  -2  16  0
-10  44  13  0
-42  80  36  0
-30  99  -24  0
94  87  -82  0
50  10  -56  0
-1  44  -99  0
-70  55  -48  0
63  -12  65  0
-82  -76  -38  0
68  -30  95  0
10  -36  52  0
-38  43  22  0
-98  -26  -65  0
96  84  -99  0
-48  -58  87  0
15  -69  -55  0
64  -81  5  0
60  -96  18  0
-26  -81  -31  0
91  -98  -54  0
46  -54  76  0
-23  -82  79  0
7  -75  -88  0
51  5  -38  0
25  65  85  0
-39  66  -86  0
-66  39  59  0
62  79  18  0
53  41  88  0
-16  90  -42  0
10  80  -79  0
-76  -80  -74  0
3  17  40  0
-48  -5  -62  0
57  -75  -20  0
-54  67  49  0
86  3  -100  0
-42  76  27  0
49  100  23  0
-68  29  -44  0
-24  -94  29  0
-73  42  -46  0
-36  -10  19  0
-27  34  -1  0
47  65  -78  0
55  80  -64  0
38  1  2  0
-7  34  -11  0
-36  -37  44  0
64  69  -45  0
-92  12  99  0
-79  25  21  0
67  -60  48  0
-56  72  49  0
23  59  -24  0
-40  -20  51  0
26  18  28  0
27  -51  12  0
6  -7  -1  0
-69  -65  -7  0
-40  30  2  0
-48  68  -34  0
-45  -30  91  0
64  -96  -39  0
-73  -19  -88  0
-26  -62  8  0
86  99  12  0
-93  32  -31  0
25  80  7  0
-64  16  41  0
-51  -22  57  0
-39  -73  49  0
1  -14  2  0
-50  -26  -48  0
-86  -16  -87  0
-14  -67  90  0
-53  93  -24  0
-98  -51  32  0
-20  -75  27  0
35  -95  100  0
14  45  -56  0
82  47  48  0
41  -58  23  0
16  -27  99  0
98  -69  77  0
-32  12  -94  0
2  -46  -23  0
32  57  46  0
-27  -68  -58  0
-67  -78  89  0
56  15  48  0
-7  -59  39  0
81  -92  16  0
-7  -31  -93  0
9  75  95  0
-86  -1  -82  0
55  39  63  0
63  -95  28  0
78  -55  -65  0
88  92  -39  0
56  50  18  0
26  -29  -88  0
10  -48  -92  0
99  59  75  0
-64  75  -62  0
27  -23  -48  0
-64  -16  -75  0
-96  94  7  0
48  98  10  0
-42  86  -47  0
61  -77  -43  0
-54  65  -51  0
28  96  -84  0
55  81  97  0
60  81  -79  0
-7  -29  92  0
-83  -60  -85  0
73  -57  -11  0
-80  8  31  0
32  -91  -9  0
-73  -62  28  0
-38  -23  71  0
-30  -22  44  0
-5  11  -91  0
-10  -65  -81  0
-18  -50  16  0
9  -94  36  0
-99  98  40  0
-83  17  93  0
68  -82  -21  0
-51  -82  -75  0
12  88  76  0
96  -34  84  0
73  -36  16  0
53  67  59  0
7  -49  -6  0
-41  52  10  0
-45  23  -40  0
21  -94  -42  0
-79  -78  66  0
-73  -91  -92  0
5  33  10  0
-32  42  74  0
42  -83  100  0
38  -30  80  0
-3  -11  42  0
4  12  -46  0
-97  11  -35  0
-87  -51  44  0
18  17  61  0
39  17  33  0
-89  -28  49  0
-40  -87  -19  0
-14  -90  -15  0
-14  84  95  0
96  -66  -32  0
89  -98  84  0
35  -98  43  0
-1  -98  3  0
8  57  91  0
67  -49  31  0
79  -15  39  0
30  63  -21  0
-33  87  52  0
9  -69  -98  0
-70  8  -23  0
73  95  -47  0
-45  -33  56  0
17  -15  -96  0
99  4  53  0
-78  -10  -79  0
-6  93  15  0
-13  2  -12  0
10  -27  77  0
70  -96  -16  0
27  -39  16  0
7  -43  25  0
12  17  -53  0
-13  53  86  0
-36  72  -75  0
-68  -57  -18  0
75  -26  -11  0
54  76  68  0
46  70  -6  0
-46  7  -31  0
-50  65  -7  0
-11  -44  28  0
19  -71  82  0
-86  -45  25  0
27  -14  23  0
-46  -12  90  0
89  -12  59  0
-100  97  36  0
-74  -98  -100  0
68  22  -65  0
60  -52  46  0
-96  -23  69  0
-18  -65  72  0
-31  -14  93  0
70  -87  -4  0
-17  -55  -34  0
-15  -83  -79  0
-4  72  25  0
19  61  21  0
-89  95  -1  0
-17  -47  2  0
-70  -96  28  0
-33  69  20  0
-56  67  -76  0
-73  -24  -53  0
-57  -100  -19  0
-95  -35  -69  0
-73  86  36  0
59  26  -37  0
100  -2  -36  0
26  -10  89  0
65  -85  -13  0
-69  -96  -13  0
-96  48  -33  0
-7  64  70  0
22  -82  -77  0
-16  80  14  0
-71  35  49  0
-32  95  -43  0
-91  26  80  0
-39  -49  -91  0
-80  56  9  0
29  -30  37  0
66  -24  31  0
-7  -83  -60  0
-6  54  -2  0
85  -14  84  0
26  23  -51  0
-13  4  -41  0
9  -96  41  0
-59  94  33  0
50  87  -38  0
-69  -55  61  0
-33  71  83  0
92  -70  4  0
68  3  -39  0
-19  4  47  0
99  25  98  0
-24  28  -68  0
21  -11  -92  0
43  6  5  0
-77  30  45  0
47  42  -79  0
74  -41  90  0
-64  18  97  0
-94  11  -59  0
48  -78  18  0
5  66  78  0
-31  24  21  0
-99  -34  20  0
53  3  -19  0
-89  -64  3  0
-44  -84  -17  0
72  -41  81  0
-67  17  68  0
-14  -91  -25  0
-45  -85  41  0
