c mkcnf random cnf with seed 44408, max clause length 3
c FORCED SATISFIABLE
c 
p cnf 100  430
69  77  -38  0
-69  -79  49  0
-79  58  -21  0
3  -96  85  0
37  47  33  0
57  -34  -94  0
-18  47  21  0
2  -77  -72  0
9  -19  -59  0
14  -63  -98  0
79  77  30  0
-93  50  73  0
5  28  -96  0
-9  -78  25  0
-23  81  30  0
53  28  -48  0
15  29  -87  0
17  -9  -14  0
49  -45  -39  0
86  -41  10  0
-21  59  37  0
-29  -63  69  0
-9  85  -30  0
-94  79  -63  0
11  -61  49  0
-55  18  -52  0
-30  -44  87  0
32  40  -67  0
-92  -99  65  0
-9  63  -43  0
-60  -18  58  0
-84  -47  27  0
82  45  79  0
97  80  -28  0
-9  74  -53  0
87  -97  64  0
85  -54  30  0
65  -31  25  0
23  55  -86  0
-89  78  19  0
-40  -39  61  0
-72  16  -53  0
-32  -51  1  0
-92  -12  -35  0
73  -52  1  0
-65  19  -70  0
-95  62  61  0
81  60  -4  0
-75  -17  45  0
61  -70  11  0
96  -76  -64  0
40  -4  -80  0
68  74  -47  0
62  66  -13  0
-23  71  46  0
52  34  27  0
94  10  35  0
-43  1  -26  0
1  75  89  0
8  -66  3  0
-42  69  41  0
-83  72  -81  0
100  70  64  0
-58  32  37  0
46  91  4  0
-47  -84  20  0
68  -95  -66  0
-62  -100  47  0
-6  -25  5  0
-12  18  -49  0
93  71  47  0
-4  -52  18  0
64  -44  14  0
55  -57  95  0
86  -34  73  0
45  58  -74  0
-87  73  -68  0
-60  79  89  0
72  40  55  0
-3  19  18  0
-29  -66  99  0
-14  38  -53  0
50  -52  -73  0
39  -46  59  0
-47  49  -30  0
-37  62  9  0
-21  -62  -96  0
67  12  32  0
-55  20  89  0
-51  -90  99  0
-3  -6  73  0
-85  -66  57  0
-55  -3  58  0
-91  13  32  0
19  -97  2  0
80  -97  -32  0
85  -79  97  0
-53  24  90  0
66  -67  -89  0
77  -2  94  0
47  -98  40  0
-8  -80  62  0
61  60  23  0
88  -87  73  0
86  51  18  0
30  -84  41  0
10  -64  7  0
40  21  94  0
-93  98  65  0
-41  -59  -74  0
-80  -71  91  0
34  -81  -63  0
-30  -89  10  0
75  -69  36  0
41  -20  35  0
-74  -6  95  0
99  -91  4  0
-67  75  30  0
46  -50  71  0
36  28  52  0
96  6  -61  0
-40  -60  22  0
-2  -81  -45  0
19  -90  -44  0
-32  50  -84  0
-56  86  -18  0
23  43  73  0
-38  -73  21  0
36  2  -4  0
89  -29  100  0
-30  50  91  0
2  -77  78  0
36  -10  3  0
-73  -10  -77  0
-69  -95  11  0
65  66  -27  0
-14  30  -54  0
48  44  -59  0
84  -55  -86  0
76  75  5  0
75  70  -72  0
52  45  17  0
58  35  6  0
6  -65  27  0
49  3  37  0
-69  52  -91  0
-38  98  -63  0
-10  -67  100  0
73  -55  34  0
48  -79  54  0
100  53  27  0
14  8  39  0
3  88  87  0
-41  -10  57  0
12  81  -53  0
-38  -37  94  0
49  -78  1  0
-55  -20  -50  0
-54  48  64  0
70  -62  -69  0
-83  48  -63  0
45  -1  76  0
-49  41  3  0
-95  -100  9  0
33  41  -32  0
-26  -55  -59  0
-21  71  73  0
-98  84  23  0
22  -11  40  0
-61  100  -77  0
78  33  51  0
-28  48  7  0
-13  40  9  0
15  53  3  0
-27  -7  9  0
-40  -61  -98  0
-13  61  94  0
31  -64  -47  0
4  -18  -55  0
-76  -90  82  0
-52  83  -1  0
-92  -33  97  0
-19  50  -3  0
56  -8  61  0
-74  12  96  0
53  1  -56  0
11  -41  -24  0
-56  75  -28  0
-30  -87  68  0
-99  -73  -49  0
-68  -84  35  0
91  30  77  0
17  88  52  0
49  35  -75  0
36  -4  15  0
69  2  -100  0
22  80  10  0
-78  95  56  0
-57  8  19  0
-77  -79  40  0
-3  -57  27  0
86  -14  -10  0
79  -74  -20  0
-30  78  -53  0
-79  -3  39  0
21  -56  5  0
21  7  -65  0
-51  -79  -5  0
-2  -35  53  0
-5  73  32  0
-18  -83  -62  0
-57  87  -36  0
-18  68  -39  0
92  95  61  0
-12  90  -95  0
-79  -47  -63  0
-16  -90  -83  0
47  10  -85  0
70  -54  -72  0
24  92  47  0
24  37  7  0
27  40  29  0
-12  -13  47  0
54  -51  28  0
82  32  27  0
31  69  77  0
-100  77  18  0
56  -96  -60  0
55  25  -8  0
-17  94  67  0
-46  -19  100  0
-11  64  -61  0
-56  -12  18  0
-73  -64  -9  0
-46  -76  84  0
34  4  -5  0
-16  -54  -53  0
77  96  51  0
14  13  -61  0
-12  72  -5  0
23  33  79  0
43  9  -51  0
-60  -43  -99  0
-17  -43  -3  0
-18  -62  84  0
25  -33  10  0
70  -48  11  0
54  -80  79  0
60  -26  -68  0
-12  22  -31  0
-83  -88  -38  0
-7  94  47  0
89  -98  -36  0
81  -53  70  0
-49  -78  -67  0
66  -86  96  0
74  -15  48  0
13  -3  -89  0
-77  -91  -52  0
-94  63  -60  0
-9  -50  -89  0
-46  7  5  0
-18  77  44  0
56  -42  -58  0
34  89  48  0
-11  59  8  0
-8  83  72  0
10  -24  99  0
40  86  17  0
14  87  32  0
-63  -100  -54  0
-100  88  -92  0
32  -45  -55  0
-81  70  -12  0
66  -33  50  0
23  -3  -78  0
93  91  -48  0
-74  -36  -90  0
-100  83  90  0
10  37  39  0
-10  -11  1  0
-85  29  -91  0
-62  6  -9  0
45  50  74  0
-68  -90  -27  0
90  47  -83  0
17  -40  -44  0
-40  -17  -79  0
-53  -58  63  0
34  46  -84  0
5  -79  96  0
52  -76  -21  0
-97  85  -15  0
70  16  -2  0
-39  -90  -100  0
-10  44  47  0
95  -18  -54  0
20  -52  -93  0
-89  72  -88  0
58  81  -44  0
-84  -76  16  0
-97  4  -87  0
-10  -62  92  0
-20  42  75  0
-68  4  12  0
59  -36  50  0
80  -48  -34  0
54  72  44  0
-98  40  -45  0
-24  -74  76  0
-2  91  -89  0
-36  -67  92  0
55  -1  -100  0
22  90  -67  0
-77  19  12  0
86  70  -46  0
-45  24  27  0
-72  79  -27  0
70  -44  71  0
24  -33  21  0
69  79  12  0
94  53  -43  0
-47  -87  -46  0
54  -27  -11  0
27  87  -100  0
90  -72  2  0
96  32  64  0
-62  33  -76  0
-40  -65  20  0
-77  -75  -84  0
-98  -73  95  0
91  -51  -75  0
84  -25  21  0
-100  -15  -70  0
37  -91  29  0
-72  38  -39  0
-98  -58  38  0
-37  -21  67  0
-11  -88  -77  0
-92  -66  -8  0
83  79  43  0
40  -32  99  0
31  -98  37  0
4  80  78  0
-77  -1  -83  0
43  -32  6  0
11  -47  -22  0
-86  -91  47  0
75  -6  47  0
-98  82  -30  0
64  88  -32  0
-50  89  31  0
-70  77  -100  0
40  -25  -20  0
2  92  -25  0
94  83  -81  0
39  -97  -25  0
82  45  60  0
65  70  1  0
-79  98  27  0
9  50  -39  0
81  70  -13  0
-96  84  1  0
-5  -77  19  0
-17  -23  77  0
-20  -64  55  0
77  13  28  0
-58  69  14  0
-1  60  49  0
61  23  40  0
67  -18  61  0
-14  55  -11  0
86  21  12  0
24  -17  -3  0
-41  88  28  0
27  54  17  0
-23  -26  18  0
46  13  -30  0
-53  65  19  0
-56  65  23  0
94  -58  -78  0
-99  -72  8  0
-47  -87  91  0
67  -79  -88  0
-40  -94  -41  0
2  -42  92  0
-76  67  45  0
-4  6  -5  0
15  -93  37  0
-49  98  -71  0
63  -76  22  0
-44  -74  -86  0
69  41  -65  0
-38  23  -32  0
45  -83  -86  0
-1  87  53  0
-78  90  18  0
-19  51  -43  0
100  67  52  0
44  -90  -99  0
-62  -76  10  0
85  55  -11  0
-63  -97  -61  0
77  -67  -62  0
81  12  32  0
-100  -9  -76  0
-87  28  -96  0
-21  -80  32  0
50  -72  8  0
56  -90  -73  0
-11  49  74  0
79  94  -6  0
72  97  -37  0
7  -65  40  0
41  -46  4  0
-70  -52  -76  0
-64  81  -97  0
-17  -51  19  0
-71  -76  -15  0
33  -39  31  0
78  81  -85  0
-35  -41  60  0
-45  -89  43  0
14  86  47  0
30  3  61  0
-74  40  -6  0
62  -79  50  0
61  -98  -4  0
-68  -18  74  0
96  52  -61  0
