c mkcnf random cnf with seed 44459, max clause length 3
c FORCED SATISFIABLE
c 
p cnf 100  430
-86  -88  -51  0
15  74  -49  0
53  -91  -29  0
41  50  -28  0
-39  -36  -61  0
-48  51  75  0
24  -50  -59  0
-87  -68  4  0
51  84  -42  0
93  47  -21  0
56  36  -12  0
-13  44  -49  0
-59  81  6  0
-72  70  34  0
9  60  -51  0
36  26  -33  0
-97  66  10  0
62  87  -82  0
-91  -13  -3  0
37  95  -45  0
78  36  76  0
53  64  16  0
-99  -31  -81  0
-100  -1  -10  0
87  -73  -41  0
-88  11  92  0
39  74  -43  0
17  96  -95  0
-96  -50  11  0
82  -52  -87  0
14  -68  33  0
4  -2  -33  0
-76  -1  78  0
62  -75  73  0
91  -48  44  0
-39  -71  96  0
-93  -96  -8  0
-99  33  -64  0
-50  -36  48  0
-56  40  -92  0
53  14  -51  0
83  68  -30  0
93  76  9  0
82  74  43  0
-53  -83  -6  0
-20  82  -21  0
75  57  -86  0
-42  -54  38  0
76  -49  83  0
-61  -11  -87  0
63  56  -96  0
36  -52  9  0
77  -28  18  0
84  -87  -70  0
43  86  88  0
30  73  38  0
61  -97  23  0
34  -30  -28  0
-1  79  75  0
-67  -46  23  0
92  91  100  0
-56  -77  42  0
86  18  -46  0
-61  40  -36  0
-49  74  71  0
86  58  64  0
41  -25  -100  0
-4  -93  -78  0
77  -7  84  0
-93  98  -60  0
-96  90  -57  0
-1  -99  -38  0
-8  -19  40  0
78  25  39  0
78  14  -74  0
-70  -69  -94  0
93  59  29  0
-2  98  51  0
64  28  4  0
-17  -89  -19  0
-99  -11  12  0
12  94  14  0
6  38  37  0
55  48  47  0
-44  -93  3  0
-47  -63  -44  0
-8  -5  -36  0
-25  -85  75  0
8  -40  -80  0
-46  58  -84  0
50  -56  94  0
-45  46  -84  0
-45  -33  81  0
74  -49  -81  0
-16  43  -2  0
27  -89  36  0
-2  64  95  0
51  28  -2  0
95  -52  76  0
32  -64  98  0
-54  76  -4  0
13  26  -78  0
8  68  31  0
-18  -79  16  0
-70  57  -17  0
-25  36  -81  0
-26  11  70  0
-75  96  -50  0
-52  -20  -21  0
-91  24  79  0
68  -20  77  0
40  -68  44  0
96  -1  -29  0
79  71  11  0
-53  -52  -84  0
-27  -5  -45  0
34  -69  -72  0
45  -92  -52  0
70  -2  -69  0
77  60  -91  0
4  63  -54  0
-22  -95  5  0
-53  -82  -61  0
-59  -53  50  0
-84  -45  88  0
63  40  66  0
67  2  59  0
-82  38  -96  0
-86  11  93  0
9  -42  -94  0
13  -65  -97  0
-14  -72  54  0
-54  -88  58  0
-54  -1  16  0
-38  -76  59  0
66  95  19  0
-22  38  23  0
62  -5  21  0
52  97  -72  0
-69  -87  -44  0
-92  87  -49  0
60  55  75  0
-12  -9  -86  0
-53  55  98  0
3  5  15  0
-75  7  4  0
-77  2  83  0
-85  -64  -69  0
19  -71  -27  0
-2  -6  -86  0
99  -40  27  0
-84  -71  -18  0
5  96  -56  0
100  24  33  0
-55  -43  53  0
99  42  -11  0
-2  -30  -83  0
-68  -89  -100  0
-64  30  -41  0
-35  -84  32  0
-87  -92  55  0
17  9  44  0
70  42  94  0
75  54  93  0
78  -67  70  0
-58  72  -53  0
-42  35  60  0
83  -8  6  0
81  69  45  0
56  -3  5  0
68  -12  -61  0
83  9  -42  0
44  -67  69  0
35  -39  -59  0
49  -16  4  0
64  26  -23  0
-51  1  -46  0
59  -75  -94  0
-5  -15  -91  0
45  -27  -30  0
-17  80  36  0
88  -67  -74  0
-24  -16  63  0
-78  -65  44  0
97  72  37  0
-85  -40  -45  0
28  -35  12  0
20  -39  5  0
57  82  -60  0
38  29  -44  0
49  40  23  0
9  64  -82  0
-89  -22  90  0
-10  71  -31  0
20  80  92  0
-5  -89  -42  0
-36  -1  42  0
-89  10  -13  0
-6  -41  43  0
-11  -92  64  0
-12  -66  -93  0
-76  -8  -94  0
-38  -65  -82  0
-41  76  33  0
-89  -64  40  0
3  -8  -50  0
-4  -52  -43  0
52  32  14  0
-31  -23  97  0
-98  90  94  0
-42  15  88  0
-91  -81  -14  0
-39  56  -10  0
13  91  -96  0
59  69  87  0
76  -91  -28  0
-56  97  -85  0
-82  -39  -71  0
53  -35  20  0
-53  -48  100  0
50  -19  -57  0
80  -20  89  0
-60  -39  66  0
20  -14  -95  0
-70  -65  1  0
81  -62  -96  0
40  10  75  0
17  93  -31  0
-58  -72  -97  0
-63  20  78  0
-36  100  -71  0
17  42  60  0
36  -48  -98  0
-88  -87  73  0
-11  92  76  0
-37  -57  -84  0
-99  94  23  0
91  35  -86  0
78  96  -56  0
-80  45  -66  0
-71  59  31  0
-52  25  7  0
61  -21  -63  0
-88  28  92  0
28  -62  59  0
22  17  77  0
-98  12  -31  0
72  -47  -51  0
-96  -70  -37  0
-12  29  83  0
46  -71  24  0
45  -23  49  0
42  -17  -40  0
-42  -48  90  0
-78  8  -75  0
-28  -74  -56  0
58  1  -4  0
-42  58  -78  0
76  -51  9  0
35  56  20  0
34  -99  62  0
-44  -59  -25  0
88  -25  -93  0
69  -47  -26  0
20  -99  67  0
-29  -33  -48  0
-99  31  -24  0
83  -7  29  0
49  -46  -63  0
-35  -87  -94  0
88  -1  14  0
-22  81  -55  0
-63  -78  -26  0
-7  -95  41  0
80  10  94  0
15  72  -1  0
93  61  31  0
-95  72  -11  0
-99  -48  3  0
16  96  -84  0
10  -60  62  0
61  -96  32  0
-96  20  -99  0
10  -28  -76  0
-35  84  23  0
-89  33  10  0
75  33  66  0
3  37  -24  0
-61  -37  -4  0
56  -48  44  0
-28  -76  66  0
-67  -11  80  0
-1  99  -72  0
-73  8  65  0
-43  31  48  0
-27  -51  -25  0
31  -49  77  0
-77  -59  80  0
58  -22  -25  0
-48  24  95  0
-18  -23  -17  0
72  85  -12  0
15  50  -34  0
8  99  14  0
59  48  36  0
-50  -21  11  0
-99  35  -46  0
-68  -13  69  0
21  50  -69  0
-64  33  -88  0
-70  -62  80  0
46  43  42  0
77  75  -63  0
99  70  30  0
73  -9  90  0
-43  -68  -14  0
69  74  43  0
28  -18  19  0
-9  86  66  0
64  -83  22  0
-27  -19  -62  0
3  -44  -54  0
-55  -41  -97  0
-36  -98  81  0
-70  83  45  0
39  -60  -29  0
-83  -80  64  0
41  9  32  0
-26  75  4  0
-72  -95  24  0
-57  -55  -77  0
23  18  -91  0
-48  -13  67  0
-96  5  41  0
-23  26  -66  0
-84  39  79  0
41  55  -40  0
69  -86  13  0
96  -69  -67  0
-31  88  -45  0
26  35  -95  0
-44  95  -29  0
-86  -61  21  0
7  35  37  0
56  43  -82  0
76  -71  -83  0
-80  -32  86  0
-14  96  -93  0
-42  -65  -53  0
-19  42  98  0
74  -48  16  0
48  -50  -91  0
-66  -51  -16  0
15  76  -79  0
-80  73  -76  0
26  -71  47  0
70  14  68  0
-65  -20  11  0
10  91  64  0
-68  48  46  0
-94  -28  -40  0
86  -23  38  0
-19  94  -32  0
75  -65  16  0
54  33  -36  0
-50  -35  -43  0
-45  -19  37  0
-29  37  1  0
-22  -98  53  0
-1  -10  -41  0
-3  100  -93  0
-72  26  9  0
19  93  73  0
56  93  28  0
22  26  93  0
-35  58  -64  0
-27  22  -81  0
-100  -92  -79  0
-62  -97  -82  0
-58  55  -93  0
-84  70  -77  0
46  -4  58  0
-82  53  -99  0
-77  -22  -39  0
14  -30  83  0
55  28  84  0
-15  -2  -75  0
22  31  80  0
-85  16  66  0
92  -30  18  0
-3  24  -70  0
-23  55  -81  0
-93  -61  89  0
-81  47  -49  0
87  -65  77  0
59  -73  34  0
-39  -18  3  0
67  32  75  0
-52  46  -60  0
-71  30  -91  0
-34  74  -33  0
11  81  40  0
-87  -81  75  0
46  -51  -38  0
-79  55  -37  0
-64  -13  4  0
-79  91  -62  0
61  -32  23  0
-52  77  95  0
-33  30  38  0
-54  75  -29  0
-30  -6  -4  0
-65  -45  -42  0
-94  38  58  0
79  -15  -71  0
82  -77  -28  0
71  42  35  0
80  8  -61  0
-91  59  -76  0
87  27  59  0
11  -88  -77  0
-68  -79  -98  0
-31  -8  43  0
-76  -25  -73  0
43  -38  -51  0
-60  -25  -4  0
-97  31  12  0
-96  -62  54  0
60  8  -25  0
34  -4  18  0
