c mkcnf random cnf with seed 44419, max clause length 3
c FORCED SATISFIABLE
c 
p cnf 100  430
85  75  -53  0
-12  48  -91  0
-38  72  86  0
-76  -71  -83  0
-13  92  5  0
21  45  -48  0
91  36  -98  0
53  40  92  0
81  52  -2  0
38  78  75  0
-93  80  75  0
-37  -49  40  0
30  94  43  0
-86  -48  -26  0
-60  -30  74  0
43  74  45  0
77  16  -41  0
37  -8  30  0
-19  -50  33  0
-11  31  98  0
78  -55  23  0
11  16  -61  0
-42  -4  9  0
-56  81  35  0
67  -19  59  0
72  56  11  0
-47  -76  -58  0
90  54  26  0
-49  58  -30  0
1  -29  -23  0
83  51  -13  0
-32  45  1  0
66  -80  15  0
-50  -38  1  0
-94  7  -68  0
-45  22  -80  0
2  99  98  0
35  -32  97  0
-17  -15  -65  0
57  21  -35  0
68  -55  97  0
98  -96  35  0
56  48  -89  0
-26  -55  -75  0
-48  -11  -86  0
-89  -35  97  0
35  43  78  0
-38  90  -65  0
-6  98  -49  0
-100  70  56  0
-40  46  62  0
-61  -18  -91  0
27  2  71  0
61  -83  -2  0
-62  -33  -97  0
98  70  69  0
-53  79  30  0
-12  -63  36  0
-100  -70  72  0
-9  -83  36  0
-91  70  42  0
53  2  83  0
56  82  88  0
91  -24  -90  0
46  -26  -93  0
55  -44  -18  0
87  -57  17  0
81  54  -88  0
-79  -57  -19  0
50  63  -93  0
-10  25  -9  0
80  15  59  0
5  22  24  0
-52  -85  -59  0
77  -71  12  0
18  -23  83  0
84  -23  38  0
7  37  -12  0
-15  -61  -53  0
51  -55  79  0
6  72  31  0
65  27  -40  0
-11  82  -92  0
-24  82  -76  0
-58  -90  -22  0
-50  -25  -96  0
36  -88  10  0
50  -35  -47  0
-97  48  5  0
54  -76  22  0
65  -67  -16  0
-54  75  73  0
33  -32  -70  0
-3  -82  -100  0
78  69  39  0
25  54  -100  0
80  89  -87  0
75  83  -26  0
-95  57  44  0
-57  -68  53  0
-56  100  -85  0
59  -89  -47  0
-80  -78  52  0
-96  -49  -29  0
-68  82  -77  0
-35  83  -48  0
71  41  75  0
-41  -85  -21  0
-29  -40  -4  0
1  18  -76  0
-88  36  92  0
15  -17  36  0
40  32  4  0
35  17  -57  0
-77  88  -32  0
36  -16  79  0
-8  -33  9  0
27  -76  -73  0
58  -32  -79  0
7  -92  -81  0
35  -12  -44  0
37  74  -16  0
69  70  58  0
-81  8  -76  0
78  -31  92  0
-3  59  48  0
34  -38  -12  0
94  -93  -34  0
81  66  12  0
6  -63  68  0
-47  -86  5  0
-37  -54  -11  0
-47  64  56  0
98  -4  -5  0
89  37  68  0
36  -67  -3  0
-98  -42  91  0
96  -25  -61  0
43  -20  30  0
3  -84  33  0
78  33  45  0
85  -28  -57  0
69  82  -54  0
48  35  -42  0
12  -2  -76  0
-94  -83  -100  0
15  53  -13  0
-24  44  7  0
45  33  63  0
40  88  97  0
33  75  -49  0
65  92  -5  0
11  -44  -25  0
40  -15  71  0
10  -41  53  0
78  -43  3  0
56  -22  23  0
-44  74  -72  0
12  91  13  0
-87  95  80  0
-36  66  -58  0
37  7  65  0
1  56  18  0
-84  27  97  0
32  21  -9  0
6  -4  -18  0
100  -70  30  0
23  -74  72  0
-32  -1  -26  0
42  64  -86  0
5  78  -98  0
-36  50  -10  0
54  50  32  0
77  72  31  0
100  -21  -68  0
78  -46  25  0
2  49  -25  0
50  29  15  0
80  12  -69  0
22  98  -6  0
-79  -9  -38  0
-93  96  79  0
-90  89  11  0
18  57  29  0
-14  -80  -44  0
-96  -61  41  0
48  33  -84  0
-52  -22  -98  0
-29  38  84  0
75  -34  42  0
2  59  43  0
-87  32  92  0
50  36  -24  0
72  -100  30  0
17  -70  94  0
-92  32  44  0
-37  73  -66  0
86  -80  1  0
-83  -50  15  0
-50  -11  6  0
88  -10  58  0
-76  -96  -55  0
31  82  10  0
35  99  23  0
-48  67  -36  0
-13  11  -42  0
-64  -84  -59  0
22  32  89  0
80  47  2  0
27  -40  17  0
13  23  27  0
68  -18  90  0
87  55  -81  0
-49  53  -68  0
-47  -45  22  0
-17  -95  -22  0
-61  -21  -90  0
74  100  -30  0
-48  -77  12  0
-16  37  -21  0
14  -99  -87  0
41  -21  -12  0
-43  -63  80  0
53  -85  -37  0
13  30  38  0
-64  -2  38  0
26  23  24  0
95  -72  -26  0
-42  -56  -47  0
-69  35  -14  0
5  -2  8  0
97  87  -44  0
31  19  3  0
24  -51  -68  0
56  63  -99  0
99  -37  -15  0
-53  -83  87  0
-60  22  61  0
-90  53  -87  0
-45  -61  -68  0
16  75  -69  0
56  -92  -44  0
47  82  -63  0
3  -51  -33  0
32  -1  -70  0
-92  -48  -17  0
-50  71  26  0
-14  31  -44  0
-30  58  79  0
93  -81  17  0
18  -44  12  0
-39  -57  -30  0
-77  83  21  0
34  -100  98  0
-39  -20  11  0
-32  96  -4  0
-45  9  47  0
-51  -45  39  0
-55  -16  39  0
-15  -1  -70  0
-48  -64  86  0
83  -66  -16  0
-95  -58  70  0
64  100  38  0
98  23  -29  0
85  -50  -5  0
55  -81  44  0
-64  52  4  0
20  27  51  0
8  59  -32  0
-51  -44  68  0
82  87  -88  0
-13  59  -2  0
5  -81  -68  0
29  47  22  0
62  73  -18  0
-77  -72  55  0
-27  20  -18  0
-40  66  60  0
43  -2  -98  0
-14  22  21  0
-67  -90  10  0
-56  -85  96  0
-99  19  -83  0
18  -94  57  0
-35  24  55  0
-83  -3  9  0
75  13  96  0
26  12  41  0
82  -51  -36  0
82  47  -7  0
41  82  -73  0
-51  96  -91  0
-90  30  -47  0
-86  42  57  0
-40  -31  89  0
-17  -71  -72  0
-17  -30  -48  0
60  95  -51  0
-37  -43  -4  0
49  -43  64  0
-52  78  -32  0
92  67  -87  0
-2  -25  -40  0
30  -89  10  0
72  -15  67  0
-93  12  26  0
-54  -12  27  0
71  6  92  0
-10  63  -9  0
-52  -33  98  0
80  44  -18  0
-10  -8  -100  0
-64  -54  4  0
-70  -75  77  0
-66  62  88  0
37  93  -79  0
-73  -76  94  0
-77  -27  -24  0
-59  -48  39  0
63  -52  25  0
86  15  -23  0
23  -91  26  0
-23  -20  -56  0
-48  -50  23  0
-51  97  -81  0
-16  -66  -62  0
-49  96  97  0
45  73  -66  0
24  -90  44  0
-29  -69  62  0
72  86  63  0
-24  -50  54  0
-35  -64  -15  0
23  -83  6  0
-93  100  -73  0
-36  -43  -25  0
-97  -74  -81  0
-100  -33  -18  0
-24  -22  89  0
-85  26  -81  0
-77  99  28  0
48  3  82  0
15  -70  33  0
42  -50  -49  0
-81  -55  59  0
-91  75  -47  0
-84  -16  -64  0
89  -42  12  0
99  -11  43  0
9  -68  -26  0
11  -21  -64  0
16  81  -38  0
76  2  -89  0
-17  -68  -65  0
78  48  57  0
12  -37  -1  0
55  -88  -81  0
12  2  -22  0
-71  13  -56  0
-52  -46  -25  0
-73  -6  61  0
43  -83  11  0
47  -100  30  0
-92  -74  -70  0
-78  -92  -77  0
47  -70  25  0
-99  77  88  0
-68  -55  -13  0
17  -6  -96  0
97  -96  -10  0
-43  -77  74  0
28  -50  -7  0
68  -5  -94  0
11  -91  -67  0
-90  -11  -36  0
-34  -78  -93  0
-45  -3  -16  0
-5  -68  -78  0
61  -46  58  0
-85  -5  -46  0
28  -62  8  0
94  -36  -46  0
81  92  53  0
-74  -90  -38  0
5  28  57  0
-22  -27  -47  0
-75  2  -25  0
-70  -19  -46  0
-78  25  -19  0
-15  -33  7  0
33  17  65  0
-71  -25  46  0
9  15  -72  0
-55  17  -8  0
-76  30  -63  0
-88  -97  -59  0
34  55  -80  0
12  -16  66  0
16  9  17  0
-27  -13  31  0
49  5  85  0
-93  -58  41  0
-83  -89  47  0
-87  -56  26  0
50  -36  -52  0
-67  -89  68  0
94  73  -99  0
-39  -38  33  0
99  -16  -96  0
58  90  57  0
46  -64  42  0
31  -81  54  0
31  7  -45  0
76  -45  40  0
28  -30  58  0
63  89  34  0
-57  -71  42  0
45  -21  -76  0
71  93  -7  0
66  65  56  0
44  63  91  0
66  -22  94  0
-17  -87  -54  0
-92  -3  -13  0
-76  -79  41  0
85  37  75  0
20  62  -73  0
-98  42  -69  0
-14  -24  92  0
