c mkcnf random cnf with seed 44392, max clause length 3
c FORCED SATISFIABLE
c 
p cnf 100  430
-29  53  -44  0
-80  88  -42  0
-4  -99  -38  0
-9  4  -7  0
10  -33  84  0
45  26  -82  0
-55  -76  -75  0
19  -52  -25  0
-54  -30  35  0
12  61  -85  0
58  -57  -82  0
-7  52  81  0
-51  -11  -30  0
-66  45  94  0
100  90  49  0
38  -4  78  0
23  -1  -69  0
19  44  -98  0
35  93  -11  0
82  92  93  0
-68  77  -27  0
-31  -60  47  0
43  2  18  0
33  14  79  0
-15  -7  -92  0
-25  -39  -94  0
25  -11  41  0
-5  -88  -81  0
16  -58  11  0
13  86  88  0
-28  77  -86  0
-8  36  58  0
-40  46  66  0
-24  -93  42  0
-32  37  31  0
-13  -63  47  0
49  87  2  0
-67  28  51  0
96  15  29  0
36  -41  -8  0
100  84  90  0
-32  -60  3  0
55  -39  -86  0
84  -49  99  0
-82  97  30  0
19  76  95  0
6  48  -15  0
-23  50  -61  0
98  2  -1  0
28  -40  -12  0
15  7  -89  0
49  40  -9  0
45  84  -42  0
32  34  -46  0
93  -86  -54  0
32  75  90  0
-62  -79  -31  0
8  -89  61  0
-59  42  -52  0
70  7  -71  0
65  -84  -52  0
-37  12  18  0
-9  49  -63  0
-67  -62  14  0
48  -45  -65  0
-41  -70  56  0
-90  -96  -84  0
6  -11  48  0
26  -14  -76  0
-30  -80  -34  0
-97  70  -86  0
-35  29  65  0
-91  67  -57  0
-74  86  23  0
61  83  -2  0
-97  66  29  0
18  6  34  0
-42  89  -69  0
65  100  -30  0
-30  -25  -80  0
14  75  -20  0
90  -46  -57  0
72  -27  76  0
91  -54  26  0
-88  -70  63  0
31  -49  13  0
42  67  75  0
-1  -35  -4  0
-32  -77  -99  0
53  100  -23  0
-71  13  -72  0
15  29  -18  0
75  16  -88  0
-31  -73  -22  0
-16  9  52  0
-94  41  99  0
2  26  47  0
-79  -41  12  0
69  -88  -54  0
36  -73  7  0
-54  41  81  0
22  -12  8  0
58  43  28  0
56  -31  -95  0
28  -100  65  0
-29  63  97  0
59  65  -45  0
37  70  42  0
-4  35  -95  0
-95  94  -59  0
16  -70  79  0
-79  46  42  0
-51  -70  35  0
-62  58  78  0
98  46  3  0
-56  23  13  0
-62  95  -9  0
-41  80  25  0
1  97  -39  0
-52  67  -86  0
5  9  87  0
-4  75  -83  0
65  32  -78  0
-67  -86  55  0
31  68  88  0
43  31  -1  0
-84  -6  7  0
43  74  -73  0
86  92  -9  0
-89  56  32  0
-70  4  -7  0
46  -49  9  0
-5  -33  -35  0
-38  75  -78  0
8  -7  32  0
56  78  -66  0
-100  67  47  0
49  41  -6  0
-66  13  -73  0
71  -33  -78  0
51  -13  -89  0
56  -48  33  0
89  -91  70  0
19  -86  -76  0
87  -81  94  0
19  61  -49  0
43  86  94  0
-9  -98  51  0
7  -41  15  0
42  -99  -25  0
66  -24  40  0
-41  18  -15  0
-72  -43  -40  0
-64  96  -58  0
-63  -21  -46  0
-15  56  85  0
-31  42  -70  0
-65  -13  -56  0
69  52  -93  0
-19  -27  54  0
73  -65  4  0
75  3  -11  0
10  -39  -61  0
90  -22  -95  0
35  -25  28  0
80  57  -75  0
-67  4  59  0
-25  24  -73  0
-31  -46  -29  0
-31  58  70  0
-77  90  91  0
48  -90  44  0
-7  -58  -88  0
-96  -46  -77  0
-35  -45  -72  0
-47  -71  49  0
8  37  -91  0
-57  79  -24  0
-25  68  28  0
-71  97  -18  0
79  12  -98  0
43  88  -87  0
-29  97  -80  0
23  61  94  0
80  -96  -7  0
58  71  44  0
10  43  -39  0
93  -74  -87  0
7  -100  70  0
50  -80  39  0
69  43  45  0
25  24  72  0
-12  24  -1  0
21  -79  37  0
48  51  90  0
89  57  -68  0
80  82  62  0
-73  -62  9  0
-41  -3  81  0
-62  -78  -7  0
72  77  -26  0
-36  -41  -49  0
98  -93  67  0
-30  -76  -58  0
36  71  96  0
-92  -79  -98  0
26  100  44  0
90  -11  77  0
-30  -27  98  0
93  -23  -96  0
-17  -82  -93  0
6  -52  -60  0
9  -74  -85  0
-52  -89  -68  0
21  57  -87  0
60  77  29  0
12  -19  39  0
-40  15  56  0
-41  39  7  0
93  57  -91  0
-50  -41  -75  0
15  43  -10  0
-15  -47  67  0
-48  2  -8  0
-19  69  44  0
-45  -76  71  0
73  14  -49  0
6  2  -91  0
-20  43  -13  0
80  -6  -99  0
63  42  3  0
-96  99  82  0
1  92  86  0
-6  57  64  0
97  30  -86  0
59  31  70  0
24  -90  -96  0
-85  -72  91  0
19  27  28  0
-21  70  -2  0
87  -32  71  0
62  -17  -47  0
-21  24  -8  0
36  -2  90  0
-33  -37  92  0
-58  60  -23  0
94  99  -59  0
-1  -17  -86  0
56  -6  -97  0
96  42  -55  0
-28  31  88  0
-12  33  20  0
17  -25  43  0
69  23  75  0
84  68  -35  0
-11  -10  -49  0
77  34  -98  0
44  42  22  0
-7  53  70  0
68  -76  -22  0
28  38  -67  0
-98  43  -89  0
84  -77  16  0
-35  46  53  0
-77  72  -78  0
-74  -16  87  0
-6  89  -33  0
-83  -16  -42  0
-57  45  -36  0
-82  70  -51  0
94  -93  -82  0
61  -3  -4  0
-63  -29  -9  0
-46  -75  -9  0
11  -91  -70  0
-99  46  22  0
88  -19  9  0
31  -89  -82  0
-63  -100  95  0
-95  47  94  0
6  52  -39  0
-55  -72  57  0
-61  98  -19  0
20  56  49  0
95  29  -83  0
-32  42  41  0
-92  70  -5  0
-22  -2  19  0
36  -30  -4  0
10  -83  38  0
59  17  32  0
89  -8  25  0
4  -65  29  0
-61  -14  76  0
66  -9  20  0
87  -81  -33  0
-60  -7  71  0
37  -56  49  0
-43  -64  -38  0
39  -46  44  0
43  -24  -16  0
-98  -39  -28  0
3  -11  81  0
-69  16  -99  0
15  -14  41  0
30  -23  83  0
-54  -23  52  0
-96  61  -73  0
78  -35  11  0
-6  31  -19  0
-25  95  -96  0
-81  42  -25  0
-38  27  96  0
-89  -41  85  0
53  -92  -52  0
13  -48  39  0
-33  15  84  0
48  68  -99  0
50  -9  46  0
58  -8  5  0
45  -93  88  0
32  -35  74  0
-8  17  -11  0
-91  80  -79  0
47  28  -55  0
86  -3  60  0
-67  72  77  0
25  -11  13  0
-78  54  12  0
56  -14  -43  0
-88  -21  -3  0
30  -17  -77  0
-90  19  -91  0
95  68  14  0
9  -63  20  0
25  30  49  0
-28  61  -65  0
18  -10  82  0
-37  -9  -79  0
39  97  79  0
13  -71  -52  0
64  -53  72  0
39  -45  -6  0
-91  48  -69  0
-65  97  -78  0
53  73  -98  0
-7  13  47  0
21  3  95  0
88  97  -70  0
29  -15  5  0
-2  -61  -88  0
45  -38  -75  0
-5  -96  -98  0
44  -92  37  0
-44  16  75  0
2  74  -36  0
-58  76  -57  0
52  93  -47  0
9  16  -82  0
49  100  69  0
-17  3  27  0
-53  -31  69  0
50  -1  100  0
50  87  3  0
1  63  97  0
-52  -42  -86  0
96  60  -80  0
-81  78  -67  0
-34  -90  70  0
76  -56  34  0
-82  -56  -4  0
27  -26  -54  0
98  -14  59  0
21  74  29  0
12  92  -43  0
-69  49  -84  0
72  3  95  0
91  -17  -4  0
81  60  -32  0
22  50  89  0
28  86  -29  0
9  48  -23  0
-66  -5  -63  0
-45  -65  -99  0
-43  -25  -52  0
39  36  -82  0
8  44  -35  0
-80  20  45  0
-10  -58  -28  0
15  -72  83  0
89  -6  66  0
13  -87  -38  0
70  -77  62  0
-24  32  96  0
-25  -48  4  0
-33  -41  -26  0
28  -46  67  0
-6  59  81  0
-46  -36  -68  0
61  89  81  0
51  48  61  0
58  25  86  0
80  70  -31  0
-32  -1  -94  0
-21  12  97  0
-82  97  -72  0
1  -51  34  0
-6  -53  -88  0
-75  -80  37  0
-36  -49  58  0
-5  67  -94  0
92  19  -46  0
81  44  -89  0
-51  -66  -17  0
-56  -76  93  0
38  -67  27  0
8  61  38  0
90  -33  -11  0
8  -38  54  0
-99  -15  -98  0
8  78  -61  0
12  -38  -83  0
-8  62  -10  0
-73  4  78  0
96  56  -25  0
49  76  -34  0
-84  43  32  0
-64  -4  -43  0
80  77  23  0
75  13  74  0
