c mkcnf random cnf with seed 44431, max clause length 3
c FORCED SATISFIABLE
c 
p cnf 100  430
65  18  23  0
75  95  -27  0
-23  -48  -52  0
-39  -8  99  0
52  -28  -61  0
55  11  -34  0
-48  92  1  0
-51  94  97  0
38  45  9  0
100  -53  91  0
84  -37  10  0
89  -16  78  0
-22  82  95  0
-31  10  41  0
88  27  11  0
47  54  51  0
-55  100  85  0
-65  79  4  0
61  -14  19  0
71  5  -76  0
10  15  -5  0
-38  -8  59  0
-56  -24  44  0
-76  -26  -78  0
-33  -98  -2  0
29  7  98  0
65  47  -3  0
100  36  86  0
-75  55  43  0
56  -55  -81  0
55  -83  -31  0
95  66  29  0
-42  37  14  0
-83  -42  9  0
-82  48  14  0
99  98  84  0
-71  81  -75  0
-36  -91  -46  0
-26  -14  17  0
23  -84  28  0
29  62  -19  0
-25  -63  43  0
-35  -90  56  0
11  -93  -51  0
-10  21  19  0
86  45  -6  0
3  90  85  0
74  46  78  0
76  36  75  0
67  -66  -47  0
63  78  -18  0
-43  48  53  0
-1  -52  2  0
-21  43  93  0
-55  97  2  0
75  84  91  0
64  -48  40  0
98  -12  92  0
-9  -56  -50  0
53  -21  -70  0
-44  14  -23  0
-5  18  -87  0
-23  37  -12  0
-13  -36  -31  0
68  -32  -1  0
-80  76  -18  0
-95  -84  -50  0
58  34  54  0
68  69  -24  0
63  -23  100  0
-24  -30  75  0
-49  -61  -36  0
-61  39  -17  0
-99  -60  -33  0
12  -25  51  0
56  28  80  0
-33  63  84  0
12  87  -14  0
-62  56  -41  0
52  44  -57  0
-99  30  -2  0
-22  48  16  0
-30  73  70  0
89  -11  -77  0
-47  11  -100  0
-48  -55  74  0
-80  -22  -84  0
82  72  -4  0
3  -97  -84  0
52  -32  -53  0
-11  78  -77  0
56  91  -10  0
-9  23  67  0
-54  1  43  0
21  -6  -42  0
-95  -72  84  0
55  -93  58  0
-23  -16  -14  0
97  -80  75  0
-24  -63  -28  0
100  80  99  0
79  -84  95  0
48  27  66  0
17  6  -78  0
-16  97  -86  0
-97  -78  100  0
38  16  -63  0
38  64  -5  0
-28  -17  38  0
-85  -6  59  0
-47  91  -8  0
-51  -30  1  0
-37  15  -86  0
-3  -39  -91  0
61  18  84  0
77  -100  -99  0
59  -35  39  0
60  -51  80  0
-67  -93  17  0
49  -32  95  0
90  44  48  0
68  -70  -25  0
94  -20  -24  0
27  -19  25  0
34  55  53  0
-40  57  -63  0
-63  43  29  0
17  46  10  0
-74  -26  73  0
-32  -9  -29  0
-31  15  47  0
-57  -98  -18  0
99  -50  72  0
-57  -28  64  0
21  88  -96  0
36  -47  -2  0
-80  -12  4  0
-24  78  -43  0
-19  -87  -34  0
-65  -18  -52  0
12  -91  47  0
1  77  42  0
36  -61  -87  0
85  -30  93  0
-1  -54  -66  0
10  -79  58  0
86  81  -77  0
96  4  32  0
-93  48  -31  0
26  -100  90  0
29  58  60  0
-56  -65  90  0
-77  90  -35  0
90  98  -81  0
88  -38  45  0
-30  -34  39  0
36  -67  -49  0
-82  -93  48  0
-52  71  -97  0
2  -84  -22  0
-84  -19  -97  0
29  30  40  0
-40  -72  -92  0
89  56  -10  0
49  -87  -96  0
92  3  77  0
-49  -64  40  0
-94  31  39  0
-53  -76  -22  0
91  93  82  0
-24  45  -81  0
-82  -90  -32  0
-6  46  -64  0
-77  66  -20  0
-20  47  69  0
21  -16  6  0
-8  -6  -73  0
81  -92  -36  0
-14  -87  80  0
-60  -99  64  0
36  -11  -83  0
28  -2  57  0
-96  -86  -63  0
27  2  9  0
-86  74  -7  0
42  -5  -45  0
-67  -91  35  0
16  -31  -64  0
-40  60  -4  0
-66  99  -78  0
-33  -52  -92  0
68  23  48  0
-25  -38  56  0
-55  -9  72  0
34  33  15  0
-99  39  75  0
-47  -83  -55  0
-19  -9  -15  0
-87  -52  -94  0
-11  53  -38  0
-17  -89  36  0
-48  -1  29  0
47  61  -77  0
-100  91  -29  0
-19  61  48  0
54  -56  91  0
43  36  -28  0
1  35  74  0
-21  -43  -26  0
20  29  50  0
-52  3  -100  0
22  -85  -98  0
-61  -71  24  0
-47  -83  37  0
-70  -27  -78  0
58  29  -85  0
-89  15  -90  0
56  59  38  0
41  -96  36  0
-55  -33  -45  0
38  19  26  0
-9  52  -87  0
-48  -59  -23  0
-36  83  -5  0
9  84  -33  0
-10  -33  -69  0
-45  38  -62  0
100  3  -90  0
-10  98  83  0
-63  89  66  0
-30  81  -75  0
-10  33  13  0
26  41  99  0
47  -82  -17  0
-90  -52  -65  0
35  -44  -47  0
-76  100  -20  0
-43  27  -48  0
-39  -50  -98  0
97  -10  95  0
-19  -16  30  0
-65  -28  95  0
94  -14  85  0
-4  78  58  0
-87  -58  11  0
19  41  16  0
58  -95  -15  0
67  93  -100  0
-42  -87  -73  0
28  51  36  0
-65  -86  -20  0
-20  6  -67  0
24  5  -3  0
-53  -39  -47  0
19  70  -74  0
-66  -97  -49  0
84  -92  7  0
92  -91  -62  0
-94  97  -28  0
-26  -8  -58  0
29  -3  42  0
-37  73  26  0
-33  -97  34  0
-19  -58  -73  0
37  -58  -52  0
-53  -17  -41  0
75  73  39  0
-64  97  -27  0
66  94  67  0
-98  -41  11  0
-93  78  81  0
-24  -92  -60  0
-85  49  71  0
-98  3  -6  0
-60  93  56  0
20  -93  97  0
-19  30  -96  0
25  -48  47  0
51  -60  57  0
-41  -5  -19  0
39  -44  -57  0
-32  -49  -45  0
-94  81  -87  0
-52  -17  81  0
-50  -78  55  0
18  51  -29  0
67  -100  53  0
-13  -20  17  0
-73  92  -43  0
32  -82  1  0
-65  -58  14  0
-100  25  28  0
72  -43  80  0
74  18  88  0
-1  68  49  0
23  -19  92  0
-81  -66  60  0
-8  87  -81  0
-1  -76  -73  0
-23  78  -29  0
-51  55  -13  0
-64  -23  65  0
-83  36  -66  0
20  50  -40  0
-48  -82  25  0
-40  44  -49  0
-93  54  71  0
-50  -93  33  0
-46  66  75  0
-20  10  -63  0
5  -40  78  0
26  -53  40  0
33  -19  -12  0
-16  -48  -87  0
-64  2  77  0
42  3  12  0
75  90  73  0
8  -99  -78  0
-89  -91  -70  0
44  -6  12  0
43  -93  67  0
-97  -33  84  0
40  84  -53  0
46  95  -63  0
-16  -60  9  0
52  82  35  0
-28  10  88  0
93  7  -51  0
-47  -94  100  0
-13  39  87  0
-9  48  -12  0
38  -17  -66  0
-72  97  50  0
-78  37  39  0
78  -36  -70  0
3  -62  84  0
-42  -1  -52  0
23  57  -37  0
-12  -3  -16  0
55  82  -28  0
80  -5  -6  0
-14  53  66  0
-20  27  -88  0
19  84  -68  0
-31  -5  -76  0
46  -30  88  0
-19  -18  100  0
58  94  -31  0
11  59  -90  0
-8  -96  -14  0
86  -90  -52  0
-28  -52  -27  0
40  96  14  0
-36  -71  67  0
-12  54  13  0
-65  -85  -68  0
-60  -9  -74  0
-43  26  46  0
-16  98  83  0
35  -21  84  0
33  53  88  0
-51  -49  -3  0
-45  70  -71  0
82  89  -6  0
-28  -43  -30  0
41  -59  -11  0
-71  -64  -80  0
-51  74  -82  0
3  -33  72  0
-33  -1  -35  0
68  -22  -91  0
9  29  93  0
-10  65  -31  0
-8  -47  -54  0
-51  92  -77  0
-67  22  82  0
43  -80  70  0
-14  -70  -45  0
55  59  -45  0
-87  -6  43  0
-92  -37  32  0
37  -41  -77  0
75  77  41  0
75  -89  -82  0
-22  -56  -10  0
3  75  88  0
-87  26  -12  0
61  -25  -5  0
-18  -58  91  0
95  -72  -59  0
91  8  99  0
69  38  -96  0
-23  54  47  0
31  75  18  0
18  -12  -40  0
-4  85  -14  0
-39  21  61  0
57  20  -25  0
13  -24  -86  0
69  45  -68  0
-76  -19  99  0
78  73  9  0
-58  47  13  0
-5  -89  55  0
1  -50  9  0
-64  -8  95  0
97  -49  91  0
-63  23  35  0
4  99  38  0
-92  -96  -4  0
47  69  -74  0
80  98  -81  0
-13  -61  11  0
18  60  35  0
-75  85  -29  0
-40  34  33  0
-12  44  18  0
-27  -42  -69  0
-53  69  40  0
-42  -61  -66  0
24  90  -82  0
63  -28  79  0
54  -35  65  0
-8  -79  99  0
-32  10  -2  0
81  -77  -29  0
82  25  14  0
-1  -89  18  0
18  46  -31  0
-71  -35  40  0
