c mkcnf random cnf with seed 44439, max clause length 3
c FORCED SATISFIABLE
c 
p cnf 100  430
-86  -81  70  0
55  -82  -3  0
-55  38  -21  0
-59  27  66  0
-63  49  27  0
-44  28  -72  0
-36  44  23  0
-57  67  61  0
63  34  -8  0
-60  -78  -56  0
-76  13  -85  0
-8  -94  -21  0
20  -54  26  0
-82  -87  -40  0
-68  -80  79  0
83  -88  31  0
87  5  64  0
-53  -74  -83  0
-20  -23  28  0
-48  35  58  0
98  -49  22  0
-22  100  -74  0
-17  44  77  0
-55  90  -80  0
-49  12  37  0
-96  72  23  0
55  -76  56  0
75  -51  32  0
76  36  -13  0
-77  54  -50  0
13  83  -52  0
19  -8  66  0
31  96  -28  0
40  37  61  0
-67  17  40  0
73  22  19  0
-39  72  -97  0
-87  54  -45  0
-99  -83  -19  0
1  -65  -85  0
-52  -31  10  0
71  7  21  0
-96  -82  40  0
48  -23  62  0
95  -14  66  0
-77  31  97  0
-51  -2  44  0
-31  61  7  0
-89  -46  48  0
-97  -41  52  0
65  96  69  0
-38  -55  -43  0
-68  -7  74  0
4  -77  80  0
69  -47  -90  0
75  43  95  0
20  -67  -95  0
19  88  -45  0
-13  -59  -31  0
72  -88  -36  0
-98  9  89  0
-100  51  -44  0
34  32  8  0
-100  26  46  0
-80  -81  99  0
63  -90  72  0
-9  -27  92  0
-80  22  24  0
-91  -94  -13  0
-63  76  19  0
37  -26  -29  0
-65  -52  -60  0
58  -57  -44  0
-14  -10  54  0
53  -73  -25  0
-7  21  10  0
-70  30  -42  0
-61  -54  -13  0
-16  -36  -48  0
-50  -84  45  0
21  -68  -5  0
-65  94  -58  0
-6  64  -82  0
8  -86  89  0
97  15  -89  0
18  -52  77  0
-92  21  55  0
46  51  83  0
77  72  -68  0
-2  85  90  0
-47  -13  99  0
-82  -6  -98  0
-41  62  39  0
27  -84  35  0
43  12  -99  0
-56  98  -40  0
-4  28  43  0
-80  -34  -30  0
-52  -90  -5  0
34  32  -58  0
93  68  38  0
-49  -6  80  0
-94  79  4  0
-13  86  -61  0
-14  28  -57  0
-97  -79  89  0
-15  -35  80  0
20  86  -79  0
9  -47  -49  0
87  -70  -83  0
-52  22  -24  0
63  56  19  0
100  93  -17  0
-21  100  -41  0
-59  83  90  0
55  66  -65  0
-73  -39  -40  0
42  -38  -59  0
-48  -28  69  0
24  -100  -82  0
-8  -28  24  0
-100  1  -46  0
-37  -73  -12  0
26  -14  27  0
10  44  96  0
-53  31  24  0
38  -46  -88  0
-85  20  59  0
-93  51  4  0
49  -10  -89  0
-97  -18  42  0
43  -61  -34  0
4  51  14  0
45  -47  -53  0
72  -28  37  0
-27  33  74  0
-23  -37  81  0
2  65  -68  0
-59  -50  -86  0
75  -58  89  0
-57  -79  100  0
-21  99  -96  0
33  87  -82  0
-44  77  23  0
-93  27  -53  0
69  1  -4  0
-9  -1  4  0
18  3  9  0
-87  27  -51  0
20  -24  -5  0
-40  33  -1  0
-17  -92  77  0
-30  96  36  0
15  73  25  0
26  -60  28  0
91  -70  -87  0
98  -52  86  0
-82  -62  73  0
69  1  15  0
27  -35  95  0
-48  -79  -97  0
36  -35  -80  0
-60  -25  -100  0
-52  36  15  0
55  12  48  0
-35  66  -34  0
-61  -48  -86  0
-88  50  67  0
-70  -83  -86  0
84  -100  -24  0
79  -66  74  0
100  89  94  0
-5  58  80  0
73  -3  -71  0
27  -18  -39  0
-93  -89  -6  0
69  -84  -68  0
-84  -59  -57  0
-92  -90  -72  0
-17  54  49  0
54  26  82  0
80  64  -26  0
-20  -21  65  0
18  5  -55  0
-12  -47  21  0
31  58  -91  0
-44  -18  82  0
65  83  64  0
67  -18  -65  0
26  -81  -91  0
-12  30  73  0
97  -56  -57  0
-47  -1  -40  0
-11  20  26  0
32  -8  77  0
33  34  -96  0
17  -3  4  0
23  75  85  0
-62  24  46  0
-55  -75  91  0
-62  72  -45  0
9  44  -22  0
63  62  -93  0
15  26  76  0
-51  48  -20  0
70  57  -74  0
-95  -44  2  0
34  95  43  0
37  68  66  0
15  -81  59  0
60  90  64  0
-49  -51  -100  0
-40  65  -4  0
81  -24  76  0
-78  71  -62  0
-60  79  82  0
-86  1  -18  0
56  -3  100  0
-20  79  61  0
-68  -11  -86  0
-62  51  21  0
-11  88  62  0
-91  -49  -68  0
-91  59  40  0
97  -25  50  0
79  -91  -80  0
21  57  16  0
-77  -70  -71  0
-48  7  97  0
41  -26  -21  0
8  71  33  0
-63  -96  -49  0
-80  -27  -78  0
-10  -48  32  0
-19  78  -34  0
93  -17  22  0
83  38  -3  0
74  30  -83  0
-68  57  78  0
87  75  33  0
43  -29  19  0
-91  62  -71  0
73  -76  -49  0
66  46  -63  0
32  43  -91  0
-32  56  55  0
-38  -34  28  0
-43  31  -50  0
-2  43  56  0
-52  93  -100  0
-64  -51  -11  0
8  -9  -4  0
-69  74  -61  0
51  42  85  0
-33  -91  -16  0
74  59  -62  0
51  82  29  0
-67  24  5  0
-17  74  43  0
-6  -85  -23  0
56  -93  -10  0
3  23  -17  0
-65  -29  -96  0
11  -18  -73  0
78  15  -93  0
100  16  87  0
-7  4  -54  0
20  22  99  0
23  34  97  0
-2  38  25  0
-53  -54  -79  0
31  62  83  0
33  64  -26  0
48  36  91  0
-55  -47  -40  0
98  42  90  0
-66  -23  58  0
-42  -1  99  0
-58  -99  76  0
-78  -76  89  0
-50  -41  -56  0
16  -60  79  0
-75  -77  -89  0
-29  -6  22  0
-86  -69  23  0
67  -90  85  0
20  89  -58  0
-44  35  25  0
48  -11  -49  0
-19  54  -97  0
31  25  -14  0
-19  -99  -83  0
17  -93  -13  0
87  4  -73  0
7  55  5  0
-83  71  -72  0
-67  38  83  0
66  89  -28  0
68  -81  93  0
23  -43  -51  0
-45  10  -88  0
-65  -35  -9  0
-84  16  -93  0
89  -4  -70  0
-44  -71  80  0
46  -63  15  0
-5  33  61  0
39  -70  96  0
-9  66  -3  0
-62  100  83  0
-40  -54  -41  0
73  58  62  0
-3  -58  68  0
-39  -54  90  0
77  63  39  0
-35  42  -54  0
27  -76  -52  0
-46  -56  -14  0
-41  -6  72  0
81  -45  74  0
61  -57  -80  0
4  96  -76  0
-42  66  -5  0
12  93  -33  0
89  -65  84  0
58  67  78  0
22  79  -34  0
44  -90  -33  0
7  -64  14  0
-57  9  70  0
4  84  69  0
-39  -51  -23  0
95  -2  47  0
64  32  70  0
-72  74  -60  0
-7  38  -71  0
50  43  17  0
67  -84  77  0
-8  -62  -37  0
86  -66  -45  0
-99  -66  21  0
-99  98  18  0
-81  -27  78  0
18  -33  62  0
-40  22  83  0
33  20  13  0
-40  44  36  0
54  82  84  0
-83  -45  -51  0
75  -33  73  0
-92  9  -88  0
-99  82  -62  0
-12  84  10  0
-15  23  -42  0
70  98  -54  0
-87  28  14  0
-38  30  -47  0
33  77  -78  0
6  -97  24  0
86  4  42  0
76  87  -36  0
-70  30  -56  0
-72  -87  -47  0
97  -56  87  0
79  63  92  0
-26  -22  -35  0
-40  -85  -82  0
50  -51  15  0
42  -67  -64  0
-44  -6  88  0
25  -32  -20  0
-41  97  -95  0
57  74  49  0
-88  50  35  0
-54  72  18  0
65  -42  -46  0
-7  -32  70  0
61  86  33  0
54  -27  7  0
-41  -47  13  0
-86  -1  -17  0
-70  -16  -29  0
-74  14  -53  0
47  3  -58  0
54  -63  -14  0
50  37  -88  0
-100  74  25  0
19  32  -99  0
-15  -99  29  0
-37  85  70  0
35  93  -17  0
20  -72  -60  0
59  -32  4  0
-77  -90  18  0
-78  -52  -60  0
-69  70  -81  0
-38  -98  10  0
-97  -73  49  0
-37  28  54  0
-49  -77  -86  0
-9  -49  -20  0
-89  65  -78  0
15  -53  -65  0
-88  40  -86  0
72  -22  -16  0
-77  -60  49  0
49  58  75  0
-54  28  63  0
-6  -18  71  0
-84  85  -59  0
-44  52  45  0
-71  18  -22  0
7  -93  22  0
60  -20  -70  0
-26  41  81  0
-66  -74  57  0
-67  -35  19  0
52  -37  94  0
-29  47  65  0
-46  -2  -59  0
-77  2  57  0
8  -50  -92  0
-51  -45  53  0
-4  -1  28  0
55  89  -58  0
-9  -86  -25  0
-23  90  27  0
52  46  -94  0
32  -76  35  0
31  -85  -34  0
