c mkcnf random cnf with seed 44371, max clause length 3
c FORCED SATISFIABLE
c 
p cnf 100  430
63  -3  -70  0
-50  67  -82  0
-63  54  -34  0
-90  -56  -52  0
-88  -23  -98  0
-61  -5  64  0
42  -33  45  0
-16  -43  -98  0
-98  -73  -75  0
95  25  -65  0
33  19  -13  0
-2  -64  -98  0
28  -57  -35  0
71  -98  68  0
49  7  -22  0
-63  -77  54  0
-31  -21  -92  0
95  68  -59  0
41  77  73  0
72  63  -22  0
50  -40  47  0
-96  88  2  0
-19  -47  -95  0
-47  18  44  0
24  -4  -78  0
74  -98  -93  0
-17  22  9  0
41  78  8  0
-59  71  -61  0
35  -32  -75  0
-98  -72  19  0
65  -53  -79  0
-37  59  38  0
-61  -28  -92  0
26  -55  91  0
-92  20  56  0
-18  80  61  0
-71  -27  -90  0
62  65  -5  0
81  79  -57  0
-97  17  10  0
95  -77  24  0
-13  -39  -3  0
-4  -71  -14  0
15  30  90  0
23  83  53  0
84  -70  73  0
-37  93  -8  0
-3  50  12  0
-20  -44  69  0
-85  10  -93  0
-94  -97  100  0
97  -56  -51  0
14  -41  85  0
-47  -88  -78  0
-49  58  -34  0
-44  4  98  0
-21  -54  -14  0
84  20  1  0
94  32  -10  0
-69  -66  51  0
29  -12  -3  0
-28  31  -78  0
-42  -69  -95  0
73  76  24  0
-22  -34  96  0
68  -89  -24  0
-54  -4  -36  0
50  47  43  0
37  -38  -22  0
-93  -18  4  0
28  -100  23  0
32  -4  59  0
69  91  -24  0
57  91  -52  0
-54  63  6  0
-2  -62  77  0
-53  13  73  0
-30  -19  -40  0
-40  -50  88  0
-24  -34  -49  0
-7  -1  -11  0
29  43  64  0
-55  56  76  0
-60  -95  81  0
39  -23  -88  0
67  -23  -95  0
28  16  12  0
-68  65  35  0
78  -36  -9  0
15  -94  72  0
-67  38  -4  0
-75  98  -57  0
-8  -18  -61  0
-20  -48  -84  0
28  -85  42  0
-33  -98  85  0
56  82  -47  0
46  7  59  0
-96  82  -69  0
-14  -49  5  0
80  -25  65  0
42  27  -88  0
-10  17  24  0
58  43  95  0
63  47  93  0
76  -40  -97  0
55  74  41  0
-3  -13  -8  0
57  -89  -40  0
2  97  -26  0
98  44  5  0
62  -95  57  0
75  61  96  0
-51  -92  -53  0
86  28  -4  0
-94  -42  -1  0
-94  -4  -48  0
-96  15  -35  0
80  56  -33  0
-20  39  -75  0
22  -65  99  0
83  48  18  0
-83  -18  -80  0
-64  39  -86  0
-62  -86  67  0
-83  100  -59  0
-63  -76  14  0
-62  31  72  0
-32  -71  -99  0
-80  98  29  0
-75  69  -79  0
-94  -17  -66  0
-52  -39  30  0
-79  -18  -76  0
38  13  12  0
39  -8  -94  0
99  -93  79  0
70  -76  -77  0
-84  92  -71  0
-38  -76  84  0
-16  49  -85  0
-49  -10  -37  0
-81  -23  -96  0
-100  2  -36  0
-43  81  -6  0
-24  43  7  0
-87  50  31  0
-78  87  -99  0
-63  -23  -7  0
13  59  -10  0
52  -28  -63  0
42  47  -53  0
-19  -67  -5  0
-45  -78  44  0
95  11  48  0
21  32  -48  0
21  35  28  0
-70  83  -1  0
-80  13  45  0
-82  -21  89  0
-46  53  85  0
55  94  -5  0
-91  -10  76  0
-92  -40  -30  0
5  -50  -43  0
64  47  80  0
12  44  -64  0
-69  -12  -18  0
50  84  -30  0
-67  -86  14  0
-77  18  -6  0
89  -55  -65  0
34  -83  36  0
-87  2  -28  0
17  2  -68  0
-58  -95  56  0
-79  70  -14  0
11  -23  82  0
11  -1  -92  0
-60  30  -80  0
48  6  -89  0
49  26  36  0
85  36  -15  0
-92  -4  -12  0
68  -55  29  0
7  40  -20  0
98  4  -20  0
-82  93  8  0
97  30  -41  0
-43  -51  11  0
41  21  -61  0
-49  -47  9  0
-49  94  -56  0
-69  59  43  0
88  -65  -41  0
84  93  -42  0
-74  -30  41  0
-92  79  -18  0
92  82  99  0
-90  22  -36  0
-4  -65  97  0
-91  -51  -84  0
92  73  26  0
-6  38  100  0
59  51  -24  0
8  -50  49  0
24  10  16  0
43  25  -48  0
-7  -3  -44  0
45  -63  34  0
6  -24  -30  0
-63  10  99  0
91  -49  -46  0
-79  -75  42  0
8  -75  -27  0
-47  97  -17  0
43  47  18  0
-19  -32  90  0
48  -9  40  0
31  17  -25  0
91  59  -95  0
-62  96  -71  0
-56  -2  -99  0
88  -13  78  0
-99  -71  -19  0
-77  26  -84  0
-82  37  69  0
-100  -16  -5  0
79  -75  14  0
100  30  -71  0
25  -79  94  0
94  42  -54  0
-62  -24  -57  0
48  -89  51  0
72  28  -53  0
63  -20  89  0
-78  -7  57  0
-64  77  -69  0
-47  40  -73  0
-42  -78  5  0
-55  -15  29  0
58  -82  84  0
-67  62  -94  0
-61  -37  26  0
1  17  48  0
35  87  62  0
-62  58  -35  0
-17  68  -24  0
-23  31  -44  0
27  70  -62  0
-52  21  -56  0
-48  -24  53  0
-11  -70  18  0
12  -75  -57  0
-63  -16  52  0
55  -71  75  0
-41  -62  -11  0
-17  -85  -89  0
18  64  -7  0
95  -93  59  0
-75  25  70  0
98  45  -53  0
22  87  10  0
-6  1  20  0
-73  15  29  0
-26  69  57  0
92  -64  40  0
29  -98  -47  0
-53  -35  2  0
-33  51  99  0
-9  -7  -88  0
44  89  -63  0
12  33  -27  0
41  -88  -65  0
-19  -52  26  0
53  -37  22  0
28  26  91  0
-43  25  -55  0
93  -14  59  0
-36  -22  93  0
95  -1  -40  0
-90  -8  -27  0
-74  34  44  0
-73  75  31  0
-10  93  2  0
-40  -69  -61  0
-45  34  -97  0
75  29  -92  0
7  80  -49  0
19  60  -53  0
-35  13  42  0
73  41  -96  0
19  -12  67  0
1  -52  63  0
-43  55  54  0
-16  68  -72  0
92  -15  -9  0
-5  -13  -34  0
-91  59  -58  0
54  -72  -88  0
99  -93  -5  0
-35  42  -11  0
29  55  43  0
-10  91  -4  0
-99  22  -84  0
94  -33  74  0
83  -14  -58  0
5  -49  -80  0
41  -56  -72  0
91  43  14  0
14  -23  26  0
47  90  -88  0
-63  65  97  0
23  71  80  0
-90  41  32  0
40  -43  -37  0
-42  -49  -91  0
-9  90  -95  0
-57  45  73  0
-93  -58  -34  0
45  -39  -10  0
-66  -40  -18  0
-25  -66  6  0
76  -41  -66  0
97  -76  100  0
-89  -62  87  0
-82  -89  -78  0
81  -31  -34  0
13  82  92  0
50  45  -99  0
-21  87  -84  0
-48  -43  -74  0
55  68  -96  0
-59  -44  58  0
67  -20  -9  0
92  -43  -71  0
-72  22  93  0
76  45  -28  0
-74  2  75  0
92  -40  -42  0
65  69  58  0
19  -8  -35  0
-43  -64  20  0
-15  -39  -81  0
-60  -24  -45  0
39  -40  -41  0
54  13  -16  0
-77  -9  52  0
44  -11  -89  0
23  -11  -24  0
-9  28  -67  0
-26  71  47  0
-20  47  79  0
-58  5  -23  0
4  -40  -8  0
-41  -8  20  0
-48  -39  -47  0
-93  19  33  0
9  98  -48  0
24  47  -82  0
68  -83  -24  0
6  86  93  0
-72  34  48  0
83  -43  -93  0
-24  -10  68  0
-23  53  2  0
-35  19  69  0
46  40  11  0
79  17  -84  0
14  -35  -96  0
-57  -4  -33  0
-92  -26  -75  0
-71  26  -17  0
-51  -61  24  0
90  41  -44  0
55  -21  -12  0
23  19  58  0
13  82  12  0
-5  -25  92  0
-39  -72  36  0
-17  -2  34  0
-71  -68  15  0
-78  -79  9  0
68  -3  62  0
67  79  69  0
-63  -83  22  0
-80  -47  10  0
-70  15  -14  0
-17  49  71  0
22  69  30  0
-60  -91  82  0
-1  59  91  0
-20  -51  -18  0
-82  -70  -8  0
92  -61  -37  0
-72  -87  40  0
-96  -59  58  0
11  -100  -60  0
-83  -49  -62  0
-41  66  -56  0
-36  -59  81  0
42  -67  47  0
-84  -78  -6  0
41  -30  34  0
-54  -96  15  0
100  -3  -46  0
-10  54  97  0
55  14  -84  0
61  47  -60  0
86  -36  -35  0
-22  20  92  0
-96  75  -61  0
-81  -25  9  0
-5  -37  -58  0
74  64  -32  0
88  90  49  0
-6  -53  -86  0
-79  88  34  0
34  10  -43  0
-86  -44  40  0
-85  -82  -48  0
46  -35  88  0
-33  92  -7  0
58  -10  25  0
9  -49  -82  0
-43  -44  -69  0
-87  54  -55  0
18  25  -28  0
100  89  -95  0
