c mkcnf random cnf with seed 44451, max clause length 3
c FORCED SATISFIABLE
c 
p cnf 100  430
-66  -24  41  0
36  35  68  0
-82  49  -32  0
-85  -66  -23  0
-82  -42  -89  0
-51  -64  39  0
12  99  -89  0
-55  8  -17  0
95  16  48  0
3  -83  -65  0
58  2  -53  0
-88  11  57  0
-66  -74  -5  0
57  -61  -81  0
43  71  41  0
-98  40  53  0
74  -39  12  0
-52  53  23  0
-82  -28  -95  0
-79  52  96  0
-46  -31  53  0
-79  42  86  0
91  57  -44  0
67  -65  10  0
44  -86  -50  0
17  -83  32  0
-45  68  4  0
-67  -73  88  0
-76  -82  33  0
-2  -36  11  0
-32  -29  -90  0
-81  85  4  0
53  27  62  0
-34  57  9  0
-41  64  -4  0
17  38  33  0
-40  67  -1  0
8  -48  89  0
13  47  41  0
95  81  31  0
49  86  -45  0
79  56  36  0
-1  11  56  0
64  -56  20  0
76  -71  -3  0
-95  98  -62  0
3  80  85  0
98  -20  -34  0
-51  -91  -82  0
-99  -78  -17  0
6  39  32  0
54  -81  -30  0
87  77  74  0
17  -76  81  0
-22  -6  82  0
18  -23  -94  0
-43  -45  48  0
-42  33  -48  0
23  40  97  0
11  82  -47  0
-36  4  -68  0
-44  -67  25  0
-41  80  83  0
-72  -17  -66  0
-59  -49  -80  0
26  -96  39  0
-62  -31  17  0
25  82  26  0
68  -49  59  0
44  -13  79  0
-6  -69  -84  0
28  -48  92  0
64  -42  78  0
-8  22  -91  0
78  97  14  0
59  -74  47  0
1  9  52  0
96  -3  -13  0
2  -75  -47  0
-80  14  35  0
-48  91  -11  0
-100  25  57  0
68  -75  1  0
-50  -57  28  0
19  98  -18  0
-92  49  -15  0
18  -61  -55  0
59  18  77  0
32  -46  -33  0
-39  -69  31  0
-38  64  -82  0
14  -54  71  0
88  91  -78  0
25  -10  87  0
-68  -97  84  0
-48  47  27  0
-72  79  -45  0
99  6  50  0
11  13  -80  0
100  5  -73  0
-19  -90  -99  0
48  -15  87  0
-23  -83  -38  0
7  -57  87  0
69  98  6  0
-32  73  -19  0
-21  2  -26  0
-55  -52  22  0
58  -8  -30  0
-99  -58  -82  0
89  55  94  0
79  6  -8  0
-62  93  -19  0
22  -52  93  0
36  -60  -10  0
35  -78  53  0
6  56  -100  0
41  -28  94  0
79  61  -4  0
13  6  80  0
50  56  12  0
-12  -10  -8  0
76  34  7  0
-37  98  58  0
-84  -49  6  0
20  -11  22  0
99  -69  -54  0
-46  10  39  0
50  18  84  0
61  99  17  0
11  -81  24  0
-50  -17  60  0
36  -56  -75  0
-27  -45  -4  0
85  81  -72  0
-75  -26  64  0
68  5  7  0
48  -86  -91  0
51  33  -41  0
51  49  20  0
-9  -98  -21  0
-39  85  -49  0
-2  37  -12  0
-61  -9  68  0
35  4  -30  0
-51  89  -68  0
-100  6  -37  0
76  28  50  0
-84  -82  58  0
-68  98  -47  0
80  -97  85  0
97  -95  -29  0
55  -47  -85  0
33  -72  -64  0
-20  -8  50  0
-29  64  -98  0
-50  -3  -69  0
36  -7  -33  0
-99  56  -50  0
26  -44  -24  0
85  -65  59  0
-64  -93  -73  0
-10  -73  -11  0
-76  -57  49  0
-90  -76  75  0
56  62  -21  0
-44  25  42  0
-8  89  -65  0
-45  19  77  0
75  13  33  0
-3  66  -20  0
55  -93  76  0
-71  -11  56  0
-55  -59  -48  0
-18  -99  14  0
-79  95  4  0
-40  -72  -6  0
-94  76  -52  0
-85  -6  89  0
100  -92  15  0
52  97  -6  0
33  -81  22  0
14  63  -2  0
27  -74  97  0
8  -76  -55  0
52  -90  74  0
59  41  -95  0
-41  37  52  0
99  -83  -79  0
-74  18  72  0
-24  48  43  0
35  -68  8  0
-92  42  -29  0
14  93  -80  0
53  -62  -48  0
42  85  80  0
-43  56  -15  0
83  -12  73  0
5  -99  -61  0
7  -70  -68  0
28  69  73  0
82  95  -3  0
91  30  -94  0
-78  98  15  0
-59  -32  70  0
63  3  64  0
-71  23  56  0
42  65  -21  0
-19  -89  -75  0
-90  52  39  0
-14  -33  16  0
31  -95  -65  0
-58  -85  40  0
99  -62  -91  0
-86  79  24  0
13  -31  71  0
19  -17  67  0
-14  -51  38  0
-52  75  -2  0
72  41  -33  0
96  -8  -95  0
-66  22  -41  0
63  2  32  0
88  13  -29  0
79  8  -43  0
34  -74  14  0
84  11  -56  0
29  -92  -94  0
90  19  -50  0
-38  60  4  0
86  -96  -48  0
-23  -27  45  0
-1  99  43  0
-91  61  -88  0
-32  7  -96  0
-31  -71  20  0
8  96  81  0
13  6  70  0
25  1  5  0
-41  15  -58  0
-15  78  -57  0
-13  -48  44  0
-24  19  98  0
30  -84  73  0
-58  -2  -15  0
-60  61  -67  0
-23  -4  -53  0
-9  62  -86  0
-35  29  91  0
-89  -56  -6  0
-60  -88  -84  0
18  85  -58  0
51  16  -32  0
-49  -61  96  0
-58  -57  4  0
-96  65  -68  0
30  -55  -81  0
37  45  28  0
-77  -15  -69  0
-23  -7  40  0
43  -100  -69  0
55  49  -65  0
-42  27  -79  0
98  -87  65  0
-38  -10  95  0
59  74  -47  0
61  43  -57  0
-94  -53  60  0
-9  -51  43  0
35  13  -23  0
-67  -88  17  0
-82  65  86  0
50  19  -58  0
83  -54  51  0
23  81  59  0
-61  100  -53  0
-41  -94  80  0
-44  11  -82  0
6  -56  59  0
73  71  79  0
74  90  48  0
-24  17  57  0
51  77  -25  0
-43  -80  2  0
75  -39  30  0
37  46  38  0
42  -59  -27  0
-89  -37  49  0
-79  -30  -59  0
7  33  9  0
86  21  -79  0
28  -88  53  0
87  91  -98  0
33  13  -55  0
-79  26  86  0
-65  23  97  0
28  -14  1  0
-91  -55  -56  0
-34  8  19  0
51  -19  -5  0
54  -62  29  0
-54  -98  71  0
17  -56  39  0
82  -49  73  0
-17  -96  -23  0
-70  -75  -25  0
3  -74  81  0
-88  66  100  0
65  47  -4  0
61  -29  86  0
12  76  93  0
54  4  33  0
15  8  -81  0
75  82  6  0
90  32  49  0
-4  -33  -90  0
97  -16  1  0
63  -78  -51  0
34  -71  -39  0
4  -29  35  0
-3  23  -21  0
-90  -78  -15  0
76  -81  83  0
75  93  34  0
74  -42  86  0
-98  -82  -12  0
77  -40  91  0
-58  68  -63  0
58  67  59  0
-60  81  93  0
-91  71  74  0
2  -75  -98  0
48  -43  -5  0
-1  24  -3  0
80  -25  26  0
-1  -21  -92  0
8  61  96  0
-65  -8  -55  0
-3  54  84  0
31  35  39  0
-9  12  -53  0
4  -43  -3  0
-10  64  82  0
-68  -24  29  0
-5  -45  -86  0
22  9  -91  0
-27  -51  71  0
-13  -84  -9  0
62  7  17  0
-73  -22  -64  0
3  -11  -49  0
-36  61  -84  0
-18  48  -50  0
28  -87  63  0
-68  -61  -80  0
-55  -77  -51  0
-36  -15  -45  0
56  6  -52  0
48  -47  -60  0
89  67  -53  0
-3  81  -40  0
63  -1  17  0
57  37  -53  0
25  70  -75  0
-37  30  -17  0
-92  -45  17  0
36  83  -78  0
40  -99  -47  0
-42  -94  -93  0
59  -87  -66  0
-20  52  21  0
-90  -9  8  0
-73  45  52  0
21  -40  -19  0
22  -30  -66  0
46  -15  22  0
-89  28  65  0
-42  -56  -13  0
-98  78  10  0
-33  -34  -84  0
-90  -11  68  0
-51  23  -61  0
50  -62  8  0
-22  26  -57  0
46  -54  -57  0
100  34  72  0
64  12  -46  0
86  2  75  0
-87  -83  32  0
-98  68  55  0
-28  100  61  0
54  68  97  0
-1  48  71  0
-13  93  -16  0
-46  35  -61  0
81  -15  80  0
-35  70  -38  0
-29  -89  13  0
-44  -50  89  0
16  -67  10  0
-76  -68  -12  0
-93  -30  -29  0
31  -100  -52  0
-85  75  -46  0
30  -18  -83  0
-73  14  -68  0
-72  35  -7  0
-47  -66  30  0
-84  -90  -92  0
-17  -80  49  0
28  -68  78  0
54  41  39  0
74  95  68  0
34  -14  9  0
-57  -98  -7  0
-10  14  94  0
11  49  79  0
-71  -78  93  0
63  65  10  0
23  -81  2  0
-12  -17  63  0
33  -6  -61  0
-30  -97  -2  0
-14  -86  -84  0
94  86  -93  0
-87  47  52  0
-95  -61  43  0
84  49  5  0
10  4  -45  0
10  85  61  0
