c mkcnf random cnf with seed 44415, max clause length 3
c FORCED SATISFIABLE
c 
p cnf 100  430
-25  94  -29  0
-92  -4  -83  0
89  -44  87  0
-39  -100  -28  0
98  -8  -92  0
-24  66  -63  0
86  -72  46  0
-2  -29  -60  0
-38  -87  -60  0
-25  31  32  0
95  11  -76  0
33  -41  -19  0
-15  -57  -61  0
-66  55  -61  0
-48  96  -10  0
-13  23  -88  0
98  -37  12  0
-58  31  33  0
57  -43  -52  0
-16  15  71  0
-8  21  53  0
-3  -55  93  0
37  -55  57  0
-7  2  -44  0
74  -84  38  0
-98  84  37  0
18  1  30  0
48  -79  46  0
-60  87  -15  0
41  56  69  0
-98  -41  -29  0
33  73  -53  0
-21  65  -23  0
-40  -71  46  0
13  20  -44  0
93  56  29  0
-9  -51  -37  0
23  -21  -5  0
83  12  -85  0
81  20  -100  0
83  82  23  0
26  18  -54  0
18  26  -21  0
9  -64  -13  0
-38  -76  34  0
67  -64  47  0
99  -95  52  0
-2  5  9  0
19  69  -14  0
93  -99  57  0
88  89  7  0
-55  93  -2  0
-13  -5  -98  0
-15  -4  -63  0
18  -8  51  0
-38  -35  60  0
29  71  -20  0
-22  79  95  0
46  -24  48  0
-39  6  -22  0
-87  77  67  0
-33  29  -87  0
-87  20  -74  0
12  3  -67  0
-97  43  70  0
-49  -93  -58  0
-74  -88  -95  0
-63  10  -34  0
-27  14  -73  0
37  33  2  0
-39  7  56  0
-75  9  23  0
-27  -72  -34  0
9  -89  44  0
-14  84  -80  0
78  64  36  0
39  -31  -80  0
38  27  33  0
-71  -81  -79  0
-59  -54  98  0
3  57  16  0
-79  37  31  0
71  95  24  0
-95  32  -56  0
-28  21  -56  0
80  35  -75  0
-2  70  -77  0
19  12  13  0
23  -31  94  0
90  22  96  0
58  82  20  0
-51  -75  -41  0
8  75  -78  0
-81  -19  -85  0
2  -15  66  0
-74  -38  81  0
58  60  18  0
62  76  87  0
-76  4  44  0
92  -22  100  0
-13  45  -88  0
34  45  -57  0
88  -94  61  0
-59  -35  -47  0
39  72  -40  0
67  59  55  0
-78  34  -11  0
-100  -56  -29  0
97  -32  -25  0
24  -15  -52  0
17  67  -36  0
55  -13  31  0
-21  -79  49  0
-57  -55  34  0
-64  -86  -18  0
95  -5  75  0
-80  26  65  0
35  41  -55  0
69  -67  10  0
5  87  53  0
-39  96  -38  0
-24  60  -84  0
93  59  -12  0
-9  -39  -87  0
-49  39  -17  0
10  -37  -39  0
20  -3  -69  0
99  43  -57  0
90  -51  24  0
62  81  84  0
9  29  72  0
4  23  -96  0
-90  -51  88  0
-8  93  -41  0
81  37  75  0
-9  -1  -17  0
-57  40  46  0
-9  28  -71  0
59  88  -5  0
17  -16  -99  0
-95  48  -31  0
-47  86  -14  0
18  51  93  0
23  -38  -4  0
12  -65  -44  0
38  -82  91  0
27  19  50  0
94  97  44  0
97  -57  -29  0
-42  54  -37  0
88  71  -44  0
79  -4  38  0
64  -35  -39  0
-39  58  -71  0
100  88  -85  0
-24  98  96  0
-39  94  29  0
89  -46  17  0
-61  74  -39  0
-47  -84  -87  0
-34  -4  82  0
92  67  73  0
78  -66  47  0
-87  4  -23  0
-58  99  12  0
38  59  -48  0
38  15  -95  0
45  93  -39  0
23  10  -19  0
-28  38  85  0
-86  -68  -69  0
-21  -10  27  0
19  93  -35  0
-94  47  99  0
29  67  -69  0
-29  33  59  0
-28  8  -85  0
31  41  97  0
30  72  81  0
-22  6  -89  0
-85  25  -87  0
75  99  63  0
-15  36  24  0
27  -51  -9  0
62  -30  -24  0
91  1  -61  0
28  93  96  0
-49  32  -21  0
97  -66  -53  0
94  -28  3  0
-60  -20  26  0
-48  46  -12  0
-50  -27  92  0
83  -27  90  0
-39  -43  83  0
-27  82  -30  0
51  -70  -81  0
38  -14  -56  0
23  53  -100  0
-57  78  5  0
43  88  -6  0
-22  -56  -11  0
50  98  -34  0
-45  -58  95  0
6  -46  -24  0
-52  -98  -65  0
-39  -46  -92  0
-7  -26  -92  0
37  -33  95  0
21  -39  9  0
66  -78  7  0
4  15  -67  0
-19  42  62  0
-26  -59  20  0
-78  24  62  0
-20  73  67  0
-24  -43  -23  0
-86  -100  51  0
7  -92  23  0
-90  27  -87  0
60  66  -71  0
-55  51  -85  0
9  -32  38  0
76  49  -34  0
-66  -37  -92  0
-98  20  36  0
-55  10  -86  0
-6  68  27  0
-41  -17  -44  0
-81  -71  -49  0
-56  -76  -18  0
100  -14  -85  0
-98  -68  -59  0
-37  -9  -14  0
5  46  -62  0
-3  -7  9  0
-35  -17  24  0
34  89  52  0
-59  36  16  0
-20  -33  -40  0
3  -91  -79  0
-91  5  -85  0
-33  -51  -6  0
-67  -97  -86  0
15  38  56  0
96  -42  -49  0
42  41  36  0
-35  78  -88  0
-10  -89  54  0
-18  -32  -78  0
97  -81  -92  0
62  -50  71  0
-61  -6  -37  0
-35  -82  -99  0
55  92  -64  0
-97  60  -70  0
-28  96  -95  0
-56  -75  70  0
61  99  82  0
83  75  58  0
69  -78  88  0
-19  51  69  0
25  -74  -7  0
31  -69  60  0
-61  -62  -30  0
-41  73  -71  0
-51  52  -56  0
-4  84  -13  0
-38  -16  55  0
87  -64  100  0
-25  43  49  0
-86  88  -11  0
-88  -49  33  0
-5  -15  -4  0
-78  -43  -54  0
90  26  -30  0
-62  -96  5  0
-59  87  -14  0
-80  -81  17  0
-28  45  65  0
-30  -38  54  0
-52  -8  50  0
81  43  -46  0
27  3  -40  0
-85  -2  33  0
-84  49  67  0
-60  -41  -56  0
76  57  90  0
58  99  41  0
40  -31  58  0
96  -15  3  0
55  10  58  0
-98  -84  -86  0
-27  -50  85  0
75  5  62  0
-82  7  -37  0
-2  -63  97  0
89  -70  -75  0
-50  -95  76  0
-23  25  83  0
-72  30  73  0
66  100  87  0
21  -61  29  0
-82  68  76  0
-38  86  -91  0
-46  -84  -3  0
37  -31  -9  0
-32  -59  87  0
12  -23  99  0
90  -47  -30  0
62  55  86  0
-78  16  98  0
-18  -30  -17  0
-74  55  -61  0
22  -84  50  0
-99  7  78  0
-90  33  81  0
47  -70  37  0
-86  81  -28  0
-25  -31  -96  0
52  -12  -30  0
-62  -67  32  0
75  -47  2  0
-64  17  32  0
-51  85  -7  0
-91  49  31  0
-92  -15  -44  0
-98  -40  -100  0
-11  -68  51  0
-64  51  63  0
58  -68  26  0
-84  80  64  0
71  60  -10  0
-54  -24  -92  0
86  -45  -46  0
-63  23  94  0
43  39  -85  0
70  -98  -27  0
49  56  -29  0
62  -90  -25  0
-90  -44  35  0
-68  -11  -85  0
-5  32  61  0
-46  -75  47  0
-1  -58  49  0
-50  45  -33  0
-31  28  -56  0
-82  80  83  0
-79  -48  -53  0
-94  63  -71  0
-7  49  89  0
86  -63  -23  0
97  48  -30  0
22  -54  20  0
30  26  -99  0
-100  91  -76  0
78  -46  63  0
-56  -70  8  0
-74  3  -46  0
29  13  56  0
76  -41  79  0
-55  33  15  0
96  -82  16  0
7  -87  -41  0
28  -67  -71  0
100  -98  28  0
-28  35  -67  0
-96  -4  -44  0
-97  -25  -42  0
-79  24  -64  0
87  8  96  0
-63  -83  89  0
48  -82  -14  0
55  -12  -81  0
-87  44  -64  0
13  -96  25  0
-29  -37  98  0
-40  22  -29  0
63  77  34  0
5  28  39  0
45  -43  81  0
-76  -1  70  0
18  -4  -28  0
-79  -99  63  0
-18  -72  -89  0
-35  -11  -22  0
87  7  1  0
62  49  -98  0
37  41  66  0
-77  -63  51  0
-96  46  -47  0
-96  12  -18  0
79  -97  39  0
-37  -81  24  0
24  93  -88  0
9  16  -13  0
-50  -45  -95  0
-41  51  -65  0
-81  -53  -45  0
-10  6  -42  0
55  -90  16  0
-93  -18  40  0
-70  -78  -64  0
64  -42  -85  0
39  30  60  0
32  -3  -19  0
7  -87  -36  0
52  51  35  0
94  77  -2  0
-81  93  67  0
96  -42  26  0
14  20  -74  0
-96  70  -3  0
34  81  -33  0
4  -55  -2  0
52  99  90  0
13  71  -22  0
-12  97  95  0
-90  -66  -100  0
47  57  99  0
25  -9  8  0
90  92  16  0
44  -12  -64  0
-64  35  -14  0
17  48  -7  0
-77  -39  -79  0
-17  -19  -7  0
84  37  -29  0
11  -81  -27  0
-11  -100  66  0
