c mkcnf random cnf with seed 44413, max clause length 3
c FORCED SATISFIABLE
c 
p cnf 100  430
95  -4  -17  0
79  38  77  0
-64  -54  34  0
-69  -20  -32  0
65  44  43  0
28  22  -13  0
-1  10  12  0
93  -98  -76  0
-63  54  -75  0
89  72  95  0
-42  -39  44  0
62  -53  -14  0
-93  -41  -52  0
-35  -97  81  0
-61  11  -80  0
44  42  88  0
89  -71  17  0
2  -18  34  0
19  91  20  0
86  -19  -53  0
37  -96  12  0
29  56  -98  0
-47  -65  -58  0
-51  41  -24  0
-88  55  17  0
-45  66  -62  0
-93  96  -44  0
-28  6  46  0
85  -94  -74  0
-69  61  -54  0
89  -91  23  0
-72  -100  -92  0
43  -70  34  0
-16  45  68  0
27  -18  -6  0
-20  -95  11  0
79  31  37  0
22  -85  -42  0
2  -80  -21  0
-23  45  -16  0
-82  -33  38  0
-40  -34  52  0
-94  90  47  0
78  -32  86  0
99  -26  -16  0
80  -71  15  0
63  15  34  0
54  -25  -73  0
-69  27  32  0
-50  -36  -75  0
39  -12  -61  0
14  33  26  0
-100  8  -1  0
-78  -2  96  0
-51  6  -68  0
26  -86  45  0
-66  -48  -87  0
-94  -64  15  0
45  -35  -3  0
-32  -14  86  0
-91  -8  -24  0
85  73  93  0
29  48  -55  0
-63  49  23  0
58  28  14  0
-99  -38  -77  0
-38  -67  39  0
-25  47  39  0
95  68  5  0
34  25  51  0
94  30  -85  0
2  -36  -84  0
23  -57  6  0
91  -25  -17  0
21  -93  42  0
20  -49  88  0
93  92  95  0
-62  67  -82  0
25  68  -12  0
46  -39  -24  0
46  -7  34  0
-42  -34  -27  0
43  76  6  0
81  -52  98  0
-41  -77  7  0
-27  -26  34  0
10  70  96  0
-30  -27  53  0
-61  9  15  0
-29  -37  -11  0
74  16  -37  0
91  -36  -42  0
61  -62  -67  0
58  94  26  0
-67  -72  -86  0
78  -49  93  0
-100  -23  99  0
-21  -59  99  0
-72  70  -93  0
-74  30  49  0
17  -70  -100  0
22  71  67  0
74  -83  -3  0
-81  -60  -11  0
-44  39  1  0
-75  -84  -58  0
63  -56  93  0
80  73  4  0
48  -86  -83  0
51  -94  -89  0
-28  48  14  0
45  79  71  0
55  62  92  0
-67  88  -3  0
16  -39  -22  0
18  -10  -59  0
3  63  -7  0
-14  -84  5  0
-10  -27  73  0
98  93  55  0
97  66  -79  0
-67  -93  -55  0
-15  -90  -81  0
-32  52  48  0
86  96  -94  0
-68  30  7  0
-45  82  -69  0
-28  -87  -83  0
61  20  -71  0
-55  50  54  0
34  87  -3  0
-25  92  -70  0
-82  86  28  0
-30  65  93  0
15  -67  55  0
-93  56  -95  0
90  61  -18  0
50  100  -57  0
22  79  -16  0
74  -8  -88  0
70  67  -78  0
-41  96  3  0
-58  24  94  0
-66  -6  42  0
87  5  -86  0
-36  62  -94  0
26  21  99  0
6  19  -79  0
-14  -29  84  0
-60  -92  89  0
57  12  -66  0
-8  -41  -9  0
-7  17  4  0
6  95  61  0
39  -37  -43  0
52  56  -67  0
80  83  -39  0
-61  -47  28  0
1  -6  13  0
-96  64  12  0
-71  28  6  0
-90  -49  62  0
25  65  -23  0
98  81  3  0
-7  -16  73  0
-18  28  -79  0
-64  42  27  0
-89  -16  20  0
89  25  23  0
-95  27  2  0
-78  -85  -60  0
-14  -59  80  0
65  89  94  0
63  6  -4  0
53  16  62  0
-11  65  -63  0
91  32  68  0
-1  -49  59  0
51  33  8  0
-92  -13  -69  0
71  80  -8  0
86  35  -41  0
-62  -79  7  0
75  86  22  0
-40  43  30  0
-76  46  -43  0
9  77  16  0
15  -84  23  0
-30  -28  2  0
82  -10  -83  0
-20  53  -42  0
-40  -29  -50  0
99  -83  55  0
-80  -66  15  0
74  -97  -93  0
-94  -51  44  0
13  91  8  0
-48  -49  62  0
55  44  42  0
-43  98  9  0
-5  -70  80  0
16  -1  60  0
47  -30  52  0
22  -35  -60  0
36  81  92  0
-30  70  25  0
-97  -60  86  0
-65  -56  -3  0
-71  26  57  0
-59  60  33  0
43  68  56  0
-67  98  1  0
-84  -13  69  0
-12  81  85  0
-89  -72  -78  0
29  70  -63  0
94  -76  23  0
-45  12  -64  0
44  -32  -74  0
-64  47  -29  0
-57  -93  -75  0
41  -99  -87  0
8  80  77  0
10  66  1  0
83  91  32  0
85  31  24  0
-57  5  47  0
-29  19  70  0
61  37  -73  0
18  -14  40  0
-31  92  96  0
-3  -73  -27  0
-91  8  17  0
80  54  -60  0
62  -34  -85  0
-4  -7  57  0
54  -8  86  0
90  -29  59  0
-20  -96  21  0
39  24  -98  0
-27  14  -84  0
56  -85  80  0
-60  4  -100  0
94  -99  -46  0
63  -11  29  0
41  -70  61  0
27  31  -39  0
-20  98  -61  0
34  -16  -82  0
-78  -23  -62  0
50  99  44  0
45  84  70  0
-54  4  88  0
69  40  88  0
26  -58  48  0
89  31  -15  0
65  96  4  0
81  83  55  0
-64  82  75  0
43  -74  -42  0
-21  -91  -6  0
54  -55  63  0
-79  95  45  0
-72  -73  -87  0
95  63  -65  0
82  -72  68  0
-5  50  36  0
50  93  -15  0
73  19  31  0
91  -4  45  0
-98  -35  -88  0
17  -51  -78  0
45  33  95  0
-45  43  31  0
21  -64  -20  0
-26  1  -93  0
-13  -23  -30  0
77  81  68  0
74  -60  -70  0
21  -49  46  0
-31  -96  60  0
22  -55  -8  0
50  -91  18  0
100  -38  -70  0
-92  -29  78  0
-97  -41  -26  0
-96  -57  -2  0
29  74  -57  0
97  -96  77  0
57  97  -63  0
80  -34  90  0
44  -100  -25  0
-43  97  76  0
60  2  -31  0
77  38  24  0
82  87  21  0
-69  42  20  0
-16  49  -2  0
29  -64  79  0
-5  -9  28  0
-9  41  21  0
20  72  51  0
91  11  87  0
-46  38  -62  0
2  28  38  0
-71  -84  52  0
51  59  -28  0
47  -53  -23  0
86  59  -53  0
-61  -63  -64  0
-24  -87  91  0
-90  45  43  0
-9  -96  -100  0
-61  -26  84  0
-78  -18  -57  0
9  88  59  0
95  5  -97  0
5  -60  19  0
4  -91  -11  0
72  34  57  0
-52  -69  -53  0
85  -90  -73  0
56  -59  -92  0
-32  -1  67  0
-56  90  60  0
-43  -66  -80  0
-69  43  25  0
-25  82  -100  0
-49  89  -34  0
46  56  -97  0
-67  -95  81  0
26  -1  34  0
48  -6  90  0
-44  77  91  0
63  85  100  0
-97  -5  -1  0
53  68  29  0
1  -63  -85  0
41  -92  -79  0
-68  -21  67  0
87  -84  50  0
-6  -31  -18  0
9  -48  -45  0
83  49  -91  0
83  94  48  0
44  -21  62  0
-18  42  -84  0
95  -100  79  0
20  -15  -29  0
61  -51  -89  0
-55  38  -12  0
-95  -19  81  0
-44  86  -14  0
-66  -59  -85  0
24  -99  -37  0
-38  55  -58  0
70  -12  75  0
1  56  2  0
56  -91  84  0
94  10  -15  0
-91  -25  -100  0
-70  11  46  0
-77  -44  87  0
62  -67  59  0
-63  35  73  0
-22  -20  -39  0
33  -54  -95  0
-24  74  -4  0
-88  -90  98  0
21  24  -55  0
94  -97  95  0
91  -51  -14  0
85  -61  -65  0
-56  82  92  0
-32  42  -23  0
93  -25  -11  0
-100  40  -83  0
52  -97  -45  0
93  -6  100  0
34  -8  -68  0
-16  -26  -7  0
-98  -65  2  0
87  22  -14  0
81  63  -86  0
47  -59  75  0
-10  -36  67  0
92  65  -68  0
24  -55  -11  0
81  69  -82  0
-61  39  52  0
-56  -58  82  0
-39  44  99  0
-2  95  -90  0
22  -44  54  0
91  40  -13  0
87  22  29  0
-97  -8  74  0
-30  35  -18  0
98  96  -62  0
-25  52  10  0
-47  -35  63  0
54  77  -72  0
30  26  73  0
84  -75  19  0
-22  -54  16  0
-91  -44  63  0
69  -67  58  0
92  2  -28  0
73  27  -36  0
97  31  -71  0
-42  95  -60  0
-50  34  78  0
-59  -96  -8  0
4  99  82  0
26  -45  11  0
89  2  94  0
-31  -76  -60  0
-63  54  62  0
-72  -46  52  0
35  -92  -50  0
15  -69  -12  0
61  -96  38  0
78  41  -70  0
-47  -83  36  0
-24  99  8  0
-36  -37  -20  0
51  -95  32  0
-45  77  89  0
29  -32  75  0
67  35  -19  0
