c mkcnf random cnf with seed 44386, max clause length 3
c FORCED SATISFIABLE
c 
p cnf 100  430
-39  82  -9  0
-82  43  66  0
100  78  -49  0
47  72  -96  0
-76  -70  -62  0
39  38  31  0
46  -68  -12  0
-89  -80  -28  0
31  -38  -54  0
-50  81  -25  0
91  76  -58  0
96  -31  89  0
-20  30  82  0
80  69  41  0
72  53  76  0
71  92  -77  0
69  7  71  0
63  74  72  0
81  49  95  0
-83  -67  -17  0
98  -32  -35  0
90  10  -84  0
-3  89  45  0
62  8  97  0
82  28  62  0
82  7  22  0
-90  6  45  0
39  35  -3  0
44  36  55  0
98  -16  -45  0
-29  51  59  0
37  76  -20  0
9  -10  -35  0
100  35  33  0
-92  -95  94  0
-59  5  -3  0
97  14  2  0
82  87  -78  0
11  -24  -93  0
-22  -48  -51  0
86  82  -31  0
-54  -82  -87  0
-28  30  52  0
-2  72  84  0
-77  22  -21  0
-22  89  37  0
-66  80  25  0
-98  -48  61  0
-29  66  25  0
64  -26  -43  0
74  -8  80  0
100  -88  -17  0
3  -68  90  0
78  -3  -54  0
91  -97  -45  0
-66  8  27  0
47  61  -51  0
79  67  84  0
-12  -7  46  0
8  -52  24  0
52  77  50  0
65  99  39  0
-81  80  -97  0
74  -65  75  0
40  1  -90  0
17  30  77  0
56  61  -40  0
47  59  -75  0
87  85  15  0
5  45  -64  0
-50  90  -95  0
-51  39  78  0
29  46  83  0
100  52  -19  0
58  -10  6  0
87  -26  88  0
90  77  -57  0
32  -4  2  0
-32  84  -65  0
13  -79  -55  0
-21  93  -52  0
84  -90  -40  0
-59  -97  61  0
62  -46  -8  0
-85  70  -69  0
28  63  99  0
-42  59  53  0
59  -63  -90  0
-91  -5  77  0
29  -21  73  0
76  90  98  0
-1  -14  -77  0
33  82  25  0
16  4  67  0
-65  97  -30  0
-52  -31  55  0
46  75  6  0
-35  -64  16  0
-12  -31  -66  0
64  16  -77  0
51  90  81  0
-12  17  1  0
-81  80  -17  0
-22  -10  42  0
64  -14  -20  0
41  -71  -29  0
-73  94  -90  0
-52  -6  -79  0
-73  30  -18  0
-43  29  80  0
-62  71  -70  0
33  29  100  0
62  85  -71  0
100  86  -21  0
6  -56  -65  0
51  -33  -10  0
-11  -36  -93  0
75  1  86  0
-27  -79  100  0
17  13  -65  0
-75  8  -2  0
-8  93  -38  0
27  53  -82  0
-41  84  97  0
23  -79  -88  0
85  58  -20  0
-62  83  -47  0
-71  72  -66  0
-39  5  10  0
49  -76  -36  0
-53  -14  -84  0
49  -4  87  0
66  100  -11  0
-33  -95  7  0
14  4  44  0
7  -84  -5  0
41  -36  -68  0
-35  33  -34  0
22  -53  -38  0
-88  10  -32  0
33  27  34  0
23  51  71  0
73  -77  96  0
-66  25  17  0
-93  66  75  0
-64  70  -95  0
23  24  -28  0
22  -88  92  0
48  33  89  0
-81  60  47  0
-94  -83  13  0
31  -59  15  0
16  4  95  0
33  -36  32  0
-49  30  70  0
-63  56  72  0
-36  54  -62  0
93  30  -98  0
-1  -100  17  0
-47  -17  24  0
-83  76  88  0
38  -82  -10  0
-92  -61  48  0
70  -23  -40  0
8  -19  5  0
-63  69  32  0
56  -97  77  0
-51  -21  60  0
-46  -89  -65  0
80  91  73  0
-8  44  75  0
-22  -97  45  0
9  -32  -26  0
81  -56  15  0
-25  -43  -44  0
87  -24  81  0
87  -39  19  0
-18  -57  -23  0
-18  43  17  0
74  -38  19  0
-2  -46  -64  0
56  -22  -87  0
-25  33  29  0
60  -8  -71  0
-66  54  96  0
68  -37  96  0
-32  23  50  0
75  -67  28  0
-75  6  -56  0
-46  27  20  0
18  -7  -86  0
-14  -88  12  0
-91  -19  -1  0
16  -77  64  0
-40  -85  96  0
47  86  -15  0
72  -57  53  0
43  -11  -7  0
94  100  -81  0
24  -66  -19  0
39  -36  -31  0
-96  23  29  0
66  65  61  0
-50  20  35  0
57  38  18  0
81  -22  25  0
97  -100  -93  0
64  35  -67  0
30  -56  24  0
99  3  -91  0
-51  -42  -88  0
64  -40  -28  0
31  9  -19  0
-73  70  -76  0
-82  73  -81  0
-77  -22  -11  0
-47  -59  8  0
-99  -98  48  0
-36  73  -25  0
37  59  -15  0
25  -69  -67  0
-93  -73  61  0
-63  -57  -19  0
-45  -76  -62  0
32  49  -38  0
4  -57  40  0
86  23  -73  0
84  29  3  0
-95  91  -68  0
79  -74  73  0
-5  -16  8  0
62  -20  -11  0
43  47  -3  0
-18  34  -93  0
23  -30  5  0
41  -96  -23  0
71  -28  73  0
52  -81  -66  0
-32  94  7  0
1  -53  17  0
38  93  -6  0
73  -64  -96  0
43  47  -46  0
69  59  -24  0
-34  54  -23  0
-80  -15  63  0
-2  99  68  0
-21  -64  46  0
62  31  -11  0
-23  27  -13  0
7  -95  -74  0
34  -81  83  0
83  -20  12  0
34  6  -57  0
26  -18  47  0
14  -3  -34  0
-27  95  86  0
72  -59  -81  0
72  -83  -21  0
9  7  -52  0
41  62  34  0
-91  49  79  0
43  45  21  0
-61  -78  -31  0
23  4  -37  0
-50  100  10  0
67  82  27  0
-84  -13  50  0
-6  47  21  0
80  -41  3  0
74  -92  22  0
-69  -95  56  0
-44  95  -74  0
-66  -29  -27  0
-68  -24  -96  0
-69  -32  -40  0
83  -64  39  0
75  -6  42  0
-58  -41  -21  0
-75  -21  -13  0
-41  14  57  0
5  92  60  0
-17  69  -70  0
46  -84  -44  0
22  -70  69  0
71  -42  38  0
-71  -82  -42  0
92  23  69  0
13  47  -4  0
-45  16  84  0
-89  -87  -24  0
-20  -80  -44  0
43  97  -68  0
-10  -54  -3  0
41  -51  55  0
22  -39  19  0
82  -73  -29  0
-59  68  -17  0
-17  -61  -48  0
19  -55  -10  0
-53  -51  -64  0
61  -7  11  0
-8  16  73  0
-87  71  96  0
-41  5  -33  0
-53  -10  85  0
33  71  -2  0
-47  99  -25  0
100  -32  -12  0
-93  -34  76  0
-17  100  21  0
-96  89  -95  0
98  -99  21  0
86  -72  40  0
-58  -44  -88  0
-62  -83  64  0
98  18  40  0
2  76  66  0
-88  84  -96  0
-16  98  58  0
35  -79  27  0
-54  26  -81  0
37  -28  -88  0
-21  82  -15  0
-42  15  -16  0
-12  82  17  0
6  -79  52  0
38  -77  93  0
-64  19  97  0
23  57  40  0
-29  -21  53  0
55  80  28  0
27  -73  94  0
73  -75  -61  0
-88  -45  -49  0
-23  91  7  0
-18  -29  53  0
-86  79  -78  0
1  -50  64  0
-19  -85  73  0
97  -76  -9  0
-74  53  -43  0
-3  90  -57  0
43  -1  91  0
50  26  -85  0
99  49  65  0
-2  53  -60  0
74  2  18  0
-78  -36  -69  0
37  77  -44  0
64  67  -76  0
44  61  -14  0
-82  -40  -79  0
89  17  68  0
9  -22  -32  0
-13  -12  -39  0
3  -68  -5  0
87  -68  -40  0
26  35  -81  0
-64  38  47  0
68  35  -65  0
-17  -63  33  0
-80  -52  -21  0
44  97  -88  0
61  -21  -76  0
-40  -44  -21  0
-37  -50  -28  0
-71  -68  -7  0
80  -87  -34  0
-85  75  -34  0
-41  9  -96  0
20  -45  51  0
97  40  -21  0
-40  39  32  0
76  -37  87  0
89  82  4  0
-27  32  -11  0
-64  62  82  0
-29  -83  68  0
55  97  -61  0
-65  -37  19  0
35  -64  -85  0
36  -88  69  0
-9  -11  -23  0
-38  -56  42  0
45  6  -65  0
98  -46  8  0
-47  23  -13  0
-51  -68  -12  0
98  -25  47  0
45  -30  43  0
86  -28  5  0
7  -89  95  0
-63  -88  -74  0
65  92  -48  0
-22  -40  23  0
-96  -3  -64  0
97  18  -19  0
-82  -97  -50  0
-15  47  -79  0
13  27  -49  0
-77  -54  17  0
-93  -3  1  0
25  -92  -2  0
-22  93  75  0
-47  -61  84  0
-88  100  2  0
-70  -48  21  0
18  85  10  0
-59  45  35  0
72  -21  73  0
32  -8  89  0
95  17  -13  0
-52  -58  -8  0
-33  35  5  0
-45  -28  -48  0
87  37  -44  0
45  86  -53  0
65  86  88  0
5  -89  48  0
26  88  -28  0
-13  93  12  0
-17  23  63  0
67  97  65  0
35  -6  -30  0
98  95  -78  0
-9  25  19  0
96  3  42  0
63  -84  17  0
13  -16  19  0
