c mkcnf random cnf with seed 44467, max clause length 3
c FORCED SATISFIABLE
c 
p cnf 100  430
-7  48  -35  0
75  29  -100  0
-35  31  15  0
-19  76  12  0
3  -72  14  0
27  -7  -57  0
18  74  86  0
47  4  49  0
30  16  34  0
-94  -24  -89  0
-29  -24  -79  0
-34  -75  61  0
85  55  60  0
78  56  -63  0
8  13  97  0
-29  -53  -76  0
-73  42  -27  0
89  -83  -87  0
24  -89  -49  0
-28  -44  26  0
37  74  -73  0
13  -31  -33  0
-31  -100  93  0
-43  -90  -26  0
48  -30  51  0
31  4  -78  0
-55  90  -10  0
-6  -32  -19  0
-59  76  -55  0
-99  -87  33  0
-67  -14  86  0
-74  93  -60  0
62  -85  -47  0
95  71  22  0
99  -36  94  0
-22  26  45  0
-29  -48  -32  0
-36  -75  -17  0
-2  -95  -30  0
-66  46  27  0
28  -34  -74  0
-2  35  75  0
-28  15  8  0
40  -37  12  0
92  -10  -15  0
-96  2  28  0
71  95  84  0
24  -65  -32  0
47  98  -93  0
-52  -39  48  0
40  -15  86  0
-6  46  42  0
-21  -37  34  0
-52  3  -77  0
-59  -65  -40  0
-21  -42  75  0
-100  -58  82  0
-67  -47  98  0
12  84  74  0
-100  29  33  0
97  -50  58  0
22  9  -4  0
-45  -40  3  0
81  54  19  0
-28  -9  98  0
62  41  -81  0
9  -67  66  0
51  81  42  0
-52  -96  14  0
15  39  96  0
-87  36  80  0
27  74  94  0
78  -74  27  0
50  36  16  0
-13  -43  90  0
78  -53  2  0
-45  -8  -96  0
-5  -27  -80  0
-33  88  87  0
-81  -96  76  0
-30  47  -55  0
91  59  83  0
60  -87  -64  0
-48  91  97  0
-29  30  84  0
-68  -26  -7  0
-92  -30  78  0
-92  37  63  0
85  -49  96  0
74  -31  -56  0
35  62  8  0
73  -40  -88  0
-10  99  47  0
-3  -91  -46  0
50  -69  -59  0
-80  -93  -71  0
-39  1  -92  0
20  -21  2  0
77  -59  -63  0
-43  55  72  0
59  -72  97  0
82  96  -65  0
-4  -55  -18  0
17  -83  -15  0
39  52  -82  0
-52  -8  -92  0
-23  34  -98  0
-4  13  29  0
-84  55  -31  0
10  -15  -13  0
37  87  -86  0
9  -76  -50  0
28  -85  38  0
66  56  16  0
-6  -44  80  0
-50  -86  -94  0
64  -28  63  0
-35  -23  -90  0
-53  -85  41  0
3  41  -83  0
-36  4  66  0
-57  58  -85  0
-73  46  -16  0
37  15  -57  0
12  19  100  0
40  53  -42  0
100  -2  -30  0
69  94  85  0
-86  50  52  0
-74  98  -44  0
99  51  -10  0
84  -21  10  0
56  -99  88  0
31  76  -52  0
-59  -17  -77  0
-53  -69  -62  0
12  -65  -11  0
-58  3  77  0
25  -21  91  0
-84  44  81  0
98  -68  -70  0
-94  -32  67  0
36  28  20  0
20  43  -63  0
-49  20  15  0
-87  -18  88  0
-21  -45  -33  0
81  -77  -34  0
17  -79  70  0
-98  -41  -23  0
11  23  -25  0
70  -47  -4  0
-91  63  84  0
-18  38  13  0
10  -51  38  0
-74  -68  55  0
92  60  -31  0
40  54  -30  0
-90  -44  47  0
-36  35  -14  0
-45  -80  -11  0
-89  17  -27  0
-5  -89  88  0
65  -77  -84  0
-8  -83  -36  0
54  49  -88  0
29  96  75  0
-19  -14  -67  0
-16  58  37  0
88  -22  -93  0
15  -37  -61  0
32  9  95  0
-66  10  -99  0
94  -36  44  0
-66  -43  74  0
80  -27  16  0
53  55  -71  0
-60  -33  -24  0
7  -80  38  0
2  12  -38  0
-27  74  -39  0
-73  21  57  0
20  73  -14  0
91  -76  56  0
100  -22  3  0
-61  -100  76  0
-6  -87  10  0
-18  62  -100  0
-80  10  5  0
83  24  30  0
79  -5  -41  0
31  48  72  0
47  61  -70  0
6  20  10  0
-42  -46  56  0
36  -70  61  0
-99  -95  78  0
48  -2  -37  0
46  -2  9  0
74  24  -73  0
-42  -83  20  0
37  50  -11  0
-14  89  84  0
-69  44  -95  0
-2  39  -26  0
-33  -27  -7  0
-81  69  71  0
88  26  -16  0
-12  64  32  0
5  -47  71  0
-13  48  -92  0
-52  22  98  0
-81  74  50  0
-14  -61  -67  0
39  -72  50  0
19  -69  -53  0
11  100  -50  0
64  -32  -83  0
53  8  23  0
91  -95  -79  0
-98  -48  -95  0
-11  -71  -96  0
9  93  28  0
-68  -86  54  0
68  -83  -33  0
-25  60  -13  0
94  86  98  0
58  -98  28  0
60  -54  -87  0
-86  98  20  0
-14  35  -1  0
-85  -18  -2  0
76  70  40  0
-70  -28  46  0
-12  22  -26  0
-15  94  81  0
-25  -86  88  0
-19  -44  6  0
-81  67  31  0
-62  8  -40  0
81  48  -36  0
87  -20  89  0
-56  50  5  0
-3  45  65  0
89  93  32  0
-74  78  83  0
75  -30  -41  0
71  22  79  0
-21  -59  -51  0
37  -31  92  0
-66  -15  76  0
-73  15  75  0
66  -60  -3  0
51  -95  -83  0
96  -1  50  0
30  93  71  0
65  -12  -9  0
88  -8  -95  0
-87  -77  -30  0
72  -49  74  0
-49  -27  -34  0
23  43  93  0
63  58  -16  0
-48  -23  -64  0
-59  -22  -31  0
87  -69  75  0
95  -71  77  0
-2  -36  -44  0
78  3  80  0
99  73  -29  0
41  -49  65  0
-51  -73  38  0
-32  -74  -29  0
-35  -45  66  0
-51  19  -10  0
-17  20  55  0
3  32  -23  0
-32  40  44  0
93  -11  -91  0
-84  -19  59  0
12  90  11  0
-30  -52  72  0
-61  44  8  0
-42  -30  -66  0
10  -38  -63  0
-61  1  -23  0
-85  57  99  0
-30  -82  51  0
-66  -92  -45  0
-78  82  -26  0
100  4  -41  0
-35  -16  71  0
-51  -34  14  0
-63  54  31  0
15  7  33  0
-99  -58  -43  0
56  78  -27  0
97  -86  74  0
-39  89  -12  0
86  90  -44  0
15  16  51  0
-37  -75  -29  0
-50  19  -99  0
-78  -13  77  0
-74  5  -48  0
67  62  97  0
-30  -4  37  0
-38  95  -88  0
16  -91  87  0
-69  80  6  0
80  -40  21  0
-66  -58  -5  0
59  -64  -17  0
-55  -26  -8  0
5  60  98  0
42  55  -97  0
-48  92  -50  0
71  18  34  0
59  -75  -13  0
-90  -81  -27  0
-6  -40  -59  0
90  46  -19  0
57  -60  89  0
14  -43  7  0
-59  80  11  0
62  14  36  0
20  3  -45  0
35  -25  39  0
-76  23  5  0
99  96  -86  0
-15  -32  37  0
44  -61  -50  0
79  -36  -40  0
-98  -36  46  0
71  65  84  0
85  -48  31  0
-58  -53  65  0
-69  6  -30  0
88  98  -18  0
22  -73  64  0
-79  69  42  0
28  -94  14  0
-61  -56  -43  0
17  -82  54  0
-76  -87  60  0
-20  63  -1  0
50  -17  -7  0
25  26  -53  0
98  -12  24  0
-5  43  -77  0
85  66  -93  0
9  -78  -17  0
49  56  73  0
-16  73  18  0
-68  17  -100  0
4  64  -60  0
-50  24  -51  0
-60  -74  -54  0
11  -33  3  0
77  97  73  0
20  -30  -41  0
-57  72  -63  0
-40  -86  29  0
-50  -49  23  0
89  -98  -12  0
-68  -79  -97  0
-98  23  68  0
-70  -63  15  0
-55  57  60  0
31  -65  -12  0
-41  -68  8  0
6  -15  84  0
-70  -50  -76  0
97  15  9  0
2  -40  -71  0
-15  -67  -33  0
62  -24  -37  0
100  96  -8  0
-3  -59  63  0
-9  16  -26  0
-77  85  -49  0
-100  -82  -72  0
-1  -90  81  0
-12  -7  -74  0
-27  46  -85  0
65  38  -57  0
95  19  2  0
65  -17  -38  0
-78  45  98  0
53  91  -84  0
-70  -15  -95  0
-47  38  72  0
-99  -17  68  0
-66  -58  -98  0
-37  -64  76  0
-100  -7  -79  0
-49  -100  -83  0
-28  20  -32  0
-30  -42  -86  0
60  56  -97  0
-2  72  -52  0
-45  -43  71  0
54  -78  -27  0
-92  -35  -39  0
-41  -74  -34  0
-99  -17  -26  0
-63  -20  -24  0
-19  -86  -16  0
-71  63  -10  0
-96  39  56  0
-83  46  74  0
-38  -33  36  0
-99  -32  -7  0
66  77  -50  0
-6  -66  -29  0
87  89  24  0
66  29  60  0
75  -90  -29  0
-6  -97  -64  0
86  -52  -5  0
-23  8  90  0
68  5  -11  0
-64  -41  -58  0
-89  -25  -19  0
47  -30  -58  0
75  87  -78  0
-8  -26  -70  0
47  79  -76  0
72  27  24  0
-2  -44  -68  0
