c mkcnf random cnf with seed 44401, max clause length 3
c FORCED SATISFIABLE
c 
p cnf 100  430
-14  -60  47  0
14  -18  -50  0
7  11  -77  0
33  16  24  0
-16  -47  -83  0
61  -40  -25  0
-34  98  -86  0
-97  -19  40  0
-12  37  -98  0
-39  100  -8  0
95  -88  74  0
-93  -74  -40  0
-18  37  50  0
-68  17  9  0
-19  -98  -76  0
50  37  -66  0
41  -99  -74  0
21  -96  -60  0
28  76  67  0
-4  66  18  0
-50  33  -72  0
-34  -65  -90  0
-57  46  -26  0
42  70  -68  0
40  12  -15  0
-27  -62  -52  0
-32  91  -100  0
-66  30  79  0
-80  26  24  0
-12  18  -31  0
-74  30  -77  0
-47  -14  31  0
-30  29  78  0
-48  -49  -3  0
11  -14  -52  0
-55  38  20  0
-81  40  -72  0
58  13  22  0
-27  -67  77  0
43  89  7  0
100  10  -92  0
37  -41  59  0
-6  -56  -72  0
57  -14  -52  0
-71  -45  -51  0
-6  66  92  0
-73  81  18  0
-56  44  36  0
73  97  12  0
-51  35  39  0
-91  -62  76  0
66  -64  -62  0
3  51  -76  0
61  -69  9  0
90  65  -19  0
70  75  19  0
-99  15  -44  0
38  20  39  0
-40  -23  -56  0
2  -53  -76  0
40  10  -49  0
21  -36  81  0
58  33  20  0
-54  52  -70  0
43  -86  79  0
23  -29  20  0
38  -43  34  0
61  -15  59  0
-75  -63  -46  0
-26  57  -76  0
54  22  57  0
-22  100  -87  0
98  -30  -62  0
-97  -19  -52  0
90  -45  -47  0
88  10  -94  0
99  -98  19  0
-47  41  -61  0
-34  11  6  0
48  29  12  0
-35  40  41  0
-2  82  80  0
9  76  74  0
-6  9  -53  0
-73  24  50  0
83  79  -71  0
-14  -28  20  0
58  -46  -33  0
2  39  73  0
71  5  -4  0
84  16  82  0
92  -23  26  0
-74  58  -46  0
-15  40  2  0
-81  -63  32  0
20  8  -96  0
39  34  81  0
21  54  -42  0
40  22  -19  0
27  -43  -24  0
-44  -88  51  0
19  44  -48  0
9  3  100  0
47  -53  38  0
-97  17  51  0
100  2  65  0
74  58  -24  0
-29  84  4  0
-100  -75  -77  0
26  -100  -98  0
-57  -24  21  0
40  -64  48  0
51  46  -12  0
-64  -35  -22  0
17  25  18  0
96  95  46  0
-59  -12  1  0
-3  -38  4  0
-15  -91  37  0
96  -98  -41  0
-63  51  91  0
-94  -63  -36  0
56  -63  74  0
-1  -18  -89  0
90  -40  50  0
-100  83  43  0
40  -44  -62  0
-53  -66  -69  0
68  -55  34  0
-33  79  -85  0
47  99  -90  0
60  64  21  0
-78  85  -6  0
-7  -1  -17  0
-94  -70  -59  0
-38  -37  33  0
-100  42  -22  0
3  -24  42  0
82  -55  -10  0
-43  33  89  0
-2  37  44  0
-57  22  98  0
-34  15  58  0
95  -30  -15  0
-59  -63  51  0
-30  -68  56  0
-80  17  11  0
-50  86  -99  0
-92  -36  10  0
-17  -6  95  0
29  55  -6  0
-78  -61  -53  0
1  -9  -65  0
-78  94  70  0
-80  -62  -23  0
-4  -18  -96  0
-9  -16  42  0
-93  47  -4  0
-44  5  -87  0
67  57  89  0
-46  42  -40  0
93  -20  39  0
-82  2  -41  0
-70  -22  -73  0
-56  11  -49  0
-82  -3  -8  0
12  -85  -52  0
17  -65  -72  0
10  -43  100  0
-88  -92  17  0
60  -62  45  0
88  18  84  0
63  31  41  0
19  -13  -65  0
60  -71  45  0
-84  -34  41  0
-49  97  -61  0
45  81  -18  0
71  43  -74  0
-65  86  81  0
8  58  73  0
2  -13  -78  0
28  67  -88  0
28  -4  7  0
-15  71  97  0
7  69  36  0
8  -74  -73  0
-89  54  -56  0
-45  -74  80  0
74  -52  -86  0
41  -61  -29  0
30  -92  -39  0
70  65  39  0
24  -46  -93  0
83  80  59  0
-53  7  13  0
58  -71  99  0
-4  -37  28  0
100  -73  -85  0
72  50  24  0
-13  62  56  0
72  -56  80  0
48  21  75  0
68  8  -13  0
-11  13  73  0
-8  81  51  0
2  49  28  0
10  23  98  0
99  25  43  0
80  14  -73  0
-6  88  -48  0
-54  11  7  0
62  -35  -65  0
-27  -44  -10  0
-75  37  97  0
-40  13  -95  0
-72  63  5  0
-19  76  -83  0
-7  -84  89  0
-80  20  44  0
55  18  79  0
35  -80  -78  0
64  66  -68  0
-45  -64  20  0
53  -100  -81  0
86  -29  47  0
85  -79  -53  0
8  47  98  0
9  -44  -62  0
21  -89  51  0
27  39  -26  0
75  79  -45  0
5  -83  52  0
-49  -16  -43  0
12  -33  83  0
27  -45  -29  0
10  23  -48  0
27  -98  -17  0
-51  45  -85  0
33  -18  10  0
-44  -4  -93  0
26  87  74  0
-63  -30  48  0
-77  -47  48  0
-49  94  -43  0
35  84  -43  0
14  81  2  0
-37  -65  29  0
-60  23  -3  0
-18  -36  -44  0
34  -18  -13  0
30  21  49  0
68  27  31  0
11  81  24  0
-17  -67  -29  0
-69  -56  -34  0
3  6  -57  0
-62  7  -51  0
-23  -81  -93  0
-26  -10  94  0
-61  47  -50  0
-74  -81  -22  0
-57  67  63  0
45  33  32  0
-71  -77  -51  0
-6  -20  -78  0
4  -24  -11  0
-79  -51  -78  0
92  -9  57  0
4  -96  -46  0
62  -13  83  0
96  11  -99  0
-15  -68  31  0
-27  52  26  0
10  44  43  0
36  16  66  0
63  89  49  0
-72  21  -66  0
-84  -27  19  0
44  24  76  0
-98  -43  39  0
-31  -50  -72  0
-40  55  -7  0
-79  -61  -89  0
18  94  -65  0
-81  100  -77  0
19  73  -95  0
89  99  72  0
-87  92  -81  0
97  64  93  0
43  71  80  0
77  63  -93  0
-83  63  70  0
64  38  40  0
44  67  -30  0
-84  -11  -18  0
-53  -27  99  0
100  -23  97  0
34  -48  -46  0
50  91  15  0
-10  -36  29  0
61  -24  -5  0
60  -92  15  0
-68  -61  -85  0
-97  68  -45  0
-58  -34  -95  0
-67  11  -46  0
87  47  -38  0
21  -10  -84  0
95  -53  -60  0
-3  15  -72  0
88  -49  50  0
6  -45  29  0
-46  -86  48  0
74  -60  39  0
9  -88  -38  0
-56  78  15  0
-56  -31  87  0
16  -49  6  0
6  -48  75  0
-80  -5  79  0
-66  54  -25  0
87  74  43  0
-48  61  -14  0
-82  -5  32  0
98  -99  -62  0
65  69  67  0
-97  -61  -47  0
-12  -34  14  0
23  -79  16  0
-45  -84  93  0
65  24  -61  0
84  23  -91  0
16  29  -81  0
-78  -51  41  0
-7  -41  69  0
-61  60  16  0
62  -44  82  0
-12  72  -17  0
9  20  -7  0
-75  -51  -24  0
-98  10  62  0
90  52  -92  0
2  -22  -51  0
-71  56  -22  0
76  67  43  0
53  -32  -23  0
11  66  12  0
-86  -20  -99  0
38  26  -18  0
83  4  -94  0
50  -67  -54  0
-30  -81  18  0
49  -41  -11  0
-19  -37  97  0
-61  -78  -41  0
-67  14  63  0
-92  65  -3  0
-10  70  90  0
23  -7  -59  0
75  -57  -47  0
31  91  -35  0
15  -55  -67  0
92  -70  -95  0
-1  -38  97  0
-46  83  43  0
49  -42  -16  0
20  15  86  0
-5  44  -36  0
-9  64  -71  0
-76  -93  -28  0
61  -32  -73  0
22  77  -68  0
-67  -46  -45  0
10  -82  -45  0
93  -40  -11  0
-12  69  -72  0
-64  21  -60  0
25  -55  47  0
57  49  53  0
-75  74  -88  0
-4  34  -7  0
-70  -94  -9  0
85  55  76  0
93  10  -88  0
-53  52  31  0
-57  -72  -27  0
78  -4  63  0
-61  53  58  0
-74  52  -45  0
1  64  -99  0
61  -85  -62  0
-90  -2  -33  0
50  -99  -44  0
33  58  46  0
72  62  -33  0
-70  -38  -82  0
-70  25  -10  0
-81  -16  69  0
42  87  -35  0
-81  45  -67  0
-100  88  -94  0
74  -90  64  0
21  100  -39  0
-18  -10  20  0
-62  -89  16  0
96  -38  26  0
71  5  -78  0
-97  -48  -91  0
92  48  -89  0
-35  -64  -34  0
50  -91  100  0
-21  8  57  0
-31  -40  17  0
-93  -66  30  0
13  -47  -51  0
37  -20  -74  0
-84  -73  69  0
-36  -50  20  0
63  87  28  0
77  -9  24  0
-68  -71  -5  0
-67  -6  -42  0
82  -100  58  0
-57  -42  -14  0
99  -36  -70  0
-79  97  -46  0
32  51  -59  0
57  12  -7  0
-33  76  -9  0
