c mkcnf random cnf with seed 44410, max clause length 3
c FORCED SATISFIABLE
c 
p cnf 100  430
-100  -68  50  0
13  83  -21  0
-23  47  27  0
43  -10  7  0
-72  -6  -74  0
25  -34  -45  0
-56  90  3  0
-66  59  7  0
67  -41  -16  0
-53  -39  44  0
25  -23  -39  0
-38  48  -29  0
-16  -39  -33  0
21  57  39  0
-65  45  -39  0
63  -4  -84  0
12  -70  -5  0
-33  -39  71  0
-28  -72  45  0
-5  -72  67  0
-86  33  -29  0
-91  -48  16  0
3  29  -77  0
54  35  30  0
-3  61  30  0
62  -97  77  0
82  31  20  0
-73  28  -17  0
-92  -82  -90  0
-53  -37  18  0
62  -3  14  0
40  43  -26  0
35  77  -83  0
99  -11  -56  0
31  57  55  0
89  8  86  0
-43  -65  -44  0
69  56  8  0
61  90  -38  0
76  49  -50  0
-28  -63  -69  0
-56  39  52  0
-39  -72  65  0
66  73  -52  0
-44  -82  99  0
-57  -88  21  0
-54  75  5  0
-32  61  -100  0
82  -20  -31  0
16  25  -2  0
-13  21  -5  0
79  27  63  0
12  63  74  0
81  15  -12  0
-50  83  12  0
16  25  11  0
67  51  28  0
-75  -51  -39  0
-31  39  77  0
1  74  -67  0
2  55  -68  0
39  -82  -41  0
-47  45  59  0
-96  -47  74  0
-81  44  -12  0
65  44  33  0
-93  -19  -77  0
86  9  -38  0
79  68  61  0
-44  -67  -53  0
81  65  -78  0
35  36  -32  0
-80  -95  48  0
92  -30  -17  0
-73  -45  -47  0
-32  98  96  0
-28  -51  6  0
19  2  11  0
96  -63  -85  0
67  12  -89  0
54  -78  85  0
82  23  -93  0
7  -57  70  0
79  -33  -4  0
-90  44  100  0
100  51  -29  0
-100  -68  30  0
54  -5  -36  0
25  -35  38  0
73  -88  99  0
-98  -93  73  0
4  76  -39  0
49  -31  -16  0
81  79  38  0
32  -49  -11  0
-41  45  -13  0
-19  58  -89  0
-55  28  52  0
30  59  -23  0
-29  -58  -18  0
99  66  64  0
50  62  19  0
95  -35  -19  0
-48  32  34  0
18  -36  -9  0
16  96  99  0
33  86  -16  0
94  -40  63  0
-72  -15  -36  0
-37  93  -86  0
-53  -21  -1  0
6  76  -67  0
-86  90  -5  0
58  81  -5  0
-26  -30  -53  0
50  -74  81  0
53  61  17  0
60  93  -9  0
80  -25  66  0
-24  -33  57  0
89  43  73  0
25  -84  33  0
-28  78  -50  0
77  49  65  0
92  73  2  0
90  28  13  0
77  64  56  0
74  -73  -20  0
36  94  45  0
-52  -45  88  0
-28  -3  -47  0
7  82  66  0
-41  54  -78  0
-57  6  8  0
7  61  18  0
56  -7  -74  0
-97  -33  -63  0
62  -96  29  0
16  63  -78  0
24  22  52  0
47  -84  -3  0
-10  -17  -14  0
12  -44  -59  0
-65  63  83  0
-28  -2  66  0
-45  62  32  0
79  85  37  0
-54  8  -20  0
-79  62  100  0
99  -57  -42  0
-63  -41  -93  0
-90  -76  -9  0
75  -77  94  0
94  3  84  0
22  -4  -91  0
13  64  -60  0
-80  98  90  0
58  23  -37  0
-41  92  17  0
-93  -48  46  0
-76  68  25  0
-8  33  91  0
-42  52  -9  0
88  50  60  0
-81  -24  -2  0
-14  -12  -39  0
46  -54  24  0
100  30  -17  0
-48  -90  17  0
85  -27  -48  0
23  1  -68  0
45  -40  10  0
-74  70  47  0
64  5  54  0
-58  -24  91  0
-74  18  32  0
-83  65  41  0
22  7  29  0
52  39  71  0
34  -24  89  0
-57  -80  39  0
16  -38  40  0
-54  -8  -16  0
5  -2  82  0
-15  -17  82  0
-56  8  83  0
-41  -86  -49  0
-53  8  -17  0
-77  56  30  0
-3  64  -28  0
76  56  19  0
-50  -95  39  0
63  -72  76  0
-17  61  51  0
51  -26  37  0
-58  7  14  0
19  -4  -58  0
-86  59  -50  0
87  35  -84  0
19  -18  100  0
87  10  -49  0
-80  79  92  0
41  -27  88  0
75  15  23  0
-69  -45  76  0
-76  54  83  0
94  -46  10  0
8  -19  81  0
-67  46  72  0
75  -7  91  0
-20  63  82  0
-52  65  46  0
-14  -91  -49  0
-70  -19  38  0
81  -96  50  0
53  -79  91  0
-32  -60  38  0
-73  -83  11  0
-3  53  22  0
-56  -58  -73  0
21  -8  72  0
88  -79  17  0
-77  -13  29  0
-97  45  -94  0
-16  -38  7  0
-98  -60  -9  0
-80  8  65  0
85  -10  82  0
1  75  -22  0
68  5  -56  0
8  -29  5  0
-49  -69  -54  0
-90  -37  83  0
-42  86  85  0
-55  -16  -32  0
-100  16  95  0
40  -38  -67  0
47  -30  -78  0
76  39  -28  0
-99  -77  57  0
67  65  -64  0
85  -66  54  0
-9  -6  -5  0
-92  -87  15  0
-78  37  5  0
-7  31  -38  0
-66  41  -100  0
51  10  -92  0
-10  -44  -29  0
18  -11  -92  0
-92  -96  -88  0
-62  -76  89  0
-65  64  -39  0
52  63  -99  0
-18  24  82  0
79  -70  -100  0
-7  -56  19  0
-57  58  48  0
93  55  -81  0
-90  -44  -72  0
-38  88  -23  0
85  -87  -46  0
8  -13  -30  0
-46  21  -76  0
24  100  66  0
-92  80  -73  0
57  16  85  0
-42  39  -54  0
-97  10  39  0
-100  87  58  0
55  -92  54  0
-61  -47  -33  0
-59  -75  39  0
-20  -53  -66  0
12  45  -2  0
42  70  35  0
-65  -9  -80  0
-30  95  32  0
95  -3  -26  0
-56  17  15  0
-46  28  31  0
30  42  25  0
57  60  40  0
73  -15  30  0
-21  -37  -91  0
-47  93  -24  0
99  81  20  0
58  -100  87  0
-94  46  -42  0
-49  -67  64  0
-2  -90  -11  0
-46  96  -95  0
2  16  5  0
-25  -56  74  0
75  -18  -15  0
89  -85  67  0
62  -67  74  0
33  36  53  0
-39  98  22  0
30  -9  -89  0
-78  -57  -54  0
65  -14  100  0
43  13  40  0
35  39  -56  0
-72  73  22  0
90  22  -38  0
-33  84  -9  0
-21  65  90  0
-72  87  -49  0
96  -3  -94  0
-46  38  -40  0
-6  31  -35  0
-77  -12  -80  0
-1  -76  -79  0
-82  -83  -74  0
61  36  -56  0
-84  48  2  0
-58  -29  -14  0
25  -15  36  0
73  92  22  0
-27  -95  -29  0
-17  -91  9  0
58  40  63  0
89  -57  -28  0
-73  68  88  0
-14  78  -42  0
50  -42  94  0
46  -3  -4  0
-27  -41  -92  0
-60  -31  -41  0
98  -73  92  0
51  -25  96  0
-14  -81  -91  0
63  78  97  0
-81  86  -5  0
20  84  -14  0
51  20  -46  0
61  -25  8  0
-1  32  46  0
-71  11  64  0
75  -45  -52  0
-85  -35  -73  0
-89  6  85  0
-40  -14  -59  0
-17  50  82  0
-27  84  56  0
23  -87  -80  0
4  -49  98  0
-90  74  61  0
-70  48  54  0
-74  -54  60  0
69  -70  6  0
-49  21  -44  0
53  -60  76  0
56  28  -82  0
-91  60  -30  0
-46  -32  57  0
-44  -96  100  0
61  30  -19  0
-5  -78  70  0
-48  14  -32  0
-9  -36  93  0
77  65  92  0
46  -72  6  0
78  7  -39  0
-66  86  98  0
-72  77  -9  0
73  59  -41  0
15  -14  93  0
50  42  1  0
85  11  83  0
1  81  83  0
5  -100  73  0
36  72  21  0
-92  28  -39  0
39  84  -59  0
-62  -31  -5  0
-72  -45  53  0
-31  -14  -13  0
-98  45  -17  0
49  8  -82  0
-41  93  -21  0
38  -59  -72  0
-85  62  -68  0
-58  -72  22  0
14  -30  4  0
-21  93  60  0
-8  -43  -29  0
-16  -50  -77  0
19  85  -95  0
-81  -98  97  0
21  -23  -7  0
-80  55  7  0
-38  97  -70  0
-80  98  28  0
67  14  -96  0
-64  19  37  0
44  -41  -26  0
28  25  100  0
75  61  -42  0
49  87  51  0
-43  -73  -35  0
94  -91  -12  0
8  32  -30  0
-10  -93  41  0
80  -36  90  0
3  40  -47  0
36  -60  21  0
-10  8  79  0
-47  -19  -61  0
21  -8  54  0
-7  74  -73  0
-35  -55  51  0
58  -1  25  0
84  -30  -51  0
80  36  -28  0
70  -80  -48  0
51  7  -74  0
-58  13  27  0
-7  31  -3  0
-31  -82  72  0
-22  23  -42  0
56  -12  -40  0
-57  92  -78  0
-98  21  80  0
7  -89  22  0
-19  -23  78  0
2  -95  -17  0
24  -62  14  0
-55  16  41  0
