c mkcnf random cnf with seed 44436, max clause length 3
c FORCED SATISFIABLE
c 
p cnf 100  430
-90  -45  3  0
89  -26  -46  0
-41  11  43  0
82  35  -73  0
59  -97  7  0
-50  -45  62  0
-91  -36  -37  0
16  51  -50  0
88  67  -7  0
-76  38  -42  0
5  28  18  0
94  24  -60  0
79  -100  10  0
-90  -53  4  0
47  42  -57  0
-88  -83  -30  0
57  -20  99  0
-81  34  -15  0
-3  -76  -22  0
-53  35  1  0
-56  76  -79  0
52  53  22  0
8  -19  61  0
-88  30  -60  0
71  -5  2  0
-86  -65  -40  0
33  -30  -15  0
-79  -17  39  0
40  27  -57  0
-31  -67  28  0
-83  -9  -49  0
60  -1  84  0
-59  -30  80  0
-56  -46  -6  0
-27  52  98  0
-6  100  -67  0
-15  -66  -92  0
-19  -90  -71  0
4  7  31  0
13  -38  -66  0
-88  33  25  0
-24  3  90  0
30  -16  -34  0
13  -74  4  0
-79  -83  -82  0
-63  -20  41  0
-91  -32  -3  0
21  18  9  0
-81  -91  65  0
-60  77  76  0
90  -99  96  0
-10  33  35  0
31  58  9  0
-11  -100  20  0
96  80  -59  0
98  -80  -6  0
-42  15  83  0
83  3  21  0
-69  68  80  0
-84  34  95  0
-85  -98  -97  0
-66  5  -23  0
21  81  1  0
-93  -29  -39  0
-4  26  -89  0
11  -63  30  0
-83  9  34  0
49  -70  35  0
69  -49  -22  0
55  73  -85  0
-16  20  8  0
93  -45  12  0
54  -93  7  0
97  -63  -34  0
21  -27  97  0
17  -34  60  0
53  79  12  0
-63  -19  97  0
-89  -19  -91  0
82  -21  10  0
24  65  74  0
-54  84  85  0
63  -77  -1  0
4  17  11  0
-83  73  84  0
-2  -25  79  0
-52  -81  51  0
-62  -2  -54  0
-16  -95  -90  0
-38  -40  -36  0
-99  31  -10  0
94  85  -63  0
-93  27  -58  0
47  -36  -40  0
-38  -62  72  0
-6  -38  -49  0
-13  53  -40  0
98  -41  -55  0
89  63  68  0
-22  -84  42  0
-3  49  40  0
40  -24  92  0
23  67  32  0
2  92  -48  0
-23  38  21  0
-44  -58  -2  0
-37  76  2  0
-5  -1  36  0
-44  -78  -100  0
-91  72  19  0
-40  -17  63  0
44  85  -88  0
29  57  -92  0
-21  -26  -51  0
46  40  -30  0
37  -51  82  0
-35  86  77  0
-10  41  4  0
71  -29  22  0
79  -81  37  0
34  -93  99  0
35  61  -49  0
79  -11  -20  0
-86  -77  59  0
93  86  -16  0
-58  87  -89  0
66  7  -68  0
75  -77  99  0
-78  63  36  0
17  -79  -66  0
31  -90  -89  0
89  80  -38  0
-13  -54  47  0
65  5  6  0
-53  86  -15  0
49  -54  45  0
-70  -18  -51  0
70  -72  -42  0
50  43  -96  0
-94  -63  -53  0
13  31  -93  0
36  65  20  0
-84  41  -35  0
-55  -86  37  0
-24  88  56  0
75  44  -34  0
-45  -64  -13  0
83  62  2  0
37  -72  5  0
39  -21  27  0
-93  3  -5  0
-51  68  -23  0
7  67  98  0
7  28  19  0
14  12  23  0
-80  -50  -83  0
71  14  46  0
-61  3  -83  0
61  -74  -85  0
-27  53  -1  0
-58  21  -17  0
36  82  56  0
73  -32  65  0
86  87  -46  0
-32  70  -68  0
74  -36  -2  0
-56  38  -65  0
-4  86  90  0
17  -77  70  0
-81  -56  54  0
-41  -51  -78  0
47  -99  -10  0
-67  50  -42  0
38  11  -93  0
-57  -14  64  0
88  22  -27  0
82  -98  -15  0
-13  -98  7  0
-70  54  35  0
-72  -33  44  0
46  71  -97  0
-95  63  4  0
28  -69  -75  0
-26  -7  -92  0
-79  91  -84  0
-59  21  69  0
89  100  66  0
-100  -9  11  0
-91  21  -40  0
44  -82  83  0
97  37  23  0
-62  34  -65  0
-6  -16  69  0
-71  -31  73  0
54  87  77  0
15  17  -51  0
76  100  56  0
-93  94  36  0
16  81  58  0
10  45  18  0
-12  91  -1  0
-55  -76  -5  0
7  51  -61  0
28  -91  93  0
-25  18  -79  0
-67  4  15  0
-49  -26  16  0
-89  20  52  0
-3  23  -48  0
-9  63  -67  0
-66  -97  18  0
61  30  -56  0
-19  97  48  0
-25  16  -87  0
-8  -82  95  0
-79  100  -30  0
32  45  8  0
-53  59  84  0
89  17  21  0
-11  37  96  0
-87  -50  77  0
42  -88  -62  0
-12  63  67  0
-73  -72  -70  0
-6  48  54  0
-8  73  18  0
-55  -58  -9  0
-51  46  85  0
90  26  61  0
94  92  -22  0
-39  -30  -49  0
-52  -75  12  0
12  57  70  0
-92  3  -44  0
-19  52  -54  0
43  79  -94  0
-32  8  -46  0
-46  -88  42  0
-83  99  9  0
-1  60  -15  0
-70  -71  92  0
79  61  -41  0
47  30  -27  0
-58  -43  67  0
41  42  54  0
62  -15  -24  0
84  -38  3  0
7  -62  -56  0
-96  -47  -3  0
-58  70  80  0
57  4  -23  0
35  45  -46  0
-63  -84  1  0
-28  -7  -92  0
3  60  -49  0
-53  32  -3  0
-67  -29  -1  0
64  77  -80  0
98  30  -28  0
53  -46  72  0
41  64  -31  0
-15  -94  -51  0
92  -93  -61  0
36  86  -7  0
-70  41  2  0
-7  32  13  0
-60  -85  -24  0
6  98  70  0
3  65  -66  0
-58  97  66  0
-25  31  24  0
-51  -81  -15  0
36  9  -68  0
-87  -13  -99  0
10  -36  97  0
-98  -38  76  0
-23  -91  -32  0
12  86  22  0
85  -62  1  0
70  -69  -6  0
35  87  94  0
34  -43  -88  0
-36  -63  -71  0
92  -31  36  0
31  -62  35  0
-32  68  35  0
-67  -22  -78  0
-9  -41  62  0
-87  -30  -58  0
-62  -77  45  0
50  40  43  0
-18  -20  -63  0
69  -80  -65  0
-26  2  46  0
-12  -96  18  0
36  -74  35  0
-24  -44  28  0
61  84  -4  0
-92  20  34  0
-6  -5  3  0
51  -26  24  0
-84  -81  95  0
78  77  57  0
32  72  51  0
-41  -81  82  0
-36  -84  51  0
41  -5  37  0
-21  -58  33  0
-42  -16  -14  0
-46  -42  -76  0
-44  -4  -19  0
-78  26  -67  0
11  67  76  0
-81  -5  94  0
-86  13  -58  0
63  61  92  0
74  -56  75  0
55  -56  -53  0
78  -57  94  0
-45  61  -95  0
-28  -61  20  0
-5  13  -74  0
-40  60  92  0
-52  85  -78  0
43  51  36  0
-2  67  -3  0
45  -92  10  0
97  -35  67  0
-75  -72  -78  0
45  -13  -70  0
-46  36  -84  0
12  -19  -10  0
41  -24  -81  0
-92  -89  -71  0
-56  -14  -48  0
-91  -60  -29  0
-76  8  -5  0
-9  -13  89  0
-20  -43  73  0
12  -99  54  0
20  74  -28  0
12  18  -19  0
-93  9  59  0
-20  -40  -76  0
93  99  -48  0
69  -47  15  0
-49  -79  -69  0
-16  -96  72  0
4  -80  -78  0
88  53  17  0
-80  -24  86  0
-13  -63  52  0
-10  56  64  0
73  65  -28  0
-82  -19  -98  0
-64  35  -38  0
61  12  10  0
-57  -16  13  0
65  -71  -54  0
-46  30  14  0
-16  54  45  0
-47  80  34  0
83  -88  30  0
14  52  18  0
32  77  20  0
6  -10  -87  0
94  73  -80  0
-70  -72  75  0
100  98  56  0
60  -95  -67  0
44  76  94  0
-39  -37  78  0
-26  37  -2  0
77  -88  -48  0
59  -32  -79  0
-24  -82  -72  0
43  -28  78  0
64  49  85  0
-84  -46  -88  0
-89  83  41  0
-12  -90  -37  0
63  59  92  0
-59  -45  -86  0
-19  15  -33  0
-32  35  86  0
66  18  -54  0
-17  9  -46  0
2  -27  -21  0
6  -3  -11  0
89  60  -87  0
-64  -40  -88  0
79  -39  -85  0
67  91  -18  0
82  -21  -77  0
30  -69  16  0
-74  -54  -99  0
69  93  -66  0
14  95  -100  0
-63  -24  66  0
69  -89  -99  0
-12  19  2  0
15  -94  -80  0
46  -11  -71  0
89  -44  -92  0
-97  69  56  0
8  -64  42  0
-92  -14  97  0
23  82  81  0
88  -83  -93  0
79  -77  -11  0
-62  -96  -53  0
93  40  -24  0
3  86  53  0
-93  75  92  0
-30  51  59  0
-25  22  38  0
-53  -63  -97  0
-3  -87  -68  0
69  -68  18  0
73  72  -32  0
52  80  -97  0
-85  28  -36  0
-60  -37  -58  0
-53  62  22  0
48  -33  79  0
72  -9  99  0
100  -91  85  0
44  89  66  0
47  92  -41  0
26  -76  37  0
