c mkcnf random cnf with seed 44397, max clause length 3
c FORCED SATISFIABLE
c 
p cnf 100  430
54  -79  23  0
-54  -97  -58  0
91  -85  22  0
31  -33  12  0
74  26  76  0
-100  -68  -55  0
10  -15  -98  0
64  98  -25  0
-47  45  -55  0
54  -84  60  0
60  19  9  0
-59  -45  92  0
-89  -82  88  0
27  -94  97  0
-46  77  -32  0
71  40  -65  0
-72  27  77  0
-47  67  -6  0
-90  -27  -70  0
39  -87  50  0
-33  72  59  0
26  18  -32  0
-72  44  -58  0
-92  93  76  0
83  9  80  0
-91  50  -42  0
-26  32  76  0
-12  8  36  0
46  -83  19  0
-94  -44  -35  0
-22  -26  34  0
70  -77  -52  0
14  -98  -29  0
-22  -56  -99  0
-65  -51  46  0
8  36  -82  0
86  27  -41  0
40  -4  -36  0
82  65  -66  0
30  -68  -51  0
49  94  25  0
-81  64  65  0
-38  -7  70  0
53  -36  45  0
54  73  -64  0
-56  67  -91  0
49  25  -67  0
-77  -87  -80  0
24  -29  68  0
-100  -13  62  0
-47  54  77  0
-40  92  36  0
-89  -42  61  0
97  -76  -56  0
64  -79  65  0
-86  49  5  0
60  92  -31  0
68  71  77  0
-25  27  -4  0
50  -71  -12  0
-63  14  -53  0
82  -16  71  0
84  72  -1  0
-19  49  -26  0
-31  87  -2  0
-28  61  18  0
95  -49  -70  0
20  10  61  0
-85  -29  -47  0
58  -31  53  0
-69  -71  -82  0
-1  11  -30  0
-25  63  -3  0
-82  61  22  0
-70  94  77  0
12  2  -21  0
6  -93  3  0
45  -66  30  0
-5  -42  2  0
45  -55  -68  0
-31  98  -72  0
72  66  -30  0
-24  -26  -3  0
75  -21  68  0
-71  -92  50  0
-69  -30  -35  0
-96  100  23  0
-13  11  86  0
12  76  11  0
7  -67  -85  0
87  43  6  0
32  4  41  0
29  -25  -96  0
-63  53  -23  0
-32  65  42  0
27  -43  -44  0
-41  56  28  0
-42  -55  8  0
-27  -48  95  0
-46  79  -94  0
-60  -93  97  0
19  81  38  0
-93  -70  -95  0
-30  70  37  0
-25  -48  23  0
24  29  -55  0
-47  -30  -8  0
7  -44  58  0
33  -55  72  0
-73  -98  87  0
-76  69  89  0
48  17  56  0
-94  50  11  0
-57  -12  75  0
71  73  18  0
5  -63  -19  0
3  -48  99  0
-34  49  -68  0
-15  -87  -99  0
-99  -83  -48  0
-95  66  -16  0
-56  31  -84  0
-71  31  50  0
18  -25  -55  0
-80  -96  -31  0
-33  39  -7  0
-70  -33  29  0
44  -99  64  0
91  -7  50  0
-12  -87  -80  0
-78  3  -40  0
57  34  21  0
-97  -85  67  0
68  7  84  0
80  64  -76  0
-28  -8  -85  0
69  -94  -24  0
20  -41  -63  0
45  -59  -34  0
31  20  -85  0
36  69  -98  0
58  -55  36  0
54  78  4  0
51  -54  81  0
63  71  69  0
82  56  39  0
-69  -38  54  0
60  -71  -28  0
15  29  -6  0
-61  11  -42  0
-17  10  -7  0
83  66  -43  0
-56  10  -26  0
46  -61  93  0
-54  18  91  0
45  -36  -54  0
-23  68  -18  0
-60  -38  -22  0
64  3  -22  0
-36  91  -46  0
12  18  -52  0
-35  -67  75  0
-67  -20  -1  0
-80  5  -45  0
29  18  -66  0
50  80  53  0
-98  -1  7  0
-33  -9  -28  0
-92  -32  62  0
-100  79  -30  0
-35  -57  -39  0
14  59  52  0
-31  -80  40  0
-36  66  60  0
9  -19  -89  0
99  -18  52  0
12  -24  72  0
100  -55  -56  0
-98  3  -57  0
-46  38  -78  0
-29  -68  47  0
-91  76  52  0
-99  -94  82  0
91  97  -13  0
94  62  83  0
69  70  6  0
-28  -11  98  0
-87  -99  22  0
-7  85  16  0
-4  6  10  0
-79  34  -97  0
14  -53  73  0
9  95  -24  0
-48  -58  -94  0
8  57  -25  0
-44  55  -71  0
-49  -83  72  0
-53  37  -89  0
-59  95  85  0
-43  -76  70  0
54  39  -91  0
-57  49  76  0
53  -59  17  0
53  31  -26  0
56  65  63  0
47  -100  -62  0
-35  16  20  0
62  60  25  0
-11  -92  -46  0
-74  9  6  0
-29  62  -31  0
91  36  4  0
73  56  -85  0
42  -15  48  0
17  -71  -35  0
32  -65  -20  0
26  -2  -28  0
-44  42  -43  0
50  24  64  0
54  63  30  0
-58  -54  -34  0
-81  -96  14  0
65  18  36  0
92  30  62  0
90  74  75  0
24  -94  8  0
40  57  -72  0
-44  -7  -67  0
53  -72  -69  0
62  -40  14  0
17  68  -65  0
88  -55  -62  0
43  5  -99  0
14  64  -72  0
-35  -91  -71  0
29  26  12  0
-24  -59  -98  0
47  -77  58  0
44  -62  25  0
-33  -15  5  0
86  57  6  0
-17  -57  -7  0
53  -96  26  0
8  -20  -49  0
59  -48  56  0
-40  42  -13  0
25  39  13  0
39  26  -76  0
12  -68  93  0
-27  22  18  0
47  -19  -63  0
45  70  -91  0
-82  -79  26  0
-24  -91  54  0
-16  -13  67  0
-47  38  -94  0
-16  -56  -55  0
-75  78  15  0
95  89  -75  0
79  -33  68  0
-78  -92  3  0
-73  75  -14  0
-13  -34  -90  0
-27  45  -66  0
19  -21  -22  0
-57  -41  59  0
-43  83  -73  0
-13  37  79  0
-50  28  37  0
-100  70  -67  0
29  -55  22  0
-79  20  -38  0
43  -10  -56  0
-85  24  -29  0
65  -45  -25  0
-40  -31  30  0
-4  -10  7  0
-15  74  -75  0
-83  -26  -33  0
-23  -43  -83  0
44  95  -24  0
74  -20  -19  0
-31  79  41  0
-82  -44  -8  0
-99  74  -50  0
70  -62  64  0
-61  69  -28  0
86  -53  34  0
65  69  35  0
-62  -98  -9  0
-95  73  69  0
-50  -38  -36  0
59  30  33  0
-96  -48  84  0
-73  28  -52  0
96  -4  87  0
-81  -89  -41  0
70  -31  -29  0
-55  100  18  0
53  -81  -60  0
79  -5  -13  0
8  -60  29  0
86  82  30  0
-44  -20  25  0
12  -96  -100  0
68  23  -94  0
-47  -54  -34  0
82  93  -54  0
42  78  100  0
-79  -65  -32  0
-81  80  -55  0
-60  19  61  0
-22  -59  -65  0
89  53  27  0
-59  -72  36  0
-7  -87  -77  0
-36  -34  72  0
-3  14  75  0
-55  -1  -26  0
-98  12  49  0
-52  -100  24  0
-78  -16  -85  0
10  74  -95  0
93  -8  -71  0
-58  -12  24  0
66  -64  -54  0
48  -67  33  0
-18  -94  100  0
-12  33  -100  0
85  36  -94  0
100  -45  53  0
39  -50  -96  0
-59  -2  23  0
-57  -21  -69  0
78  86  -11  0
76  -63  22  0
-27  -70  -12  0
-23  -20  -4  0
100  -28  14  0
76  -74  48  0
-96  48  -23  0
9  24  -79  0
-1  12  -3  0
79  52  -53  0
-42  -4  66  0
-9  -91  14  0
-46  -11  49  0
5  25  -81  0
93  42  -46  0
-65  -3  -75  0
-45  73  70  0
-94  -36  54  0
-26  97  -49  0
-7  29  -20  0
-78  18  15  0
-66  -32  58  0
-85  -3  -90  0
-91  -51  -4  0
-74  33  -89  0
-61  69  75  0
95  73  -86  0
45  69  -5  0
-73  31  42  0
95  -85  -16  0
-34  -100  84  0
28  -35  -79  0
72  77  36  0
93  -35  -39  0
35  7  19  0
-58  77  19  0
6  -38  37  0
67  42  36  0
90  89  -81  0
63  99  -16  0
-36  -96  80  0
-14  82  -52  0
47  38  29  0
-47  70  -20  0
41  -2  -6  0
-41  94  49  0
-33  -8  97  0
14  4  42  0
54  -13  78  0
-30  5  26  0
-45  -37  29  0
-61  -55  90  0
-69  -96  86  0
86  -30  -41  0
11  -86  -63  0
2  92  -93  0
-12  -71  1  0
-25  77  -21  0
69  38  87  0
-96  -16  -5  0
-27  23  36  0
80  -71  49  0
29  10  -56  0
-62  76  -34  0
97  -9  -29  0
-32  -44  66  0
-10  79  23  0
35  -7  -30  0
15  -22  -54  0
84  -66  13  0
21  -7  1  0
-27  -32  -17  0
-32  63  28  0
-59  76  -31  0
-10  -61  -22  0
-48  22  -66  0
71  -27  64  0
23  83  -38  0
68  38  -21  0
90  21  72  0
85  87  -25  0
-96  -21  39  0
43  -50  -98  0
93  -62  -67  0
-82  55  36  0
90  50  89  0
9  66  77  0
-88  49  22  0
-66  -15  -84  0
-65  43  23  0
-84  39  37  0
-2  -60  -48  0
42  82  -49  0
-17  15  37  0
-43  -19  -15  0
56  36  -63  0
