c mkcnf random cnf with seed 44437, max clause length 3
c FORCED SATISFIABLE
c 
p cnf 100  430
55  90  58  0
11  -78  -32  0
-80  40  48  0
62  -39  -64  0
21  -74  -95  0
57  -13  77  0
40  25  63  0
26  12  -20  0
56  -29  50  0
-30  -36  -81  0
-85  -60  -1  0
-48  31  -81  0
-58  35  -36  0
-19  -76  -9  0
-8  64  -43  0
-62  -63  2  0
52  51  4  0
-29  -13  73  0
34  -39  99  0
-49  -77  -92  0
53  -44  -86  0
-22  9  10  0
-20  16  -32  0
34  -82  -33  0
-10  -37  51  0
-90  74  20  0
18  3  48  0
6  -60  65  0
-30  -80  -84  0
-98  -21  10  0
40  57  -72  0
14  20  -80  0
-23  67  -29  0
-58  54  53  0
-31  -64  -10  0
41  81  78  0
80  44  -92  0
89  -81  -49  0
-40  26  -80  0
66  89  11  0
78  64  57  0
-67  -10  -51  0
-31  37  49  0
-39  66  -36  0
-47  36  -74  0
19  79  -81  0
-17  -52  33  0
-77  -22  -87  0
30  -40  -64  0
-98  -55  -2  0
61  10  25  0
-80  13  -78  0
-82  -59  63  0
83  -36  -90  0
-86  -13  -71  0
-1  97  -11  0
56  43  60  0
47  100  80  0
50  -77  -25  0
40  99  61  0
67  -77  29  0
86  98  -9  0
-18  -36  66  0
12  -54  -95  0
87  -63  51  0
-97  -43  -83  0
-69  -73  -44  0
-82  25  74  0
26  -68  -47  0
71  68  -35  0
32  29  24  0
-76  79  1  0
82  -50  -60  0
-81  -79  71  0
99  84  49  0
56  4  69  0
16  87  -66  0
75  -12  -13  0
70  92  -74  0
37  -58  99  0
40  -88  21  0
-58  -92  70  0
21  -49  12  0
-23  -64  98  0
-91  -19  58  0
44  69  -73  0
-61  -34  -87  0
-78  89  44  0
-18  80  -37  0
43  -12  36  0
-67  64  -10  0
36  71  49  0
-32  15  65  0
-90  -43  3  0
95  9  -4  0
14  2  77  0
61  65  -92  0
8  21  11  0
-81  -88  96  0
83  -93  11  0
89  76  80  0
34  -12  -73  0
30  39  24  0
13  30  32  0
2  -35  -62  0
91  88  68  0
78  62  55  0
-69  -46  -6  0
-88  50  41  0
-34  -55  -15  0
-42  -32  -31  0
-45  27  50  0
-84  75  -58  0
-95  -67  80  0
46  78  12  0
-29  35  -99  0
-74  35  -37  0
-27  -76  -52  0
23  -31  -22  0
-8  81  -47  0
83  81  88  0
96  1  -74  0
-57  55  -47  0
-87  52  23  0
85  69  23  0
12  -34  -80  0
80  89  -67  0
-85  78  -95  0
-35  5  16  0
-61  -16  -40  0
91  43  -58  0
-22  -71  85  0
-17  -72  -28  0
-57  -3  16  0
95  -26  -33  0
40  92  29  0
-32  100  98  0
10  20  -15  0
84  34  -88  0
-83  37  67  0
-49  -95  73  0
42  65  -6  0
-65  -33  -77  0
78  -2  -87  0
56  -92  22  0
24  46  22  0
-54  92  -95  0
-47  -6  -80  0
14  -28  -4  0
10  21  58  0
-60  -98  29  0
-18  -99  38  0
96  68  -6  0
87  -49  98  0
-84  -33  79  0
52  63  -68  0
27  13  41  0
-6  -95  -49  0
-64  -97  -19  0
93  95  -31  0
-70  23  -74  0
-9  87  -40  0
84  -23  31  0
-94  25  -71  0
18  42  -50  0
44  -1  -6  0
77  -63  13  0
-95  23  -80  0
73  86  -47  0
-84  -51  75  0
-24  -9  88  0
94  10  6  0
12  79  -68  0
-12  74  -57  0
-7  -53  -77  0
89  -82  -86  0
-83  25  65  0
11  95  -19  0
-67  79  -13  0
23  -95  20  0
-89  -99  95  0
-17  36  -56  0
-74  21  78  0
-93  -78  -90  0
94  -56  78  0
-9  -12  92  0
-15  39  -59  0
-92  77  -93  0
-58  85  65  0
41  -23  -98  0
28  39  -86  0
23  -21  -3  0
94  -34  93  0
96  -76  -77  0
-53  -59  69  0
54  28  -1  0
-65  -18  -17  0
63  -58  -25  0
-8  -34  -26  0
-84  83  -77  0
-22  -83  -93  0
-69  -46  75  0
90  36  -95  0
20  79  -33  0
-26  -56  42  0
-37  -29  -91  0
55  14  3  0
3  -52  -38  0
70  45  -76  0
-76  -75  2  0
81  -92  89  0
-66  -22  -17  0
34  -78  -43  0
-24  99  -9  0
12  77  93  0
7  51  -100  0
-84  43  -69  0
31  -99  65  0
-7  43  -8  0
84  -72  66  0
-71  -45  3  0
-24  -98  -78  0
-10  72  -39  0
-84  -89  76  0
61  73  95  0
-81  -25  12  0
77  24  -5  0
84  9  -23  0
62  -24  38  0
9  61  7  0
-53  96  -18  0
65  100  -17  0
-32  73  -99  0
8  9  -100  0
29  -36  -50  0
95  -71  -20  0
60  63  -76  0
15  -49  12  0
-57  -17  -54  0
3  33  -90  0
77  25  -10  0
-86  39  92  0
58  76  68  0
-83  8  -35  0
-37  -18  65  0
-55  -86  68  0
-6  50  22  0
-12  -6  -80  0
5  -24  65  0
66  79  -22  0
-64  -35  -27  0
-20  -4  -2  0
80  -85  -95  0
-62  38  -5  0
-10  -30  -73  0
-35  -34  -1  0
-58  11  -95  0
30  90  59  0
88  95  53  0
50  92  -56  0
-16  -88  81  0
50  -44  19  0
57  4  49  0
-91  67  17  0
88  64  92  0
-61  74  -65  0
-23  15  -82  0
48  -61  -98  0
-81  73  -90  0
22  -7  44  0
-16  -37  73  0
40  -80  -1  0
-94  -89  7  0
-65  -4  -44  0
64  70  3  0
82  68  -92  0
63  -4  21  0
98  -9  49  0
-10  -6  -69  0
-34  46  -71  0
24  -64  -83  0
36  26  99  0
-33  -43  -39  0
-65  72  86  0
62  -78  73  0
-67  52  51  0
74  -92  -90  0
-21  -4  72  0
68  58  -95  0
-10  78  38  0
53  -70  -73  0
85  99  -24  0
-62  -18  3  0
22  31  -76  0
77  73  96  0
99  69  61  0
38  5  -65  0
21  -20  60  0
-36  54  -21  0
80  -73  20  0
95  57  -74  0
14  -61  96  0
30  -18  78  0
63  45  53  0
5  99  11  0
-69  7  18  0
-50  16  -33  0
33  78  -14  0
-31  -62  -96  0
6  51  -69  0
-40  -62  -69  0
-95  -4  -29  0
93  64  -5  0
20  -45  -87  0
-43  -22  -68  0
28  -15  -72  0
-78  97  16  0
-50  74  88  0
39  -67  100  0
11  60  -21  0
-97  -36  72  0
-73  -57  61  0
-82  -34  -21  0
25  -29  16  0
28  37  77  0
-14  19  -97  0
-45  -56  82  0
-45  -67  16  0
-69  -20  27  0
96  3  -15  0
75  -89  -87  0
60  56  -64  0
31  -7  -95  0
-48  -61  -23  0
23  57  -22  0
-41  15  52  0
-19  -91  1  0
87  13  4  0
29  15  -50  0
5  -33  65  0
91  37  24  0
65  -71  -1  0
75  39  -20  0
-86  7  -76  0
-69  37  -5  0
56  17  -75  0
81  87  -46  0
73  66  8  0
12  -11  75  0
-43  75  20  0
73  -35  -81  0
-19  -68  -100  0
71  -73  86  0
2  39  28  0
-9  -16  -54  0
-36  70  18  0
-45  99  94  0
91  -16  53  0
-48  -64  -44  0
82  7  -61  0
46  91  -1  0
3  24  78  0
-79  28  -49  0
-43  -53  -66  0
100  -74  31  0
-34  95  1  0
21  -1  23  0
100  -96  61  0
6  -54  8  0
-94  63  -2  0
-83  70  -5  0
47  77  100  0
-45  10  78  0
-55  36  -93  0
39  -8  69  0
-71  -11  36  0
-68  13  -34  0
-95  -21  -52  0
-62  4  37  0
86  72  -87  0
25  45  -61  0
94  -6  17  0
-57  -76  -71  0
75  64  -65  0
-88  -22  -90  0
-70  -13  -6  0
-61  86  -70  0
82  77  49  0
20  -11  99  0
-47  58  19  0
-66  7  90  0
42  -21  79  0
7  -9  80  0
30  -42  34  0
-10  -96  9  0
63  10  85  0
-36  13  40  0
39  -45  -24  0
68  -39  -12  0
27  -45  91  0
64  -45  -100  0
41  -9  77  0
54  29  -9  0
76  -26  -46  0
38  -26  -74  0
-79  92  -38  0
74  -4  92  0
-68  55  -3  0
16  -66  100  0
-93  -35  -58  0
-66  -22  92  0
-63  24  36  0
-88  -77  36  0
-76  36  -35  0
-82  28  34  0
18  -29  -76  0
-1  -22  50  0
-27  16  -20  0
-64  -96  90  0
66  -32  -31  0
49  45  51  0
-33  22  74  0
-64  10  60  0
20  -70  46  0
13  -59  24  0
-93  -60  -32  0
74  -51  71  0
-15  -34  -99  0
-67  -66  42  0
-35  -77  -92  0
