c mkcnf random cnf with seed 44404, max clause length 3
c FORCED SATISFIABLE
c 
p cnf 100  430
-9  -96  14  0
80  73  7  0
-21  -97  91  0
-17  92  -51  0
-36  -62  -100  0
91  40  -80  0
20  -33  92  0
-41  62  58  0
-13  35  1  0
44  68  52  0
22  -45  51  0
-98  31  -36  0
-59  -36  18  0
-36  35  -40  0
5  -52  -41  0
27  -47  98  0
6  -12  -46  0
-69  -96  -37  0
-67  100  38  0
2  -54  69  0
-18  91  -29  0
-41  100  42  0
46  -81  100  0
-42  -82  -58  0
-81  -52  63  0
-23  -98  60  0
62  46  -5  0
-70  71  26  0
62  -84  60  0
-62  47  61  0
86  60  93  0
5  -66  -83  0
-5  -96  22  0
26  79  90  0
-36  92  -63  0
24  87  -94  0
61  -55  -94  0
-82  -71  50  0
91  -7  -87  0
78  -47  -61  0
38  85  -45  0
83  -86  -47  0
-63  -45  -39  0
-22  90  29  0
34  96  -64  0
-70  -13  -64  0
-29  57  -9  0
43  84  -2  0
-13  71  73  0
77  -99  40  0
73  21  -45  0
4  30  -19  0
-17  -80  54  0
6  -57  29  0
6  5  76  0
72  78  -67  0
-1  83  71  0
18  62  91  0
-57  17  55  0
-10  55  3  0
-30  21  58  0
55  85  31  0
59  -74  -27  0
33  18  84  0
-93  11  -44  0
-16  -62  -56  0
57  -38  -11  0
-18  97  -86  0
-89  -50  19  0
-58  -28  3  0
84  52  17  0
21  -32  77  0
86  92  -68  0
53  -7  36  0
36  94  -55  0
-51  -15  -57  0
7  72  -2  0
90  60  -73  0
-59  62  90  0
99  -32  -59  0
-39  -7  54  0
65  -86  64  0
4  -11  -95  0
4  -30  -64  0
32  58  31  0
46  97  -18  0
-98  -14  -17  0
-20  -96  -92  0
91  24  40  0
35  40  -39  0
-37  -98  -7  0
20  -42  50  0
-6  18  3  0
29  19  -80  0
-48  28  49  0
43  49  28  0
-72  67  -55  0
30  16  60  0
5  -22  76  0
-52  40  41  0
43  -63  34  0
92  41  -93  0
-67  -4  21  0
-17  86  -33  0
27  -67  81  0
48  14  -20  0
78  -41  49  0
12  88  -95  0
-5  15  41  0
-12  -75  -63  0
27  21  45  0
-31  34  -15  0
11  59  -75  0
-32  -20  46  0
-49  7  -51  0
-20  -40  -7  0
-5  -76  57  0
64  96  24  0
80  23  -10  0
84  78  39  0
-79  -91  32  0
-51  -100  -92  0
54  -18  35  0
15  -68  87  0
-13  -27  -5  0
62  -37  -17  0
88  -47  80  0
-49  -27  29  0
67  -41  -26  0
41  -84  -11  0
-13  -77  -8  0
99  54  -28  0
68  16  86  0
98  -86  58  0
98  -71  90  0
40  -55  -3  0
54  -77  99  0
64  89  4  0
63  60  88  0
-80  2  -11  0
38  82  -41  0
-51  -28  -76  0
73  -12  84  0
90  50  -100  0
-3  -95  -64  0
-2  -100  -13  0
-69  33  -39  0
94  97  -26  0
-44  -91  -89  0
-59  10  99  0
62  -4  -75  0
55  -2  38  0
28  -81  7  0
44  -40  -56  0
99  71  1  0
-14  34  -76  0
46  85  -93  0
-30  -84  16  0
50  84  -51  0
37  50  -30  0
-49  45  -32  0
50  -44  -28  0
34  -85  15  0
-19  -44  -86  0
-73  -39  -38  0
-15  88  95  0
31  76  -3  0
-86  -34  -41  0
-87  56  -53  0
8  16  -80  0
32  70  -72  0
-4  98  -39  0
74  -87  85  0
-47  77  50  0
54  -74  -43  0
-82  -68  -99  0
55  -49  47  0
60  43  8  0
-53  11  -3  0
-73  20  -63  0
72  -46  74  0
-7  -6  -55  0
-76  8  19  0
39  64  -73  0
-9  86  -99  0
-100  10  11  0
37  -54  -75  0
44  -8  52  0
41  -50  -57  0
82  74  81  0
-94  -30  -13  0
12  -39  -55  0
-87  39  -30  0
-91  -87  -16  0
23  39  54  0
-51  -87  2  0
12  17  62  0
67  -75  66  0
58  11  -42  0
47  -77  59  0
-46  -86  16  0
-39  -80  84  0
31  -64  44  0
89  67  -75  0
82  24  43  0
-43  88  28  0
44  99  61  0
90  -71  -14  0
-80  95  18  0
-46  -90  -67  0
82  94  92  0
-65  30  -91  0
-58  -15  45  0
-18  10  96  0
60  -79  34  0
10  75  17  0
-21  -17  82  0
38  67  98  0
-76  -7  9  0
-70  -61  67  0
33  11  -23  0
-99  -34  14  0
-34  51  99  0
86  -13  -10  0
-80  44  -90  0
-37  -49  -85  0
11  86  -34  0
17  -52  -60  0
-6  8  -34  0
97  81  59  0
-34  -48  -69  0
27  -87  -47  0
57  48  -72  0
-33  -65  71  0
3  60  36  0
71  50  67  0
-65  -50  67  0
-7  76  -21  0
-21  95  2  0
-5  95  62  0
7  83  -36  0
88  19  37  0
34  60  -95  0
-25  37  -70  0
96  20  79  0
-16  -29  -44  0
6  -30  77  0
-91  50  58  0
2  -8  -64  0
71  73  -15  0
-56  42  -17  0
36  -85  -87  0
-88  10  29  0
51  56  88  0
22  -13  -61  0
61  -88  71  0
81  22  -27  0
-35  -10  40  0
64  60  36  0
1  39  27  0
-11  14  36  0
-7  -41  16  0
2  -51  -24  0
-79  -54  68  0
27  -25  54  0
-25  -56  -69  0
-3  -68  -15  0
-86  -40  -27  0
52  9  10  0
-18  -28  65  0
44  33  10  0
-75  27  -49  0
-10  -11  -56  0
72  -73  91  0
73  65  71  0
-70  -6  -72  0
28  32  -31  0
7  92  -11  0
-48  89  3  0
93  60  53  0
46  -88  -33  0
-56  -12  -38  0
-40  -39  6  0
38  13  -48  0
14  57  94  0
44  54  62  0
66  75  92  0
-85  17  -6  0
60  -81  25  0
82  67  -5  0
-94  86  51  0
-55  27  -28  0
-97  41  4  0
24  95  -90  0
93  -10  -11  0
86  -50  -95  0
39  -81  17  0
90  14  86  0
-80  95  69  0
-82  -96  -51  0
67  87  85  0
-14  -79  -66  0
-75  6  -88  0
51  -10  -2  0
-91  3  12  0
46  61  99  0
92  30  68  0
-92  82  -94  0
50  -2  46  0
25  -35  -5  0
-90  92  -66  0
-89  -74  -61  0
27  -7  8  0
-67  -72  5  0
-10  -48  -11  0
-42  29  2  0
-31  91  -49  0
-66  -44  19  0
-25  95  -12  0
79  58  28  0
69  -86  87  0
52  55  48  0
-92  -62  75  0
85  47  17  0
-98  -71  19  0
74  -51  55  0
73  51  -58  0
-51  99  -46  0
-14  -18  -86  0
-60  -37  -49  0
62  -57  4  0
95  -41  3  0
34  -13  65  0
81  43  -86  0
-44  59  -84  0
67  -38  -96  0
7  53  -29  0
-94  65  -76  0
43  86  77  0
86  10  -60  0
11  51  82  0
-8  59  73  0
77  87  -71  0
-52  51  62  0
-1  -3  45  0
77  -37  34  0
-78  43  82  0
-98  64  80  0
72  70  -4  0
-28  -78  -14  0
-39  10  69  0
-47  -66  59  0
93  21  -6  0
-20  7  -38  0
77  60  -21  0
-64  38  94  0
67  -48  -69  0
88  -44  20  0
89  66  92  0
-67  64  76  0
33  -10  60  0
52  -37  49  0
94  -74  61  0
37  -6  -14  0
-44  -72  -85  0
-97  76  -90  0
-9  -53  -47  0
7  38  58  0
-86  -64  88  0
-51  61  56  0
85  -75  92  0
-83  -73  -15  0
33  -89  74  0
37  -43  -94  0
-96  30  34  0
-35  9  -85  0
85  4  19  0
12  -85  80  0
97  58  46  0
-92  67  53  0
-60  -92  -59  0
91  59  -21  0
-47  -7  34  0
-70  50  -72  0
-25  84  -51  0
-27  -58  86  0
-86  -68  10  0
70  -100  5  0
-61  -36  22  0
-100  41  -25  0
-69  82  -27  0
-88  70  -86  0
90  72  76  0
91  -59  16  0
-35  -87  -64  0
-47  61  -34  0
-85  -60  -67  0
76  44  -88  0
4  -52  22  0
42  17  -80  0
27  87  32  0
-76  -29  -88  0
-70  43  61  0
86  -82  -90  0
-63  40  86  0
99  -81  36  0
17  28  -75  0
-39  -63  55  0
-88  -99  -50  0
77  60  -35  0
-54  -20  -86  0
-34  5  -55  0
98  -38  74  0
-2  15  41  0
86  -28  16  0
-36  -2  33  0
44  -37  -86  0
12  -97  -90  0
-64  -66  -87  0
21  100  17  0
1  37  25  0
-81  -19  31  0
-59  -36  -66  0
19  93  -44  0
78  -6  70  0
22  -64  -83  0
41  -32  -13  0
27  90  -67  0
-78  -52  85  0
-90  25  65  0
