c mkcnf random cnf with seed 44469, max clause length 3
c FORCED SATISFIABLE
c 
p cnf 100  430
37  -38  -47  0
-85  5  -17  0
-9  -71  -79  0
-31  -58  -44  0
32  -22  50  0
-12  9  -42  0
-86  -11  -30  0
-36  -9  -74  0
-3  -78  92  0
22  -74  -70  0
39  -11  83  0
-71  -50  -72  0
27  -55  46  0
1  -2  -86  0
6  -27  36  0
81  33  -58  0
90  53  56  0
-6  -79  64  0
-66  1  -37  0
11  -58  -4  0
74  -14  28  0
-80  -27  63  0
18  -82  -8  0
-2  65  85  0
-29  47  15  0
53  43  92  0
81  -36  95  0
-94  -5  -9  0
-6  -19  27  0
-54  -81  -24  0
72  92  12  0
44  -33  -65  0
8  -24  -31  0
72  78  -2  0
31  -47  -75  0
-53  40  17  0
33  66  36  0
28  -52  59  0
-76  6  -92  0
78  -95  -94  0
-79  -7  -57  0
38  -55  -72  0
100  -14  -6  0
-36  40  -63  0
76  -58  -33  0
-14  -24  -93  0
-76  55  85  0
-44  -4  -35  0
30  21  87  0
-10  -4  66  0
67  -60  -82  0
45  86  -20  0
35  43  -77  0
-21  92  16  0
81  47  -90  0
-90  -98  -54  0
22  18  -69  0
62  -98  81  0
-96  -85  73  0
31  -26  13  0
-37  -86  -77  0
29  -95  -5  0
96  -43  75  0
66  -56  -74  0
-96  82  -58  0
-98  16  77  0
-62  -42  -93  0
-24  -92  27  0
-37  7  51  0
-72  -1  -34  0
-84  -24  -59  0
98  12  95  0
62  32  33  0
-100  -71  32  0
67  -30  100  0
1  -96  -70  0
94  11  55  0
35  68  92  0
39  3  -41  0
57  76  45  0
94  16  -42  0
-74  -53  -20  0
-86  31  57  0
-6  58  -98  0
-99  41  95  0
-97  7  3  0
-67  15  92  0
-86  -74  63  0
52  2  -39  0
72  -38  99  0
-94  -53  -52  0
38  60  -24  0
-41  51  44  0
-63  -59  -85  0
74  -57  72  0
-41  70  85  0
80  -77  57  0
81  -23  77  0
-13  68  -31  0
-68  -1  81  0
34  26  80  0
47  -90  -4  0
-98  -15  89  0
50  89  -12  0
34  -7  12  0
-71  82  -40  0
-58  -41  -100  0
-80  -38  -74  0
-88  1  90  0
-39  100  -30  0
-51  52  25  0
36  -5  50  0
-92  -84  18  0
10  22  39  0
-22  -71  -53  0
55  7  -24  0
-27  90  12  0
76  51  -3  0
-75  3  -73  0
-100  34  -24  0
13  19  -46  0
-5  -39  -89  0
8  24  55  0
74  -75  -40  0
77  12  98  0
58  -43  -57  0
6  29  -25  0
45  24  -99  0
-26  -2  16  0
60  -39  -17  0
-46  -85  23  0
68  34  -48  0
-37  -1  72  0
-2  -73  67  0
27  -87  -57  0
-47  -97  -21  0
30  86  64  0
-83  93  -85  0
7  70  -27  0
-84  82  -64  0
-9  -49  85  0
-78  21  -76  0
-60  -50  62  0
-5  -9  83  0
95  -31  -10  0
-99  -48  98  0
68  -83  56  0
19  -90  -58  0
18  -83  16  0
-30  -84  -85  0
80  34  -15  0
-42  79  71  0
22  -48  52  0
60  -76  -84  0
-3  -78  87  0
-97  -38  6  0
43  -59  -61  0
-17  81  26  0
42  -51  -10  0
66  -40  -88  0
-50  98  -34  0
-21  -51  58  0
-58  -4  40  0
-40  22  39  0
99  80  -54  0
-67  48  -85  0
-26  4  -42  0
-14  48  25  0
-41  -71  97  0
-10  -42  -57  0
-63  -40  -35  0
67  28  70  0
-53  -68  1  0
-38  54  30  0
9  -3  -20  0
52  16  -39  0
-53  -66  52  0
-3  -39  -65  0
49  33  -93  0
19  -42  -89  0
97  -100  -94  0
-3  -82  36  0
61  -58  -53  0
-33  72  -68  0
41  76  -34  0
-91  -3  1  0
62  54  15  0
-28  46  -73  0
-3  -49  -34  0
94  -75  13  0
81  96  -15  0
2  -51  67  0
-43  -8  -86  0
7  -63  13  0
-79  72  -85  0
93  -11  2  0
20  39  -23  0
38  -27  -1  0
-85  46  -70  0
25  -79  99  0
-75  81  -21  0
35  -2  -18  0
-71  91  45  0
-75  -10  -89  0
-40  -23  -76  0
32  -95  50  0
7  74  65  0
-70  -54  37  0
51  39  -58  0
-42  68  45  0
12  -9  -1  0
5  53  1  0
28  -97  -79  0
-17  37  4  0
53  -16  -52  0
22  -98  -11  0
-48  -80  60  0
-93  -90  46  0
91  -35  -3  0
63  -7  38  0
3  30  -70  0
-77  -17  -25  0
52  13  -76  0
71  84  14  0
99  92  52  0
67  97  51  0
57  28  19  0
-7  -24  63  0
77  79  63  0
-52  -53  -29  0
-18  50  6  0
-13  -82  -23  0
81  98  -78  0
-63  -82  -37  0
-50  32  -100  0
-29  -59  -43  0
14  -59  -24  0
45  -95  -14  0
-93  17  -94  0
-55  68  73  0
-38  -63  -18  0
-96  -41  -98  0
35  -82  79  0
95  -69  -74  0
-100  13  -14  0
61  18  40  0
-89  -41  -76  0
-90  -80  91  0
-99  3  54  0
70  43  -34  0
-67  42  97  0
49  -93  90  0
52  40  93  0
57  -10  79  0
64  30  -29  0
81  -23  62  0
-24  81  -41  0
40  -27  -87  0
-44  -6  -65  0
-44  -19  -73  0
-12  -21  71  0
-11  85  8  0
73  -38  -50  0
-88  59  -12  0
85  3  18  0
85  -86  -97  0
13  28  -34  0
70  -76  30  0
-88  79  -70  0
-77  19  -88  0
30  24  -85  0
-67  33  -81  0
48  19  94  0
-23  -64  -10  0
63  -23  7  0
45  82  -12  0
90  -35  -52  0
12  60  -66  0
16  -75  76  0
-43  27  25  0
-47  -27  -73  0
1  22  -12  0
-68  55  84  0
-62  89  3  0
-73  -34  91  0
-73  -77  -46  0
-57  47  -34  0
36  -100  30  0
3  61  -55  0
22  32  -65  0
7  83  97  0
-51  22  -17  0
-58  -19  -86  0
89  -81  -7  0
20  89  -7  0
36  68  -72  0
2  -25  100  0
-93  76  -33  0
-71  -45  -97  0
41  -97  89  0
31  -74  -57  0
66  -76  47  0
-42  -68  -11  0
15  -64  -11  0
74  91  -63  0
-44  34  -22  0
-78  32  77  0
-89  -46  17  0
-97  26  15  0
-25  21  -51  0
-47  23  -6  0
-13  -83  91  0
6  89  -80  0
13  98  -67  0
51  -94  -86  0
-3  75  -19  0
-57  -90  -36  0
-74  -11  43  0
43  73  -15  0
23  41  9  0
16  55  -11  0
-19  68  -86  0
6  55  82  0
42  -58  -74  0
99  25  16  0
-19  40  50  0
-55  94  -40  0
62  85  30  0
-3  -85  21  0
6  54  21  0
33  29  8  0
-31  -79  47  0
3  -56  -50  0
58  -30  -97  0
-62  -37  58  0
79  -87  -83  0
-57  -71  -19  0
-88  89  12  0
-36  -17  64  0
19  79  -14  0
-33  7  -67  0
15  -12  -6  0
-19  -1  -15  0
16  18  -66  0
29  97  40  0
33  38  5  0
-34  -36  22  0
-34  -47  -88  0
-20  23  -61  0
-73  -70  95  0
-27  52  89  0
53  -9  30  0
20  -47  -39  0
-73  -25  -81  0
-74  -46  90  0
72  -27  96  0
31  69  18  0
-83  -85  9  0
-73  -37  81  0
-25  26  -93  0
-40  -78  -11  0
-53  59  68  0
-68  94  89  0
-71  -14  -10  0
96  -99  -54  0
86  -83  -73  0
-79  66  57  0
71  -11  -69  0
71  -46  39  0
-86  38  2  0
25  55  -7  0
-6  -16  -5  0
-46  -34  90  0
4  44  -80  0
40  -76  -12  0
-69  -11  82  0
1  -98  84  0
93  87  69  0
33  -31  64  0
64  -24  39  0
84  82  -30  0
-65  45  43  0
21  -56  -30  0
-89  -5  16  0
-88  95  2  0
89  -50  -64  0
-79  -63  56  0
33  35  -53  0
-39  92  17  0
-5  83  14  0
54  -62  -86  0
-45  79  -17  0
-30  -34  -81  0
100  -61  -77  0
-56  -30  70  0
-63  54  -68  0
93  49  -45  0
-60  -55  91  0
47  34  -18  0
47  -74  -54  0
81  -66  6  0
-81  -35  85  0
-34  -87  -58  0
-61  -37  -81  0
-15  -98  -27  0
-78  3  -67  0
-16  -89  63  0
39  -96  55  0
-75  -91  84  0
7  -21  -100  0
-37  -87  26  0
-25  29  13  0
100  19  93  0
13  88  57  0
55  -34  14  0
38  -59  68  0
-13  15  -76  0
-41  67  82  0
-71  57  -92  0
-55  -40  47  0
33  -44  -67  0
22  -26  89  0
36  20  65  0
-84  7  -15  0
16  59  -13  0
-29  44  -98  0
21  91  -57  0
-24  87  35  0
67  -54  -78  0
88  10  43  0
