c mkcnf random cnf with seed 44374, max clause length 3
c FORCED SATISFIABLE
c 
p cnf 100  430
-58  38  -33  0
72  20  -77  0
32  80  -99  0
4  -47  56  0
-35  -29  -56  0
33  -22  -13  0
47  4  71  0
19  -38  -89  0
62  88  -42  0
63  74  21  0
-31  62  -8  0
-75  55  -7  0
-57  86  90  0
-33  -43  54  0
-86  52  24  0
96  95  33  0
-90  -18  27  0
69  -83  -93  0
-31  47  51  0
-34  7  -56  0
-20  -39  -17  0
-43  -74  -32  0
-20  -70  72  0
35  83  -87  0
-5  77  36  0
65  -9  64  0
9  99  -63  0
67  -65  46  0
-16  77  -62  0
56  -49  -59  0
90  -41  -74  0
-80  68  -24  0
-83  91  -21  0
-31  -88  -40  0
-10  -44  -97  0
25  56  -13  0
-32  34  -69  0
-82  27  -41  0
66  -33  51  0
52  -56  -11  0
88  -10  -81  0
45  -86  -54  0
20  58  80  0
-36  56  -42  0
17  65  53  0
45  -7  -5  0
30  -25  -83  0
43  67  96  0
25  35  -79  0
-60  13  98  0
1  16  44  0
31  -77  -75  0
-83  7  16  0
74  77  -6  0
27  -96  -89  0
37  -99  -95  0
-35  44  32  0
-28  39  -54  0
68  86  10  0
40  -51  81  0
-42  20  -45  0
-89  25  -11  0
-57  -86  -82  0
81  99  89  0
93  -90  45  0
-40  -57  49  0
-8  18  11  0
-67  -44  -4  0
63  14  -81  0
-45  -68  86  0
57  41  -28  0
28  -5  21  0
39  25  62  0
65  -10  -69  0
30  -59  4  0
47  -51  97  0
7  21  63  0
-83  -96  -73  0
-21  -77  -6  0
27  14  90  0
17  83  13  0
28  43  -36  0
26  -50  11  0
47  -54  -15  0
36  66  -47  0
-31  93  -13  0
26  53  79  0
-14  -44  56  0
-97  14  79  0
41  90  -87  0
-43  11  -99  0
77  -59  31  0
-23  -6  -69  0
-86  -84  72  0
-8  19  -11  0
-23  -66  36  0
77  -92  35  0
4  55  -6  0
6  -20  -51  0
92  39  -65  0
-55  -60  -25  0
82  39  99  0
-17  -77  -37  0
48  -22  -40  0
28  -52  62  0
31  -66  74  0
23  58  -39  0
22  96  -99  0
56  32  -62  0
99  27  -22  0
-53  -10  39  0
-32  92  23  0
32  -79  80  0
26  -61  -35  0
25  -28  -93  0
-94  70  38  0
35  16  78  0
-77  -87  13  0
76  -9  -67  0
28  -98  83  0
89  13  38  0
33  -66  24  0
47  -70  -56  0
-60  87  -89  0
1  86  -16  0
-89  38  -1  0
-8  -14  -31  0
42  -9  -26  0
-29  65  -48  0
-65  32  47  0
-79  67  50  0
-7  68  17  0
-21  -66  -87  0
-66  -99  73  0
-24  41  -8  0
15  86  -16  0
-97  69  -58  0
-44  12  -19  0
44  63  57  0
-46  -25  -63  0
-52  36  78  0
73  -10  92  0
-69  -99  57  0
6  -55  87  0
34  -93  -89  0
37  -64  55  0
-10  98  -94  0
21  51  71  0
7  66  29  0
28  -41  100  0
-34  37  -64  0
28  52  -54  0
-100  -69  22  0
6  85  100  0
-63  -53  -77  0
63  -99  -13  0
82  14  -6  0
7  35  22  0
-97  7  60  0
-95  9  98  0
-67  46  59  0
-97  20  54  0
-69  -7  -17  0
-75  15  -28  0
1  38  15  0
-53  10  -42  0
48  -61  -79  0
-83  66  -81  0
-85  -99  -36  0
86  -67  -57  0
59  93  64  0
32  -92  96  0
74  -48  -23  0
-75  84  42  0
-42  78  43  0
68  -21  83  0
74  89  9  0
95  56  -35  0
70  76  -54  0
47  16  83  0
-44  60  -83  0
72  -9  33  0
-88  94  62  0
-80  -1  -54  0
83  -1  -68  0
-75  -16  -26  0
-10  29  -99  0
-46  -90  -73  0
-23  15  -18  0
30  48  -95  0
-24  -23  58  0
2  95  -77  0
-33  -42  -96  0
-94  64  25  0
-38  -56  -16  0
-12  -84  -34  0
25  4  -35  0
-38  42  91  0
-70  -69  86  0
-95  -58  9  0
-76  -61  -7  0
-8  67  44  0
-82  37  -65  0
-33  -21  7  0
-87  -75  -95  0
-45  36  51  0
-27  42  15  0
6  16  85  0
66  -25  26  0
37  4  -30  0
-56  -33  -68  0
-25  2  -4  0
-81  21  -67  0
33  41  -16  0
-27  33  -45  0
10  63  -75  0
7  -38  -80  0
44  -35  6  0
54  -60  -6  0
49  -74  -37  0
-83  7  63  0
-18  -8  78  0
62  96  -2  0
-73  -68  -64  0
-31  -63  83  0
-6  -16  73  0
-21  -33  -30  0
61  9  -92  0
-13  72  10  0
53  -72  -10  0
60  -75  -15  0
95  -85  73  0
-58  21  -55  0
88  14  -41  0
99  79  61  0
-6  -5  77  0
59  75  -63  0
-50  -71  -91  0
72  80  88  0
78  -3  66  0
-93  9  11  0
-88  -50  -43  0
-77  -62  -88  0
-89  -55  -97  0
-95  -66  65  0
-4  28  -34  0
21  -80  -22  0
89  67  7  0
-86  66  63  0
19  -90  -40  0
61  -78  83  0
39  44  87  0
71  -56  -14  0
5  -66  -100  0
44  17  50  0
36  -31  -86  0
53  87  18  0
-70  -33  29  0
98  48  -6  0
-64  7  -40  0
-9  35  -15  0
94  4  33  0
69  -39  59  0
-60  74  72  0
69  -52  13  0
-63  -76  38  0
31  -25  -57  0
73  -35  60  0
-80  68  -96  0
90  -71  -2  0
8  -40  -58  0
61  -24  -78  0
-45  85  72  0
-97  -84  35  0
-62  -89  11  0
87  26  -32  0
-91  -62  41  0
-70  -75  55  0
21  -68  -26  0
-44  29  -45  0
-27  57  89  0
-23  -9  33  0
-20  -65  79  0
-83  -37  -75  0
44  53  29  0
-68  -93  50  0
44  56  37  0
75  -39  91  0
-17  -29  -94  0
15  -45  -24  0
33  92  60  0
-59  -58  -75  0
2  -43  9  0
-88  30  68  0
-95  -49  -92  0
14  -4  -18  0
3  26  -44  0
50  14  95  0
15  -72  -68  0
1  -33  -100  0
94  -63  88  0
-41  -51  -86  0
-16  -81  60  0
-100  -46  -82  0
-54  -17  -26  0
-95  24  -82  0
51  -42  81  0
52  12  -17  0
5  60  81  0
69  81  57  0
72  -25  88  0
14  -20  -89  0
52  -95  -11  0
-94  11  98  0
-82  83  70  0
-70  -69  35  0
50  -75  45  0
93  -78  97  0
-28  51  33  0
96  80  -88  0
-64  -52  93  0
-23  -86  83  0
99  85  57  0
33  83  93  0
21  7  -37  0
19  -35  -46  0
92  -42  -76  0
-95  -23  -10  0
29  -73  22  0
-64  -70  -51  0
73  -19  -66  0
34  64  91  0
-91  -51  79  0
85  -87  -73  0
28  -16  45  0
-96  80  -58  0
-72  -30  -35  0
58  -94  96  0
97  -53  87  0
31  -88  -9  0
88  70  -10  0
19  38  30  0
16  -37  66  0
8  86  18  0
5  3  71  0
-89  13  -34  0
98  39  10  0
-87  74  66  0
51  -87  8  0
99  98  35  0
-69  -57  28  0
-82  50  -62  0
-84  -55  58  0
-72  33  -17  0
71  57  -55  0
6  8  19  0
-68  -50  -23  0
17  35  51  0
71  -68  -30  0
19  -20  47  0
-56  26  23  0
29  -30  76  0
30  -50  95  0
-72  9  58  0
8  90  61  0
39  86  37  0
53  -44  16  0
-14  -57  23  0
-24  12  30  0
27  -56  -58  0
-83  -34  -29  0
-20  51  -43  0
-21  -77  -61  0
100  -49  -11  0
-84  79  -98  0
-81  -14  53  0
-72  53  -98  0
67  -32  100  0
65  -29  -60  0
-39  38  -22  0
69  38  -37  0
-45  33  81  0
49  -66  -11  0
4  18  -1  0
-73  21  68  0
-11  -92  22  0
-86  29  -68  0
-52  -74  77  0
65  59  90  0
-63  -45  -71  0
-15  83  -69  0
-2  4  10  0
19  -73  70  0
-12  74  63  0
68  -63  41  0
91  -62  75  0
86  70  39  0
-73  -36  -19  0
3  59  18  0
-27  16  97  0
-86  87  97  0
14  -41  -13  0
42  18  -19  0
-9  -70  5  0
-81  -75  68  0
63  -93  -2  0
87  9  -15  0
-30  4  -100  0
53  3  -54  0
1  -10  77  0
-29  -62  65  0
82  49  30  0
87  -54  -99  0
-57  93  26  0
100  55  52  0
-81  -95  -66  0
-44  58  20  0
20  10  71  0
-74  37  -42  0
91  -70  -58  0
17  -62  21  0
-5  -75  -91  0
-47  24  73  0
74  -54  75  0
-13  -66  31  0
64  -28  92  0
97  37  -15  0
98  -48  43  0
-71  -57  -91  0
59  -100  2  0
