c mkcnf random cnf with seed 44390, max clause length 3
c FORCED SATISFIABLE
c 
p cnf 100  430
-99  -63  32  0
100  42  -49  0
-57  -4  91  0
-79  100  94  0
98  -26  92  0
-33  34  91  0
14  -6  -84  0
-94  15  98  0
87  -92  -90  0
21  -83  -68  0
62  77  68  0
54  -97  -83  0
26  -54  40  0
-33  73  62  0
53  63  23  0
36  -12  -73  0
23  -2  -53  0
94  43  6  0
-23  39  3  0
-50  -93  -36  0
-38  85  83  0
-54  90  -75  0
-29  -96  26  0
57  -2  9  0
-12  4  65  0
97  -96  52  0
-46  -16  -18  0
-95  -66  -3  0
-66  -60  67  0
14  -38  24  0
-51  -62  -7  0
96  74  -25  0
-48  100  -95  0
-86  68  53  0
47  97  85  0
-81  65  -63  0
13  38  -100  0
-28  20  77  0
26  47  63  0
-13  -47  -22  0
-77  92  63  0
73  62  31  0
-96  -71  -82  0
21  -25  -17  0
41  73  77  0
-88  41  -76  0
51  35  -14  0
92  99  46  0
-60  -18  24  0
27  -76  96  0
77  84  -2  0
100  96  97  0
-78  83  -63  0
41  24  -79  0
97  -89  55  0
-33  68  95  0
-85  59  -10  0
73  86  -68  0
50  99  9  0
53  3  -48  0
83  71  -88  0
-35  -85  -91  0
-69  72  -82  0
-68  -26  -76  0
21  47  -29  0
-39  25  67  0
-61  81  -65  0
-94  56  9  0
-83  92  71  0
85  -90  40  0
72  5  20  0
-77  -79  71  0
-61  -76  -4  0
-41  67  -77  0
-4  2  94  0
51  11  97  0
-70  100  -47  0
84  -67  20  0
23  -28  21  0
87  56  -23  0
-40  38  -17  0
-47  -50  -4  0
-58  80  -34  0
-5  -80  -49  0
-31  -59  28  0
-67  -31  -93  0
-81  71  50  0
-45  34  -96  0
16  -59  -44  0
-48  -38  72  0
-49  91  -41  0
63  11  9  0
35  7  -59  0
-93  -56  87  0
-45  16  64  0
-67  -55  16  0
-2  84  -41  0
31  15  9  0
76  -42  -72  0
93  40  -9  0
-49  -71  47  0
-28  -49  -48  0
28  15  84  0
55  8  -72  0
-13  30  -98  0
-60  -27  95  0
62  -44  -70  0
17  -77  -61  0
93  91  -71  0
60  43  50  0
27  -61  -41  0
-48  74  67  0
-96  16  31  0
-17  65  -19  0
59  -68  -12  0
1  55  16  0
-60  -47  84  0
-32  -98  -42  0
13  12  -27  0
-40  -92  70  0
43  -28  12  0
-20  -84  -36  0
94  -54  31  0
-88  -54  -32  0
38  94  68  0
22  79  -69  0
85  44  33  0
-42  4  -97  0
-58  -40  -64  0
-99  -42  -66  0
60  -10  45  0
-100  -25  -50  0
-34  8  -2  0
84  69  -70  0
13  41  27  0
-73  -6  3  0
33  -25  10  0
32  41  -84  0
29  87  47  0
-9  -69  -80  0
30  -52  64  0
-53  -100  86  0
37  -87  26  0
13  -46  1  0
29  5  13  0
-18  -71  -68  0
-87  -61  -67  0
17  65  7  0
65  -19  -11  0
-79  45  -28  0
79  -76  60  0
86  32  -87  0
-91  10  -31  0
-47  65  20  0
18  89  24  0
32  81  95  0
91  -51  -95  0
-78  6  63  0
-50  59  -99  0
-69  93  -30  0
74  -14  -93  0
-97  -11  -1  0
-80  -51  -41  0
82  39  90  0
97  -33  85  0
-32  52  -62  0
-39  -1  -11  0
19  -37  52  0
-38  95  -58  0
-17  -88  1  0
-18  2  -89  0
64  73  88  0
-11  67  91  0
60  5  26  0
-1  30  -38  0
15  -35  -94  0
-96  19  -17  0
90  40  98  0
34  72  -37  0
34  72  -84  0
51  -79  3  0
81  -32  -87  0
66  86  52  0
-27  10  -44  0
-46  93  94  0
-11  -57  -75  0
-10  -78  -29  0
18  -82  4  0
89  86  17  0
-42  44  90  0
-58  -17  6  0
1  -10  16  0
17  -43  -91  0
-31  -30  71  0
-49  30  5  0
98  -34  -69  0
50  35  -49  0
33  -96  76  0
91  3  36  0
-63  69  73  0
93  25  -76  0
-82  28  59  0
-26  -27  59  0
31  20  -84  0
-65  -61  8  0
85  66  30  0
-81  -57  69  0
56  -42  28  0
83  -47  -39  0
-18  -48  -36  0
-37  49  -86  0
52  -2  -54  0
-63  96  -90  0
32  -62  -35  0
-76  -46  -11  0
-99  82  -73  0
-44  57  -58  0
7  48  -83  0
-21  30  -80  0
45  -19  -94  0
77  5  -70  0
-26  28  -1  0
-3  -77  -38  0
-45  70  95  0
-18  -37  16  0
-89  -46  -95  0
-83  -69  -29  0
81  -83  9  0
-46  48  85  0
-4  -24  -93  0
-51  -67  -27  0
-5  -73  37  0
9  46  100  0
-96  59  76  0
-28  -23  -34  0
-5  -50  -72  0
19  10  55  0
24  86  -32  0
68  -33  -75  0
-85  -80  -2  0
-23  -18  -73  0
90  88  -65  0
76  -89  11  0
91  -86  -17  0
40  -51  95  0
-76  50  -77  0
-18  -61  -86  0
-27  -84  -93  0
80  12  48  0
-83  -29  -22  0
23  -100  -8  0
26  29  23  0
-43  66  47  0
-54  30  -2  0
97  48  -58  0
-19  3  74  0
14  -59  58  0
-73  -9  -35  0
-99  70  88  0
-10  32  -57  0
98  -81  55  0
84  50  67  0
-48  91  -72  0
35  82  92  0
-77  -8  -56  0
-49  -30  48  0
67  42  -18  0
21  95  11  0
-16  -9  42  0
-77  100  -63  0
-62  18  24  0
-48  -17  -35  0
37  9  26  0
-19  -65  -92  0
19  -60  7  0
97  66  91  0
14  -46  -27  0
76  71  -19  0
-62  22  -8  0
-68  9  4  0
-12  61  -2  0
-85  -3  33  0
85  -16  53  0
59  71  11  0
-6  -36  -2  0
57  -50  30  0
-42  -38  95  0
73  -47  -56  0
15  -59  92  0
87  74  -30  0
-31  -39  59  0
82  6  -32  0
28  -33  42  0
-29  48  55  0
-17  76  14  0
33  -39  34  0
-37  -4  90  0
6  -17  4  0
-66  76  26  0
61  -28  -35  0
52  86  -53  0
-37  -7  -43  0
-94  26  -17  0
10  81  -84  0
79  58  -3  0
28  4  45  0
38  13  -78  0
-75  -68  -64  0
-31  92  20  0
-52  -15  -9  0
-42  -75  -98  0
98  -94  -56  0
35  21  -54  0
24  -84  -71  0
-55  85  3  0
-44  7  29  0
15  44  -68  0
75  85  74  0
4  61  -22  0
-21  59  -66  0
-39  16  -6  0
-2  95  78  0
-92  -70  16  0
46  95  23  0
49  -84  76  0
-75  -28  -68  0
-47  41  76  0
93  -36  -86  0
-5  -15  -64  0
-29  -69  -84  0
-32  -97  -26  0
55  -68  -11  0
10  2  -9  0
-73  44  88  0
-42  -60  -35  0
-78  -45  -35  0
-66  -23  26  0
-83  -59  85  0
38  55  84  0
-40  -75  74  0
93  -58  56  0
77  8  36  0
-99  -48  91  0
6  -27  84  0
57  44  -17  0
-64  18  -47  0
36  33  4  0
-72  30  -64  0
-62  78  -41  0
-46  -41  92  0
81  19  65  0
-80  -65  -46  0
78  -96  84  0
24  -58  -61  0
61  19  -17  0
-84  51  6  0
-75  96  87  0
59  -75  -96  0
94  33  64  0
6  -83  23  0
-48  77  72  0
85  94  97  0
-16  33  54  0
-27  56  99  0
-28  54  91  0
-3  89  -1  0
-28  -26  -45  0
62  -46  45  0
2  -61  8  0
22  -14  -26  0
-81  -78  43  0
89  96  -92  0
-15  -68  28  0
73  -20  -31  0
-5  -38  80  0
-44  30  -57  0
-72  7  81  0
81  -8  -18  0
91  -39  -23  0
15  -92  -90  0
-67  -44  99  0
-89  24  41  0
5  30  -37  0
3  -95  21  0
81  62  98  0
-87  52  96  0
-46  22  81  0
14  -13  97  0
-63  75  23  0
29  -51  91  0
8  -90  -65  0
-42  -6  2  0
-45  100  37  0
-47  -42  93  0
19  34  -57  0
-1  12  86  0
-98  -18  -92  0
59  2  -20  0
30  91  -10  0
-33  -46  100  0
-58  -15  2  0
-54  -89  21  0
-21  -54  79  0
93  -74  26  0
95  58  55  0
45  -74  -59  0
-4  -5  -38  0
13  -75  -100  0
63  94  68  0
65  -100  -67  0
-92  -74  -55  0
-37  -50  -96  0
-8  77  96  0
85  48  56  0
40  -80  90  0
2  37  94  0
96  5  -80  0
-87  -32  98  0
71  -50  5  0
-10  92  -86  0
-80  -24  95  0
89  -83  -69  0
-37  -11  -75  0
99  -63  39  0
19  46  32  0
35  94  -86  0
4  70  -66  0
-5  49  -98  0
-16  89  -95  0
22  74  -44  0
