c mkcnf random cnf with seed 44405, max clause length 3
c FORCED SATISFIABLE
c 
p cnf 100  430
74  42  -70  0
2  24  93  0
-59  -25  -96  0
65  46  -70  0
4  -34  17  0
100  -6  66  0
36  5  -80  0
76  77  -71  0
-97  -41  4  0
60  -95  -22  0
-64  -52  86  0
-81  52  -32  0
21  -43  -25  0
-84  100  31  0
-13  -61  64  0
-84  42  -35  0
86  96  24  0
-23  -29  -81  0
-97  18  12  0
86  14  -23  0
87  -23  -78  0
94  -39  25  0
40  -23  68  0
-74  -68  3  0
-48  61  26  0
-34  11  -22  0
-28  -54  -74  0
38  -50  24  0
20  -53  23  0
58  -68  -46  0
49  -60  47  0
-63  -24  -38  0
-46  15  97  0
-49  -88  2  0
1  -34  -57  0
47  -50  26  0
-76  95  -8  0
-32  -33  -29  0
5  37  -98  0
43  14  90  0
31  -46  -53  0
-55  -66  14  0
-50  15  20  0
25  -62  -2  0
-76  -61  27  0
-87  -52  90  0
2  22  12  0
38  -40  25  0
79  -39  -63  0
5  -88  85  0
36  -21  14  0
-28  -87  -61  0
77  -52  18  0
23  -67  -6  0
14  28  -16  0
14  87  -25  0
-77  -53  41  0
13  14  -70  0
-13  34  -88  0
10  -30  90  0
-56  64  83  0
-90  48  -40  0
-21  91  30  0
34  -26  -63  0
-60  -93  -52  0
-10  -21  -47  0
-21  69  -79  0
-7  -62  30  0
90  85  -43  0
-83  20  38  0
-47  -49  -74  0
-7  -82  -38  0
-94  -69  20  0
-66  10  22  0
57  -94  -76  0
7  4  24  0
-71  59  61  0
75  98  -42  0
-45  96  16  0
-1  -87  -3  0
12  -84  -3  0
-9  35  -2  0
-99  -60  91  0
64  -95  -72  0
38  -58  -16  0
3  70  -74  0
-15  26  -63  0
90  30  49  0
78  -25  -86  0
19  3  28  0
49  84  -36  0
-72  29  -77  0
-38  -84  98  0
25  40  87  0
-35  97  40  0
100  96  8  0
87  25  45  0
-95  15  -12  0
-18  -34  65  0
31  17  30  0
14  30  2  0
40  17  -51  0
-75  -60  -14  0
-63  -49  53  0
91  65  59  0
-27  -86  -46  0
-15  47  -12  0
23  61  -72  0
-19  -78  -59  0
35  -87  -75  0
93  -11  -84  0
43  -52  -89  0
-20  -12  50  0
-8  -97  -100  0
-25  -31  55  0
-1  18  61  0
-62  3  21  0
58  -68  -47  0
-93  -82  -87  0
-18  -3  -38  0
1  26  39  0
-98  -36  -23  0
-87  -95  -3  0
-39  -5  76  0
22  48  -99  0
27  -40  -65  0
-73  29  -10  0
-37  -60  -73  0
51  -8  -37  0
-29  -97  2  0
59  37  -13  0
99  -78  3  0
-35  -98  46  0
91  17  9  0
10  6  47  0
-21  -42  45  0
-4  41  -53  0
-39  50  -77  0
-25  12  93  0
70  -34  -2  0
89  40  -31  0
-64  28  -18  0
-53  19  65  0
-87  -86  -37  0
74  -53  -60  0
-52  12  -87  0
68  22  -3  0
-17  -76  -4  0
49  -5  -48  0
77  -75  -1  0
21  -74  -41  0
-33  93  88  0
70  58  40  0
32  -59  -85  0
-89  71  47  0
14  -7  -39  0
39  -5  35  0
90  -29  33  0
15  8  -61  0
-55  -78  20  0
-98  -19  -100  0
-59  -19  -79  0
-9  8  81  0
-53  38  -49  0
10  7  92  0
-14  44  52  0
35  69  -37  0
46  -39  54  0
29  -73  38  0
79  -92  9  0
-99  65  -24  0
18  -4  -11  0
10  -95  9  0
-51  -72  34  0
99  -32  66  0
-94  -12  44  0
-24  88  34  0
-99  -96  74  0
-27  34  30  0
12  31  -30  0
90  20  -59  0
-49  33  77  0
73  70  90  0
-76  -65  40  0
-33  -78  41  0
-69  -33  -91  0
-91  -39  -56  0
-51  -31  28  0
94  62  -66  0
-6  -89  -62  0
53  -10  98  0
11  45  79  0
10  71  -43  0
9  32  -99  0
-69  -34  -66  0
-66  29  61  0
-78  45  -25  0
-39  -35  7  0
-88  21  -32  0
52  89  98  0
19  88  -17  0
-80  68  42  0
-69  -49  64  0
-45  6  81  0
-98  -31  -16  0
-58  47  -31  0
-18  -80  1  0
-43  83  -37  0
38  -55  93  0
39  -19  3  0
49  -42  -14  0
-16  -69  -35  0
-34  100  -18  0
1  29  -7  0
-2  -47  20  0
-20  72  -16  0
18  -58  78  0
-6  -34  63  0
-61  87  71  0
22  -3  54  0
89  91  82  0
-82  -63  -64  0
-36  26  -56  0
-87  -81  64  0
56  -22  25  0
-84  -5  -27  0
-6  5  -11  0
19  44  47  0
-65  -35  4  0
78  -85  -68  0
-32  -20  -41  0
-32  50  85  0
59  43  46  0
-77  -80  -48  0
41  13  -63  0
9  -15  -41  0
94  -68  32  0
31  7  54  0
-34  79  85  0
50  -34  48  0
-60  -89  26  0
-3  -37  10  0
-81  34  -80  0
88  4  35  0
-59  -87  -10  0
98  61  -3  0
-31  -89  90  0
-41  -28  90  0
-100  58  48  0
66  36  18  0
-94  70  76  0
-6  -71  -72  0
38  57  11  0
-79  67  -48  0
35  -7  -56  0
-24  -53  -18  0
54  27  -89  0
-21  -8  38  0
-30  -90  76  0
47  23  12  0
53  54  -29  0
-13  57  75  0
18  96  -89  0
67  74  43  0
-29  14  -47  0
57  35  -36  0
-63  -31  20  0
-100  -62  -34  0
-31  -9  85  0
43  62  78  0
85  68  -33  0
-37  20  53  0
21  41  -14  0
54  -50  28  0
89  -11  16  0
-83  -47  -13  0
-17  -2  63  0
62  -9  -63  0
83  44  -24  0
66  69  -100  0
17  -40  -64  0
-27  26  -69  0
66  13  87  0
-20  -85  -76  0
-13  16  8  0
52  -49  57  0
-77  -15  73  0
95  -51  -23  0
38  91  66  0
6  63  45  0
26  -23  56  0
-75  -30  12  0
-21  -86  90  0
5  94  -31  0
64  29  13  0
-21  59  -13  0
12  18  22  0
-94  -97  -69  0
70  2  65  0
20  84  -16  0
-52  43  -67  0
29  -70  32  0
-19  73  10  0
-91  70  74  0
23  -36  60  0
7  79  77  0
-41  -64  -86  0
65  62  99  0
6  60  97  0
-13  47  -22  0
30  85  48  0
-3  -10  -87  0
-48  -40  -33  0
-4  44  84  0
34  -2  41  0
99  61  92  0
-79  -4  -25  0
-59  -36  13  0
24  -49  40  0
26  64  -24  0
-22  91  93  0
-73  -32  97  0
-26  -58  -19  0
98  -90  -46  0
72  73  89  0
-36  38  -73  0
38  10  -45  0
-67  15  19  0
-33  71  12  0
-20  82  -64  0
17  -84  47  0
-78  83  84  0
-76  58  -45  0
29  -18  39  0
99  -77  57  0
-45  -6  2  0
-70  -93  -64  0
56  69  30  0
55  -26  -60  0
25  68  63  0
-65  -80  -28  0
-86  47  71  0
-59  37  -46  0
22  -42  35  0
82  54  88  0
-94  -25  27  0
7  -23  3  0
-82  -92  7  0
8  -87  -85  0
-64  23  99  0
99  65  3  0
88  -62  -56  0
16  82  19  0
38  -15  -58  0
60  -52  20  0
44  85  -21  0
-82  -90  -91  0
-88  -35  -83  0
10  -18  -68  0
91  -81  35  0
15  -73  44  0
-34  64  94  0
-94  20  48  0
44  -20  -11  0
-67  -97  -51  0
-23  -22  -27  0
-14  -48  -8  0
67  -99  69  0
-40  -66  -33  0
81  88  -58  0
97  38  43  0
-53  -49  -79  0
-39  43  -11  0
-36  -38  24  0
17  -1  -47  0
-8  -38  78  0
-85  -54  -43  0
-8  19  -15  0
-39  63  -54  0
-39  -66  -81  0
-47  -96  -8  0
-54  93  96  0
5  6  1  0
-12  -75  -88  0
-58  -39  -61  0
33  -60  66  0
91  64  -16  0
-90  73  -17  0
60  78  -63  0
76  80  -65  0
-52  -22  -49  0
-49  -87  39  0
-23  9  70  0
64  -48  -90  0
-71  -80  -23  0
47  36  -96  0
-15  46  43  0
34  -76  -85  0
-100  -58  23  0
-7  -70  -30  0
10  76  56  0
33  -96  100  0
-62  -90  -9  0
-68  67  -12  0
-79  -39  -56  0
-77  -61  -58  0
3  -45  67  0
-9  70  89  0
-42  -46  -14  0
-2  92  55  0
58  -80  60  0
-39  -31  58  0
1  26  51  0
-50  -21  8  0
38  73  -2  0
78  48  58  0
54  74  -86  0
29  76  -1  0
-65  87  -56  0
47  -83  34  0
93  26  92  0
49  33  98  0
6  51  95  0
-16  95  100  0
96  98  87  0
76  16  -19  0
28  17  -57  0
48  13  -83  0
34  83  -31  0
-41  1  -75  0
