c mkcnf random cnf with seed 44416, max clause length 3
c FORCED SATISFIABLE
c 
p cnf 100  430
90  -39  -85  0
46  -93  34  0
-79  40  48  0
-54  96  -59  0
2  94  58  0
-44  -39  86  0
-30  34  99  0
24  -65  -52  0
2  -66  32  0
-73  92  -71  0
-61  -60  65  0
53  99  82  0
53  40  -98  0
65  44  -84  0
15  -38  49  0
86  15  -18  0
-72  -36  -69  0
53  25  -37  0
-74  88  25  0
75  -48  -96  0
-98  73  -57  0
-38  33  -73  0
87  43  89  0
41  -51  96  0
-4  80  -13  0
78  63  24  0
-35  -55  71  0
49  -60  -2  0
-93  63  -43  0
-5  38  25  0
69  27  53  0
14  -6  -4  0
-69  76  -64  0
100  26  52  0
-94  33  -99  0
24  66  -99  0
-40  -17  -79  0
99  -24  17  0
-12  56  17  0
84  -31  -81  0
-60  -22  -76  0
-53  -13  4  0
-48  -4  16  0
-50  -14  88  0
-12  -34  96  0
48  -56  -31  0
-93  -67  89  0
58  45  76  0
-36  58  7  0
14  -89  -17  0
-59  52  -3  0
40  11  -71  0
-9  81  -16  0
-82  -91  12  0
-81  77  -19  0
-48  19  7  0
67  -99  -59  0
67  52  60  0
-27  -18  86  0
-49  3  34  0
95  59  -65  0
72  58  43  0
-96  -4  74  0
96  -14  32  0
74  -63  -98  0
72  -3  97  0
-33  -27  80  0
-70  38  19  0
-68  5  -54  0
-76  37  78  0
-19  -97  28  0
-62  17  38  0
52  -91  -81  0
-51  59  -57  0
45  8  -51  0
87  -22  80  0
-20  65  -79  0
26  -20  -45  0
61  91  63  0
-29  53  97  0
97  -52  -28  0
94  -48  61  0
-76  -10  -80  0
-30  96  88  0
91  -44  88  0
40  -66  -16  0
6  -86  -81  0
-73  62  -56  0
96  19  45  0
-20  -58  -55  0
69  -7  -89  0
-17  62  -18  0
72  58  -97  0
-14  -59  -15  0
-9  -39  -83  0
78  -3  -50  0
68  -59  49  0
-38  41  66  0
-36  -81  48  0
83  16  -79  0
-61  -67  -80  0
-20  17  -63  0
-29  -39  -99  0
-84  56  -6  0
82  -2  28  0
-12  41  92  0
-95  -24  45  0
65  -75  -58  0
52  6  22  0
22  46  -84  0
45  15  14  0
27  -10  -8  0
96  -98  -38  0
19  17  23  0
93  -74  57  0
72  33  -91  0
-56  94  -73  0
78  37  -34  0
73  14  28  0
40  10  -80  0
48  52  -95  0
-84  100  67  0
76  82  -17  0
22  -9  -55  0
-90  84  -23  0
-23  60  -93  0
82  7  97  0
10  55  -37  0
92  -68  58  0
94  31  4  0
44  -100  -82  0
17  -81  52  0
-71  76  -58  0
-55  93  70  0
-70  51  -7  0
-5  -19  37  0
-61  48  -15  0
7  92  -44  0
-41  6  76  0
-64  16  -13  0
-45  -18  -98  0
-22  66  43  0
6  94  89  0
10  63  -45  0
8  86  -53  0
-100  -56  -89  0
-52  -82  -40  0
69  -65  76  0
52  -13  43  0
-22  27  -86  0
92  65  61  0
-64  28  98  0
53  9  -6  0
-39  47  -46  0
21  -50  -4  0
-53  36  -18  0
74  -56  -76  0
14  25  -47  0
12  68  -13  0
25  1  21  0
87  -95  -72  0
48  76  -21  0
69  48  35  0
-91  69  59  0
53  -21  7  0
-10  -61  -97  0
65  51  76  0
-7  10  79  0
-2  57  -39  0
43  82  -49  0
-16  95  41  0
-99  38  4  0
-86  -74  -9  0
1  72  31  0
92  -70  -51  0
55  -23  83  0
-59  -63  -27  0
-25  -5  -31  0
7  1  -6  0
-41  -60  -6  0
50  48  -37  0
4  7  -69  0
-23  -9  79  0
33  35  -69  0
39  21  88  0
-44  -51  -85  0
21  -63  10  0
-48  31  -17  0
-24  -67  -63  0
8  -49  67  0
-90  51  -8  0
92  47  -15  0
66  2  -58  0
76  32  -7  0
12  2  -23  0
-27  45  -95  0
64  1  74  0
-77  38  11  0
87  -46  -54  0
38  -14  50  0
78  71  15  0
69  -13  -11  0
78  -53  -43  0
-38  39  -49  0
-69  50  34  0
-93  -98  92  0
71  -40  87  0
-53  -60  24  0
75  23  -57  0
68  -64  -34  0
-90  52  -93  0
-91  87  -4  0
-11  -53  -27  0
94  -18  -96  0
-34  64  37  0
60  98  -21  0
-89  4  38  0
82  9  80  0
-78  -42  48  0
-25  -35  -95  0
-2  -51  -18  0
-10  -38  -49  0
-42  70  -26  0
-56  -50  100  0
35  57  80  0
65  46  11  0
84  79  -19  0
7  -20  28  0
13  -79  85  0
-32  -18  -65  0
2  -59  45  0
24  -31  -63  0
97  -91  -29  0
-4  46  -85  0
-53  -76  -42  0
42  43  -44  0
56  67  65  0
-47  69  -91  0
-41  80  75  0
-5  -7  -11  0
58  73  -94  0
17  50  -15  0
34  -17  -92  0
85  18  7  0
37  -16  75  0
-8  47  -67  0
-88  28  -23  0
-83  31  -87  0
-5  53  7  0
-44  10  45  0
98  -6  42  0
77  -39  4  0
-48  -87  5  0
-13  -61  -56  0
-37  -21  -95  0
-65  83  -6  0
-85  36  23  0
100  71  76  0
-62  -8  56  0
94  93  11  0
13  35  -95  0
-42  -44  27  0
-53  -29  -46  0
-66  -57  -47  0
-86  85  -21  0
92  58  -18  0
-87  -41  -51  0
-73  68  65  0
48  92  97  0
21  -72  99  0
-59  -99  46  0
46  -58  95  0
-56  99  34  0
59  43  8  0
8  63  89  0
23  69  -61  0
-37  -2  47  0
5  21  52  0
71  75  -55  0
6  42  88  0
-31  -93  33  0
-42  -23  -73  0
-82  60  19  0
87  -82  39  0
77  -39  -71  0
-57  -28  98  0
95  -64  -50  0
-61  -39  -31  0
-18  -39  -95  0
81  -14  64  0
-6  -61  -5  0
-31  55  -39  0
30  83  -7  0
56  22  -47  0
76  39  -26  0
21  100  81  0
59  91  -69  0
20  -55  -52  0
-38  25  -55  0
-50  -63  99  0
-33  -54  -40  0
36  -37  -77  0
56  84  91  0
9  96  -94  0
-36  90  -17  0
-94  -5  -42  0
-65  -81  21  0
34  -23  -35  0
-20  -70  61  0
40  -19  -67  0
-58  -74  -6  0
83  -79  73  0
-99  -59  18  0
-38  66  55  0
-78  -5  -65  0
6  76  66  0
-63  -38  8  0
59  24  2  0
-53  -17  -59  0
31  83  -3  0
40  -90  -14  0
-4  3  32  0
28  -39  94  0
8  -51  5  0
21  -15  13  0
-26  -90  71  0
-71  -58  -61  0
17  42  -7  0
-57  71  53  0
21  -66  69  0
18  11  13  0
35  -43  -4  0
67  36  17  0
32  81  -57  0
-29  -44  60  0
-80  91  -36  0
-33  34  32  0
-31  -51  75  0
43  -75  32  0
-35  81  -56  0
-18  2  -24  0
-36  -16  53  0
86  38  17  0
42  6  16  0
58  40  -81  0
3  43  95  0
-100  -40  43  0
-79  -80  -39  0
22  28  -55  0
97  -1  62  0
-62  55  -79  0
-45  55  85  0
-64  -97  95  0
97  66  -23  0
35  -71  -81  0
32  -15  -55  0
23  52  -18  0
37  10  -6  0
7  -62  -10  0
20  -72  57  0
-60  -42  -47  0
-81  18  100  0
69  -57  97  0
-17  71  12  0
82  -73  48  0
-18  -50  47  0
78  -51  -9  0
46  -82  29  0
-11  64  -83  0
83  -51  73  0
-52  -27  54  0
21  -46  45  0
17  96  -90  0
90  -99  37  0
51  76  94  0
-75  -6  4  0
-36  77  -2  0
-87  77  29  0
93  50  31  0
-16  8  63  0
-72  -71  1  0
57  -8  69  0
51  45  78  0
51  64  86  0
37  -1  -91  0
64  30  -94  0
33  -84  95  0
-15  -47  -73  0
-33  -24  -13  0
-22  92  49  0
68  34  96  0
-78  -18  -2  0
37  43  -28  0
19  -89  24  0
-69  -97  -73  0
-93  -31  13  0
-55  14  37  0
22  -53  -97  0
37  -23  76  0
80  -22  -57  0
-66  -52  -39  0
-76  91  18  0
-57  27  18  0
-16  79  87  0
-49  64  61  0
-83  99  6  0
-64  80  36  0
60  59  98  0
-35  -28  19  0
-25  100  -19  0
-15  -69  27  0
93  -75  -54  0
-50  -42  -29  0
95  -75  56  0
99  -6  -74  0
-4  -87  57  0
-66  -18  -5  0
-79  -83  66  0
2  27  16  0
-48  -18  -64  0
-14  57  38  0
-18  35  -53  0
49  -99  2  0
-32  -21  7  0
96  17  -74  0
19  17  43  0
-54  81  39  0
-10  61  3  0
31  70  -37  0
-35  -47  49  0
