c mkcnf random cnf with seed 44426, max clause length 3
c FORCED SATISFIABLE
c 
p cnf 100  430
-40  92  -44  0
68  15  16  0
-44  29  23  0
-81  64  39  0
-99  65  -62  0
-82  -90  87  0
-49  29  77  0
97  18  -8  0
78  -47  36  0
16  -99  96  0
-48  16  -71  0
84  87  -56  0
-29  -24  70  0
51  8  36  0
-43  75  81  0
90  35  -51  0
66  -14  -92  0
79  47  51  0
29  48  17  0
-74  60  49  0
31  70  65  0
17  13  73  0
34  -20  62  0
-21  -13  54  0
34  74  -18  0
-18  51  90  0
-6  97  16  0
72  41  -56  0
87  -19  -17  0
49  -18  32  0
56  -63  31  0
52  98  -77  0
47  15  -31  0
-89  -3  83  0
-43  -53  71  0
-77  -40  23  0
-79  -100  -67  0
-1  -29  71  0
-99  -100  51  0
73  -79  8  0
-32  82  67  0
-56  -4  14  0
-90  -75  -35  0
-61  97  28  0
-35  36  10  0
-74  -85  62  0
15  45  2  0
-53  -47  -65  0
-74  -85  61  0
79  27  59  0
-6  62  73  0
-37  54  39  0
-12  -21  -53  0
-13  71  14  0
40  80  48  0
52  26  33  0
35  -5  -64  0
-72  -30  66  0
80  -97  -21  0
76  -45  53  0
25  -65  72  0
-82  -66  -18  0
35  72  -93  0
69  75  -29  0
-7  92  -79  0
85  86  -21  0
33  -29  58  0
67  -40  -45  0
-20  99  -41  0
14  11  -25  0
-5  -14  -29  0
49  59  50  0
15  -53  -42  0
35  12  -72  0
-6  71  62  0
-2  69  -42  0
50  48  34  0
81  -58  -98  0
10  15  -99  0
-77  -75  -100  0
-29  -93  -90  0
7  -23  68  0
-86  -63  -57  0
-55  52  54  0
83  -67  -28  0
10  -6  -100  0
6  -44  -66  0
-21  87  -41  0
50  8  -76  0
-26  -49  28  0
26  -81  40  0
64  -43  1  0
43  9  67  0
54  26  53  0
-64  31  -17  0
84  -11  -43  0
-34  -37  -6  0
85  26  21  0
-52  -99  -48  0
-44  19  73  0
12  34  45  0
-8  -88  32  0
14  35  -20  0
-71  -72  25  0
-43  91  -77  0
-94  -15  68  0
-8  -27  17  0
-18  -66  2  0
74  46  -24  0
25  -91  -51  0
-29  -21  -54  0
-27  28  62  0
94  46  8  0
21  -3  -35  0
-86  76  92  0
-85  95  87  0
98  -59  4  0
15  -29  -39  0
-2  -51  49  0
-14  -17  -1  0
96  -47  21  0
77  63  70  0
17  -52  -62  0
50  19  -51  0
-48  53  59  0
66  -83  -86  0
56  -26  -9  0
-96  24  93  0
-20  47  -91  0
-53  61  63  0
-8  29  11  0
22  2  -21  0
94  -98  -70  0
-99  44  4  0
-33  -73  74  0
96  -59  -40  0
68  -95  82  0
-100  -1  -8  0
75  -82  46  0
54  35  -8  0
75  -13  -70  0
-3  -44  48  0
20  74  16  0
-14  21  -82  0
84  -89  15  0
44  -95  -43  0
57  -99  -37  0
-13  86  -96  0
-59  -88  76  0
-74  37  42  0
14  88  -30  0
18  -8  33  0
53  -37  -71  0
-42  100  22  0
-66  -26  -24  0
-18  -77  -59  0
2  -7  -37  0
88  43  76  0
24  -82  39  0
-82  21  -76  0
-50  3  28  0
-40  58  57  0
-27  85  -32  0
92  32  83  0
-5  30  -68  0
-67  -40  -47  0
-50  -20  69  0
-99  31  -29  0
15  92  -57  0
85  86  53  0
-92  16  98  0
10  59  -13  0
-94  9  81  0
-97  -95  -65  0
26  3  67  0
85  54  -97  0
-10  -11  -34  0
27  55  -92  0
-96  28  -7  0
18  -100  -6  0
62  46  -96  0
2  99  -58  0
11  -87  -66  0
-20  61  83  0
-62  41  69  0
89  14  51  0
68  -58  43  0
12  -44  -26  0
40  28  92  0
-65  30  -18  0
-35  45  -23  0
-3  -72  66  0
-98  49  -37  0
-39  58  -7  0
-30  18  49  0
34  15  -5  0
76  -27  -18  0
9  -52  84  0
73  -50  21  0
-50  98  -75  0
-73  -72  77  0
-12  97  -99  0
96  94  30  0
74  100  -17  0
71  -3  50  0
94  -87  -36  0
-13  46  18  0
-94  43  79  0
52  19  -1  0
-38  -34  -40  0
-6  57  -2  0
-14  -44  -17  0
37  -51  -35  0
31  90  -89  0
-56  5  -74  0
-57  51  39  0
43  -33  -40  0
49  37  -32  0
5  61  26  0
-1  -16  67  0
34  -45  -38  0
8  59  83  0
-30  -62  87  0
-76  44  -38  0
13  9  79  0
98  -39  -16  0
-5  65  23  0
58  -93  -83  0
-94  36  -79  0
63  -59  -26  0
18  88  43  0
61  -16  34  0
62  50  -12  0
89  -90  53  0
78  9  -97  0
-28  -58  -47  0
51  28  -67  0
-35  75  -46  0
-44  -47  26  0
-6  32  96  0
32  15  -80  0
-11  -89  79  0
20  -14  -69  0
-42  57  87  0
-81  -45  98  0
22  2  43  0
-72  59  -90  0
-83  -5  12  0
-86  39  3  0
4  99  70  0
82  69  -19  0
-91  -95  25  0
-55  -97  19  0
-95  39  46  0
39  -10  -13  0
53  38  -91  0
-63  -20  55  0
-70  -12  9  0
38  2  -64  0
-14  -3  -11  0
-19  -10  9  0
-69  -20  54  0
-10  -74  -70  0
4  -17  90  0
-11  100  77  0
90  -62  -59  0
11  18  89  0
39  36  7  0
37  95  1  0
16  -12  -19  0
-53  -6  78  0
61  -27  46  0
18  -14  -71  0
84  14  66  0
-54  75  -50  0
-20  -95  -87  0
-7  -56  -98  0
54  45  -78  0
68  24  85  0
78  -30  -13  0
-66  50  81  0
27  -80  87  0
98  -13  12  0
92  -98  -46  0
23  -40  71  0
56  -75  -69  0
-85  -76  80  0
37  -49  80  0
55  62  -80  0
2  43  -39  0
-27  28  17  0
65  28  -97  0
12  90  56  0
95  10  -82  0
-32  -39  87  0
21  -66  50  0
4  -6  50  0
-35  -92  -61  0
-16  29  -15  0
78  48  36  0
70  60  33  0
-66  58  -3  0
-25  -43  4  0
87  -90  89  0
84  -28  -76  0
69  -40  79  0
45  -50  -39  0
-70  -57  65  0
-77  -69  -56  0
-11  86  -39  0
82  -64  -14  0
63  44  -25  0
-3  -71  -66  0
74  44  -39  0
-76  12  -22  0
47  95  27  0
-17  65  -57  0
60  89  -14  0
46  -62  11  0
-11  -6  -15  0
-78  66  90  0
45  80  -3  0
17  72  -24  0
-26  6  64  0
-36  5  90  0
-100  39  97  0
44  -29  -84  0
-71  -21  -22  0
-67  44  -45  0
-97  -71  -91  0
-24  36  -37  0
-82  -17  -34  0
33  -46  4  0
-87  11  25  0
-85  13  70  0
63  93  35  0
15  20  10  0
-73  15  -82  0
92  -77  -85  0
57  -71  77  0
-72  37  99  0
-5  17  -84  0
82  -41  -47  0
8  61  98  0
-68  62  10  0
95  -46  -75  0
57  15  -96  0
-30  -6  -89  0
18  -7  85  0
25  -33  100  0
-76  -95  28  0
83  -5  -40  0
-30  68  -42  0
50  44  -83  0
27  52  66  0
79  -39  -34  0
-12  11  3  0
14  -17  -82  0
-77  -92  -40  0
33  -64  -41  0
-18  -39  16  0
53  -8  38  0
-89  -27  -13  0
-24  -34  93  0
88  78  6  0
47  65  64  0
50  -65  -19  0
36  98  -54  0
-3  93  54  0
-10  -24  -6  0
66  3  -98  0
-12  -51  -42  0
55  -1  -60  0
-82  1  50  0
71  -78  -37  0
-17  56  94  0
-36  -54  4  0
-37  42  -70  0
11  -63  30  0
32  -97  93  0
40  35  26  0
-45  -87  91  0
74  -24  63  0
-18  -93  71  0
-80  64  15  0
6  -45  -86  0
28  59  -60  0
-11  -76  -65  0
-52  -7  44  0
15  94  -91  0
-73  57  -38  0
-35  -26  78  0
-48  80  23  0
-34  -97  -100  0
-94  -97  9  0
11  -76  -73  0
26  -7  -84  0
-89  -5  64  0
-24  -98  -49  0
-25  13  -97  0
-8  31  79  0
59  27  49  0
-12  -20  -37  0
10  74  95  0
88  22  68  0
33  66  75  0
40  -96  -14  0
52  -77  18  0
35  42  -73  0
3  -86  77  0
23  86  28  0
7  85  -10  0
63  81  69  0
-61  -77  66  0
30  -38  43  0
-93  1  72  0
38  36  77  0
1  -81  14  0
44  23  81  0
-58  50  -81  0
84  33  68  0
-10  27  -79  0
88  78  -70  0
46  -47  -78  0
-7  -96  92  0
35  7  -34  0
-18  -92  -83  0
65  80  63  0
98  -52  77  0
1  84  97  0
