c mkcnf random cnf with seed 44418, max clause length 3
c FORCED SATISFIABLE
c 
p cnf 100  430
20  -30  -97  0
-55  -97  -58  0
87  97  71  0
-94  -4  -12  0
18  -35  -84  0
33  54  4  0
61  46  41  0
-57  -98  13  0
-67  77  -18  0
-59  -19  66  0
92  10  20  0
-43  15  -95  0
22  38  93  0
9  34  7  0
46  95  -88  0
62  92  -14  0
-26  56  -88  0
-15  -96  -56  0
49  90  33  0
17  -45  -1  0
-38  -31  -25  0
49  52  -25  0
-28  -16  98  0
8  76  66  0
7  -16  -26  0
70  74  -64  0
-2  31  48  0
9  -68  81  0
24  5  -28  0
46  -41  -36  0
11  -88  62  0
-27  -78  -92  0
62  -30  -54  0
-78  -69  -76  0
78  52  -16  0
100  -96  45  0
58  45  7  0
-69  -38  -62  0
76  -46  41  0
81  -12  17  0
-67  -16  -26  0
-74  82  87  0
-13  -80  69  0
64  -12  30  0
63  -88  -73  0
-21  23  18  0
65  -1  -27  0
75  56  59  0
84  75  36  0
83  -88  28  0
-40  73  -8  0
55  58  -81  0
37  -15  -92  0
-43  2  -37  0
98  -56  61  0
-69  6  65  0
-45  -73  2  0
26  76  -38  0
-47  -95  -55  0
73  93  19  0
-39  -65  33  0
-37  -36  -18  0
-47  -75  -34  0
-95  -80  -2  0
-21  -100  -61  0
91  32  -15  0
-61  -23  -50  0
-96  -63  -66  0
-70  -100  -76  0
63  59  91  0
10  -11  -58  0
96  -81  22  0
-34  47  75  0
-96  -72  28  0
38  48  8  0
96  -35  -12  0
83  -66  -60  0
43  -56  54  0
63  -79  -26  0
81  72  -53  0
72  -52  41  0
-17  -64  19  0
90  68  -97  0
71  -81  -46  0
39  -92  88  0
65  89  -99  0
78  34  4  0
30  -15  -85  0
96  78  -40  0
66  -35  -68  0
-71  2  -55  0
33  -29  82  0
-70  -99  40  0
-83  -96  49  0
2  -82  -89  0
70  52  -26  0
-67  55  74  0
-72  18  -28  0
-52  3  32  0
-31  66  -25  0
32  -77  -27  0
-27  30  93  0
-100  63  43  0
11  91  -88  0
-51  66  -47  0
8  -85  -94  0
60  -64  -70  0
91  -100  -81  0
80  53  8  0
-27  -92  -88  0
-53  -55  -25  0
-38  -80  6  0
-56  48  -37  0
-31  -89  60  0
-41  -31  99  0
-6  30  47  0
-36  -98  -2  0
-6  -26  58  0
-22  -14  -26  0
-68  -47  42  0
59  -85  88  0
-99  -1  -17  0
1  -85  87  0
84  21  88  0
96  -48  89  0
35  21  94  0
1  -2  94  0
29  -10  25  0
29  -64  44  0
-15  66  58  0
5  21  20  0
-44  -16  34  0
-100  -50  11  0
73  -47  -36  0
26  71  4  0
1  -59  -21  0
-75  81  -69  0
21  84  37  0
36  38  2  0
-51  -98  40  0
-37  -39  -73  0
-67  20  -36  0
29  -95  99  0
45  81  48  0
87  -14  -56  0
-93  -38  -78  0
-99  3  38  0
19  -55  -12  0
87  35  -6  0
-55  -25  -12  0
-95  -49  -88  0
-93  -4  90  0
90  18  -47  0
79  -78  -23  0
-84  77  -46  0
8  90  57  0
-14  -56  -68  0
-48  43  -46  0
17  -27  60  0
69  -76  83  0
-87  -50  3  0
-1  67  75  0
72  56  92  0
-66  -85  -43  0
90  45  79  0
10  -22  28  0
21  29  -80  0
-91  -94  -4  0
1  8  -91  0
-92  18  -71  0
-88  58  79  0
37  -50  76  0
-6  56  40  0
-57  -66  25  0
-66  67  -28  0
81  77  -30  0
-72  7  20  0
-81  -93  -18  0
-80  100  -65  0
-74  29  -94  0
21  56  3  0
35  -41  64  0
36  46  2  0
85  -24  -46  0
-29  89  -84  0
-10  60  7  0
69  -41  7  0
-89  5  92  0
13  -4  25  0
-6  9  -66  0
61  100  85  0
35  71  -93  0
-59  -24  -21  0
46  69  50  0
89  14  86  0
-96  9  85  0
59  -6  53  0
-70  64  91  0
-39  -62  -46  0
58  31  85  0
31  -20  -100  0
-57  9  -98  0
-38  71  -63  0
-28  12  15  0
-64  62  -38  0
-96  -98  -46  0
52  27  64  0
-27  65  61  0
-4  -67  -97  0
44  -95  5  0
-2  23  57  0
58  25  88  0
36  60  21  0
61  -40  -67  0
-6  -88  -46  0
-65  78  13  0
56  -81  -75  0
84  87  46  0
-97  15  -84  0
-10  34  -99  0
-19  -60  -86  0
-72  86  -88  0
11  71  7  0
-67  -11  60  0
-85  -90  -96  0
79  51  69  0
56  -3  -29  0
-9  82  -30  0
-95  29  63  0
-40  3  20  0
28  76  41  0
-19  64  -8  0
91  100  -36  0
51  -67  50  0
74  -46  -91  0
50  15  23  0
83  94  -68  0
3  -59  -72  0
-8  16  -41  0
-82  -42  93  0
41  -59  49  0
66  98  -26  0
36  -8  19  0
-75  -30  -23  0
43  55  42  0
-95  -52  -11  0
-84  94  26  0
-37  86  -60  0
-12  34  64  0
-19  44  -92  0
90  76  59  0
-93  -58  61  0
61  94  50  0
-87  25  -42  0
56  63  -74  0
53  -83  -15  0
37  7  10  0
66  74  2  0
-94  -65  -81  0
-67  -50  65  0
46  -100  48  0
90  -87  68  0
21  -78  23  0
-100  -4  34  0
-52  85  -18  0
-50  -71  -89  0
-86  29  -36  0
-57  47  -78  0
-87  -15  -93  0
99  -96  50  0
-95  -29  -84  0
49  -77  4  0
98  82  21  0
18  -65  -61  0
13  -43  -80  0
-43  -66  89  0
-92  -70  -38  0
60  -69  72  0
21  99  81  0
39  78  -15  0
-79  90  94  0
69  -12  -4  0
-86  52  56  0
85  -20  48  0
48  -84  -66  0
12  53  -75  0
-50  -28  -79  0
-5  75  -84  0
-91  -39  44  0
-10  68  -59  0
71  -64  8  0
-79  -90  -92  0
58  13  -26  0
70  33  -81  0
10  -88  -57  0
97  47  54  0
-39  -27  99  0
-7  -60  -55  0
81  98  -59  0
-93  54  11  0
64  41  -77  0
-38  28  16  0
63  -38  -83  0
67  51  88  0
11  96  -64  0
53  -42  -99  0
-78  43  58  0
-36  97  -52  0
43  -3  -12  0
-81  23  -68  0
95  -47  93  0
10  16  -83  0
-94  -24  19  0
56  -4  50  0
-42  16  -53  0
80  -29  46  0
-99  -90  74  0
53  59  83  0
5  55  -48  0
63  78  62  0
100  23  36  0
-24  16  -40  0
47  -96  51  0
60  44  91  0
48  -71  35  0
-68  37  18  0
17  -87  -44  0
48  6  1  0
98  -5  -74  0
-15  16  44  0
20  77  7  0
58  41  -37  0
29  -95  90  0
93  2  91  0
84  50  65  0
10  -36  75  0
-84  -33  -69  0
78  92  53  0
83  35  -23  0
81  21  -98  0
-38  -100  15  0
-94  -59  77  0
-94  -38  -50  0
-26  56  57  0
-50  -73  5  0
-16  -79  -100  0
45  -96  -14  0
56  98  -10  0
-61  22  -12  0
26  -24  75  0
83  -33  41  0
4  -7  48  0
-25  -71  83  0
-11  50  -49  0
51  31  6  0
-34  81  58  0
60  -88  -98  0
14  35  98  0
20  -62  -17  0
-78  89  43  0
-20  -94  8  0
-75  -41  -61  0
-3  78  -56  0
28  -14  -88  0
-53  -81  -17  0
80  -83  -86  0
89  -82  -54  0
-87  40  -60  0
71  -15  -87  0
-2  70  61  0
-86  62  -40  0
16  -75  1  0
-3  25  -19  0
58  -74  27  0
-57  -75  71  0
61  -78  -50  0
-81  -21  -4  0
37  92  58  0
-33  9  -12  0
92  7  22  0
73  7  -71  0
-50  -34  12  0
-89  91  57  0
-82  88  12  0
49  -83  10  0
100  -68  -24  0
9  -100  57  0
41  20  -4  0
-31  14  40  0
99  78  46  0
-72  -56  -10  0
77  -55  -2  0
98  -49  -4  0
100  -54  -23  0
-54  -55  15  0
-36  95  -33  0
-23  -71  24  0
-36  -69  76  0
76  62  96  0
45  16  55  0
70  -89  94  0
-11  92  -34  0
47  88  -49  0
26  -4  -76  0
81  63  51  0
-71  79  99  0
-28  -73  68  0
75  -94  -3  0
50  28  29  0
-96  -80  95  0
-68  -26  92  0
69  -4  8  0
83  22  36  0
87  48  -53  0
70  -7  4  0
-8  54  -92  0
58  -85  38  0
51  53  81  0
-20  32  -53  0
-45  19  69  0
22  -75  -87  0
97  47  -64  0
65  -82  47  0
-37  -2  -64  0
90  -27  37  0
94  29  38  0
-25  -57  23  0
-63  -77  15  0
-51  73  72  0
-30  -75  -60  0
