c mkcnf random cnf with seed 44396, max clause length 3
c FORCED SATISFIABLE
c 
p cnf 100  430
-89  34  67  0
3  -59  22  0
16  -68  -53  0
-87  -29  92  0
21  -71  3  0
99  25  -73  0
56  -49  -54  0
89  -91  32  0
-49  51  -29  0
-91  51  73  0
31  14  88  0
-100  61  84  0
87  61  -17  0
28  -99  -53  0
-22  -6  73  0
25  8  -83  0
-73  -56  -100  0
28  84  -73  0
21  66  98  0
38  -48  -100  0
8  62  89  0
-70  -50  55  0
52  -91  92  0
44  -51  -71  0
93  71  1  0
-72  21  -16  0
63  12  -40  0
39  43  -31  0
43  75  -42  0
60  -24  53  0
73  -19  -23  0
-27  -41  71  0
23  93  -48  0
98  49  60  0
54  78  -84  0
63  -89  16  0
-94  -27  93  0
-43  66  87  0
33  -36  -66  0
-21  86  -1  0
-95  -67  31  0
60  -49  7  0
1  29  10  0
73  -81  40  0
-69  -57  -44  0
60  -97  -64  0
11  44  -63  0
-64  -10  81  0
-4  63  -30  0
-84  -99  -10  0
-75  92  -19  0
71  -11  42  0
59  -88  67  0
-39  10  -77  0
-82  17  69  0
-51  -56  4  0
15  -11  19  0
-65  18  31  0
67  -76  74  0
-14  7  -87  0
-15  -57  76  0
44  62  -18  0
11  -58  32  0
21  100  -36  0
-100  -25  19  0
70  -28  -4  0
52  -8  -94  0
75  -97  -50  0
-56  -73  -34  0
58  71  -57  0
62  -77  -82  0
-51  88  74  0
-50  4  -89  0
58  3  49  0
79  -40  7  0
-11  -16  -85  0
61  -53  50  0
24  55  -21  0
-73  32  66  0
-73  -17  84  0
11  97  34  0
83  -62  48  0
76  -1  51  0
18  -48  38  0
-22  -64  -89  0
16  -25  -53  0
-29  -54  -86  0
98  -100  33  0
36  -23  56  0
-52  -69  -76  0
-64  -51  29  0
62  -77  2  0
-86  32  -45  0
7  10  -64  0
40  -26  70  0
-39  31  21  0
80  -22  -30  0
46  -66  -42  0
96  71  8  0
-81  95  51  0
-42  85  56  0
-31  -57  81  0
-55  -67  2  0
48  24  1  0
75  5  -63  0
-59  -20  -85  0
93  -36  25  0
-27  3  75  0
-8  12  31  0
-62  96  23  0
36  49  -10  0
-7  -46  -26  0
47  84  92  0
-76  -77  -61  0
-22  -77  -81  0
12  -59  -18  0
-3  65  -10  0
5  11  -28  0
14  90  2  0
-7  43  -71  0
79  -51  -99  0
-12  19  -89  0
-57  -63  6  0
41  -35  -100  0
-83  -82  99  0
-69  -68  64  0
-73  -1  59  0
-46  82  -23  0
94  51  11  0
-94  73  21  0
-97  -8  -10  0
-46  -9  78  0
-79  -42  -32  0
82  33  69  0
56  -84  -77  0
77  1  -63  0
55  -49  -25  0
65  -39  35  0
-77  19  30  0
14  -71  88  0
86  -2  27  0
84  -44  26  0
33  -44  45  0
76  -72  19  0
93  12  -100  0
-30  -11  55  0
72  -4  14  0
-52  -54  38  0
-36  -27  -40  0
-44  91  -27  0
-19  -2  -51  0
-91  -12  -50  0
-69  75  94  0
96  -5  -12  0
-1  73  97  0
8  66  33  0
12  52  18  0
-44  -68  72  0
-49  -63  87  0
-30  22  -23  0
70  -78  56  0
87  -100  41  0
22  32  -41  0
36  -89  20  0
-64  16  -31  0
-26  -66  -55  0
1  -34  -90  0
-72  -90  53  0
67  -36  74  0
-10  12  -89  0
-26  30  -40  0
76  63  28  0
93  -26  12  0
85  45  12  0
-55  34  -50  0
39  -16  47  0
-39  -31  -43  0
14  30  -66  0
-17  -67  10  0
-72  17  32  0
46  80  40  0
94  74  51  0
4  10  -45  0
-87  94  -26  0
1  87  -7  0
-94  17  -41  0
36  -87  29  0
90  -34  -77  0
-65  95  -53  0
87  -29  57  0
-98  58  89  0
-65  63  22  0
-64  3  24  0
-30  33  31  0
-46  -96  -51  0
90  31  82  0
31  83  -21  0
44  72  -99  0
-1  -16  -20  0
19  -18  12  0
71  3  -67  0
-81  -79  87  0
90  68  -64  0
-87  26  11  0
-40  75  3  0
30  82  -50  0
52  -56  94  0
9  47  -26  0
-60  84  -27  0
-66  -77  53  0
-58  8  -89  0
-30  -9  -23  0
-27  -36  -47  0
50  -36  97  0
-38  77  83  0
83  6  -64  0
45  91  -44  0
-61  -98  -30  0
-1  12  57  0
44  -36  61  0
38  -98  10  0
47  -10  54  0
44  59  -27  0
-33  62  11  0
61  41  -68  0
-24  46  -75  0
-41  23  13  0
-80  -77  -72  0
46  57  -66  0
76  -57  24  0
-40  49  62  0
-44  74  77  0
93  -36  -5  0
-71  -55  52  0
40  -22  97  0
-40  -37  -98  0
64  99  -89  0
-15  1  3  0
-60  -42  -17  0
81  -96  -39  0
-35  -91  -59  0
75  -22  -92  0
-63  -99  -65  0
-4  -60  -56  0
34  -35  -47  0
-29  100  -54  0
97  43  88  0
-38  -84  15  0
-90  6  17  0
-5  4  -100  0
-5  32  24  0
-63  -83  86  0
16  57  42  0
-48  66  -16  0
39  -20  -65  0
-78  -43  59  0
74  68  30  0
1  -97  -52  0
96  -67  47  0
-26  -4  49  0
-25  13  23  0
-25  -22  9  0
-17  -57  -93  0
-91  97  -42  0
52  -78  -26  0
-27  -87  -83  0
17  12  -27  0
-68  -31  75  0
39  -55  -75  0
31  -56  49  0
70  -4  -54  0
-23  25  -40  0
17  3  88  0
51  69  -9  0
76  27  60  0
53  10  -20  0
84  -62  22  0
77  -89  -99  0
-6  81  21  0
89  67  48  0
41  54  -58  0
-37  18  -58  0
-89  23  -85  0
-46  54  35  0
1  85  -44  0
95  -33  20  0
22  -94  -50  0
44  -22  -38  0
-60  20  33  0
-3  -57  -42  0
20  -96  -32  0
-46  -25  2  0
85  46  99  0
-1  65  -46  0
43  -78  60  0
80  41  82  0
32  -49  63  0
-5  -84  -19  0
12  99  52  0
-68  -42  79  0
14  -37  24  0
-98  44  73  0
-31  77  -94  0
-91  69  -24  0
65  21  -35  0
-96  -40  73  0
13  55  -90  0
36  52  62  0
-92  -22  -76  0
77  -82  -18  0
-13  -29  -18  0
-39  71  -43  0
-22  16  14  0
-26  -3  -90  0
96  -77  -64  0
26  -35  -63  0
33  8  -86  0
-3  54  -19  0
44  -63  -28  0
-86  -15  92  0
-58  39  -36  0
75  -29  65  0
93  47  -29  0
-84  68  -90  0
-13  -47  -92  0
54  48  -85  0
-26  93  21  0
88  21  -74  0
-88  21  -54  0
-34  78  81  0
75  -79  -57  0
18  -85  -96  0
31  -66  -90  0
-74  11  -10  0
81  94  -82  0
8  -3  65  0
-85  -19  61  0
66  -47  -91  0
-48  68  92  0
39  -96  7  0
65  79  93  0
-97  9  -55  0
44  41  -25  0
30  7  -92  0
54  -18  -98  0
-44  -40  -82  0
24  48  70  0
-3  -34  -65  0
15  70  100  0
1  31  -76  0
-92  98  17  0
83  22  -60  0
-75  -14  -87  0
88  77  -59  0
69  -56  -16  0
54  -64  7  0
-50  37  46  0
-55  19  37  0
-45  8  -31  0
82  93  -29  0
-57  -26  -68  0
-99  -15  73  0
-78  -67  87  0
62  24  -91  0
36  -89  38  0
-89  -49  -33  0
15  11  66  0
-87  -71  61  0
-61  65  5  0
-42  -50  81  0
-80  -11  -30  0
49  12  24  0
-66  76  -6  0
-66  31  8  0
70  42  16  0
-37  41  50  0
93  52  -11  0
4  -92  -24  0
28  64  -9  0
37  86  78  0
77  10  25  0
30  -25  -74  0
-66  85  -13  0
-35  48  21  0
77  -26  -33  0
30  -68  42  0
-60  35  61  0
95  67  25  0
-61  -85  23  0
-15  -40  -95  0
-67  -41  -39  0
58  -77  28  0
-10  -82  39  0
-48  -3  -12  0
35  86  -96  0
-62  60  -42  0
-88  55  -73  0
-66  -24  19  0
-97  -3  -9  0
15  71  -52  0
-26  -92  7  0
-43  -90  96  0
18  16  87  0
19  -56  -71  0
68  -92  33  0
33  93  -2  0
-89  21  -78  0
25  65  -5  0
38  -26  -80  0
46  84  60  0
12  58  -14  0
-97  -43  -54  0
73  56  97  0
-69  -65  31  0
-32  -14  -16  0
-86  -84  68  0
45  51  -35  0
90  -92  74  0
78  -6  11  0
-90  -38  85  0
-63  -7  -34  0
-10  78  100  0
-16  31  52  0
-77  27  -71  0
58  29  100  0
97  3  49  0
48  -45  -30  0
4  26  -74  0
93  -77  -97  0
85  69  10  0
