c mkcnf random cnf with seed 44391, max clause length 3
c FORCED SATISFIABLE
c 
p cnf 100  430
-64  -8  88  0
92  1  94  0
26  25  -29  0
-18  96  67  0
-92  -50  66  0
91  41  -31  0
51  58  83  0
-60  19  -43  0
-100  2  -47  0
55  -80  -81  0
-97  99  96  0
23  -31  46  0
93  33  -96  0
-93  -7  10  0
-1  3  74  0
47  89  -7  0
-57  -12  -18  0
-48  40  65  0
-94  -29  18  0
-83  75  -54  0
85  -84  -51  0
-78  -31  -50  0
-33  -65  -38  0
-82  -87  -24  0
98  -85  29  0
-47  82  75  0
17  87  -26  0
17  71  -63  0
37  -13  -80  0
1  30  61  0
42  -28  -13  0
57  77  -30  0
-99  -58  -66  0
-33  -3  38  0
-22  -79  -35  0
-40  -56  77  0
36  -46  32  0
-52  71  -94  0
-94  -6  -4  0
-30  89  -91  0
30  -9  53  0
29  -28  82  0
78  22  -46  0
-28  -99  -9  0
-78  -49  4  0
-74  55  -54  0
64  -81  77  0
41  9  4  0
-68  85  23  0
-64  -39  -97  0
63  29  1  0
10  27  93  0
17  -59  5  0
-63  -53  66  0
-96  -85  69  0
-82  -78  -44  0
-29  85  -57  0
-63  -6  -52  0
-27  97  18  0
-23  92  63  0
8  81  -66  0
76  51  -71  0
45  -46  -9  0
12  -91  -94  0
-1  43  -13  0
-22  -51  -40  0
42  -67  -43  0
-92  12  -55  0
55  86  67  0
-70  -85  -59  0
-85  -9  -32  0
-97  25  76  0
79  37  -76  0
-7  -75  -89  0
-82  -38  49  0
-46  84  -25  0
7  -1  31  0
-84  36  -48  0
94  91  -71  0
33  15  -9  0
-50  -51  60  0
47  23  69  0
67  79  27  0
73  18  -22  0
98  -59  73  0
-66  -38  68  0
-33  -83  95  0
-93  23  -15  0
-45  -70  86  0
-95  -25  -5  0
-78  -93  -36  0
-49  -47  -9  0
3  -32  39  0
88  37  44  0
-78  70  -31  0
73  -81  37  0
-39  83  46  0
-36  44  35  0
-85  72  -75  0
12  52  -91  0
63  74  8  0
64  -63  86  0
-52  71  -20  0
72  96  -68  0
-93  -89  50  0
-79  81  -26  0
79  62  -86  0
27  -82  -67  0
-90  99  -23  0
-96  -94  85  0
94  37  61  0
24  51  17  0
-75  29  -69  0
-55  69  -28  0
8  31  -68  0
-81  47  -24  0
-23  60  46  0
39  90  7  0
13  34  38  0
-66  -14  -50  0
-51  -84  -41  0
-40  62  -67  0
-97  22  -34  0
-61  -13  66  0
-33  -86  -58  0
56  -64  -93  0
-28  62  85  0
44  62  33  0
39  16  -44  0
31  -15  45  0
-66  12  82  0
-43  1  -55  0
-12  55  -89  0
-23  20  4  0
-18  12  -26  0
-77  -63  88  0
3  -36  8  0
-72  64  -80  0
83  -97  -59  0
-56  83  63  0
-57  60  -44  0
83  -78  -62  0
69  -19  67  0
-74  -35  -7  0
-7  40  25  0
49  86  -8  0
-81  32  -48  0
51  2  38  0
23  -20  10  0
81  -62  -64  0
-19  76  -81  0
89  86  19  0
70  -14  -34  0
-67  23  -43  0
-77  13  83  0
53  90  27  0
-11  -81  -77  0
-41  53  18  0
11  34  -66  0
-40  -50  -24  0
-53  37  -100  0
-71  5  37  0
-48  -90  -22  0
-32  -13  23  0
33  21  -45  0
12  87  -97  0
-32  -5  -11  0
-81  -29  -73  0
-76  16  -53  0
29  -81  -89  0
-18  41  21  0
-41  -48  29  0
-12  -10  -25  0
51  17  -50  0
27  11  67  0
-20  -58  -4  0
4  94  3  0
66  -60  99  0
-76  94  65  0
21  44  53  0
57  -6  -48  0
-3  69  -6  0
-55  56  -20  0
-72  19  -86  0
-65  -29  -11  0
-32  36  -68  0
8  46  90  0
7  77  -29  0
58  48  -26  0
30  -22  86  0
98  -81  -76  0
-13  100  99  0
77  -92  -41  0
78  -27  -69  0
16  92  -98  0
7  -95  26  0
67  99  -73  0
91  58  34  0
34  84  5  0
-54  -25  -76  0
-43  -40  51  0
93  100  2  0
78  43  30  0
59  65  -9  0
66  -91  -79  0
3  -29  -41  0
-56  93  97  0
-67  -78  -46  0
69  95  -18  0
90  -91  -44  0
37  20  -58  0
81  76  -41  0
-61  46  -94  0
-90  85  -80  0
-3  -18  -60  0
-25  -88  87  0
6  53  46  0
-77  -8  6  0
-97  89  32  0
-42  30  -78  0
-47  -98  22  0
-75  -47  40  0
74  -88  18  0
-69  -43  -23  0
70  -56  87  0
-94  -87  86  0
-1  -37  -24  0
-63  -99  -36  0
-87  -65  -41  0
-13  27  -90  0
-77  36  -19  0
17  -49  -10  0
72  -55  27  0
69  -88  70  0
-19  -52  85  0
92  -7  3  0
-47  45  62  0
-63  -73  14  0
18  -70  95  0
-37  -67  96  0
15  53  87  0
51  47  -19  0
17  48  -41  0
-28  90  -47  0
-13  16  63  0
40  99  66  0
26  18  -76  0
68  35  -23  0
-92  77  -36  0
-92  -86  38  0
75  41  -61  0
96  56  -16  0
-28  -93  76  0
53  -68  -12  0
26  -64  -37  0
23  78  -93  0
98  68  -37  0
-87  48  -51  0
2  39  -35  0
29  -68  -71  0
7  87  -42  0
-47  -56  42  0
35  -54  -18  0
33  -42  19  0
12  -38  76  0
-18  -58  -53  0
26  -23  -6  0
70  91  83  0
-13  -16  90  0
-58  -72  70  0
76  -22  17  0
3  37  -50  0
22  -8  -19  0
3  75  -96  0
91  66  1  0
-44  61  14  0
-64  17  -7  0
72  52  -46  0
95  -23  -81  0
81  5  -56  0
4  27  -7  0
73  84  12  0
19  -14  -88  0
45  71  78  0
5  61  -92  0
-68  -38  -64  0
-20  89  72  0
43  -17  74  0
70  68  -26  0
-86  51  85  0
72  37  -55  0
58  -70  84  0
66  -97  46  0
-12  -69  -22  0
69  -23  42  0
-69  -20  93  0
4  -95  -91  0
-47  -90  80  0
-79  55  35  0
-45  -42  50  0
-46  82  69  0
23  61  88  0
-89  40  -78  0
36  -96  82  0
-1  -12  94  0
-92  78  -66  0
-50  58  74  0
-57  -63  -61  0
48  71  49  0
-19  38  80  0
58  72  -92  0
-95  66  41  0
31  78  82  0
65  -57  5  0
56  45  47  0
-46  -28  -87  0
-22  79  50  0
93  88  73  0
-64  -32  -20  0
-84  1  -35  0
51  3  -44  0
-40  84  18  0
76  39  -61  0
-23  77  -92  0
22  -50  -13  0
-26  -48  62  0
-43  53  89  0
-33  100  83  0
-75  32  92  0
-59  33  -68  0
68  66  -5  0
61  63  17  0
-92  -67  40  0
-89  -33  -81  0
-100  -57  -24  0
28  27  -49  0
17  -71  -100  0
-31  36  -86  0
-71  -78  -95  0
36  -24  58  0
6  -77  -17  0
62  15  -22  0
29  31  68  0
-32  82  -62  0
56  10  25  0
-63  -33  -27  0
-28  65  -39  0
21  -51  -37  0
35  -87  -100  0
-71  13  -31  0
-3  100  40  0
10  6  -80  0
6  53  -21  0
40  -49  55  0
-27  74  83  0
11  -56  57  0
-79  10  -85  0
35  -70  -37  0
-39  70  95  0
-16  -31  -29  0
-76  60  -48  0
-18  -46  -53  0
64  -98  -60  0
-50  -56  1  0
-87  83  25  0
29  -62  35  0
16  -10  -97  0
-43  42  24  0
-79  98  53  0
-34  -46  -21  0
-56  -59  -54  0
61  -7  -76  0
7  59  -75  0
81  85  29  0
-2  -11  -27  0
-12  76  68  0
-92  47  -39  0
-23  -46  22  0
15  -90  -95  0
-17  -79  37  0
98  -58  92  0
-99  -73  76  0
-90  -44  77  0
-46  1  -22  0
18  -95  -48  0
8  -71  -70  0
-2  44  35  0
14  -13  86  0
57  -12  -24  0
-97  -73  -98  0
-23  -87  -42  0
35  -4  98  0
48  14  16  0
90  -41  82  0
-95  19  28  0
-5  18  -15  0
74  42  16  0
98  34  54  0
71  -27  76  0
-19  16  -36  0
82  38  -59  0
71  -60  -19  0
-28  -6  44  0
-41  10  77  0
36  -86  -4  0
-84  -9  -98  0
-38  58  -49  0
-58  48  12  0
-49  80  42  0
45  20  -32  0
-94  -23  97  0
-77  -52  -9  0
45  -98  -24  0
-2  23  -97  0
-86  -27  43  0
92  13  83  0
-32  40  26  0
-17  -43  -54  0
11  3  64  0
-5  -27  -6  0
21  -73  66  0
-42  -7  -43  0
85  93  25  0
-26  -56  -17  0
74  -87  85  0
-85  -5  42  0
-92  27  -79  0
9  73  42  0
-5  86  -24  0
-29  -13  -67  0
