c mkcnf random cnf with seed 44466, max clause length 3
c FORCED SATISFIABLE
c 
p cnf 100  430
42  -3  79  0
53  -77  15  0
-43  41  -9  0
76  -45  -57  0
4  -1  57  0
40  35  81  0
12  -62  -89  0
-64  -52  -16  0
-29  -74  27  0
44  -4  -81  0
-32  -95  29  0
86  -24  -10  0
-11  57  1  0
-31  18  25  0
13  8  100  0
-80  -41  1  0
-28  -27  92  0
36  -26  -93  0
7  -85  25  0
-84  93  28  0
13  86  73  0
-50  -42  14  0
-75  58  3  0
51  -44  -19  0
66  47  44  0
81  88  -43  0
-34  -63  56  0
-72  -83  65  0
-25  26  4  0
77  -72  -16  0
79  43  50  0
32  6  91  0
-85  74  91  0
71  94  -2  0
39  -62  -66  0
77  -42  6  0
29  96  18  0
71  78  -6  0
-60  62  2  0
-1  29  -70  0
-50  39  -46  0
26  52  -51  0
27  -100  12  0
-72  -96  -78  0
-38  -94  12  0
-93  -12  87  0
4  39  76  0
96  9  71  0
-17  54  -92  0
68  55  36  0
-95  6  87  0
-84  -82  -13  0
-62  -68  27  0
-83  59  -74  0
11  -79  -80  0
-16  44  -13  0
16  59  51  0
13  21  35  0
-7  -65  -69  0
-88  -10  -89  0
-74  6  49  0
46  88  -93  0
33  63  77  0
60  32  97  0
-68  53  29  0
98  96  12  0
-58  -20  89  0
5  68  -39  0
-74  97  67  0
-55  -46  48  0
45  47  33  0
22  -40  -63  0
66  -13  -35  0
-58  -2  91  0
35  36  64  0
49  -53  81  0
98  -29  61  0
97  25  21  0
-64  56  87  0
-5  -55  71  0
-34  -64  63  0
14  92  -54  0
88  -48  30  0
95  79  -47  0
-62  93  -72  0
44  -39  42  0
-25  -70  71  0
-31  -32  -36  0
-89  -95  99  0
99  -89  35  0
64  -23  86  0
-17  16  83  0
-8  -23  -10  0
93  -10  -28  0
-57  61  42  0
72  -32  28  0
-19  -55  -35  0
47  -34  60  0
-9  -41  -5  0
-59  -25  33  0
-30  -88  79  0
-54  -45  26  0
34  -89  57  0
12  79  59  0
-14  72  9  0
-84  -31  54  0
25  -55  -58  0
-8  -40  -75  0
55  -76  -53  0
-100  -34  -91  0
-50  -2  24  0
-39  -96  32  0
76  -37  -91  0
-96  32  -61  0
50  72  41  0
40  -13  22  0
80  -24  89  0
55  -13  33  0
90  44  -41  0
95  -11  63  0
54  58  -24  0
33  -81  69  0
-41  -64  37  0
-3  44  -11  0
26  90  99  0
57  66  53  0
53  -100  -82  0
-12  -90  -46  0
-74  85  11  0
18  -76  72  0
30  42  -21  0
-59  29  -14  0
-94  -27  47  0
-53  -18  88  0
-73  22  31  0
-90  -30  70  0
78  25  -4  0
-39  64  66  0
-88  69  -3  0
-44  -51  -48  0
-75  -82  97  0
-52  -37  19  0
-21  33  -6  0
77  94  -93  0
-2  -70  24  0
-79  -75  69  0
41  -72  56  0
58  -80  -86  0
-42  -62  -10  0
-90  32  50  0
-82  -69  72  0
56  22  -7  0
-25  -31  -7  0
-51  77  91  0
-100  -17  -89  0
-93  80  98  0
-5  60  64  0
-55  -9  -76  0
-100  82  -22  0
-1  76  92  0
-7  -46  10  0
18  83  -6  0
45  50  69  0
-84  -60  -18  0
59  -53  -32  0
18  64  60  0
-52  -14  79  0
-14  -27  -20  0
60  -19  -43  0
83  -32  -6  0
-64  -80  2  0
16  -70  31  0
1  13  -25  0
-76  -87  -56  0
22  35  -70  0
-59  -80  -60  0
61  37  13  0
-52  20  32  0
-67  -56  65  0
88  -41  48  0
6  -48  70  0
88  32  45  0
67  -74  -30  0
-80  65  -69  0
-38  -45  -1  0
69  -94  -62  0
73  81  85  0
-37  -83  -81  0
44  72  25  0
45  -56  50  0
-60  -45  23  0
92  8  -85  0
13  -1  38  0
-84  54  -70  0
-42  -44  -58  0
41  99  -68  0
36  47  74  0
-15  -53  -32  0
-14  53  94  0
-77  -25  21  0
-20  -10  -21  0
22  69  4  0
-54  21  -40  0
27  -36  63  0
-30  7  -78  0
-29  68  18  0
-12  30  -63  0
98  64  -85  0
-32  -65  34  0
-8  25  29  0
-78  -36  16  0
77  -72  -93  0
25  6  95  0
-56  -2  21  0
26  -11  -18  0
-2  -27  -57  0
-53  75  99  0
29  74  -94  0
63  71  1  0
-86  -92  -40  0
57  -32  65  0
59  23  -85  0
64  92  81  0
15  -87  -63  0
-97  -42  98  0
58  -29  97  0
-88  77  -89  0
-47  -72  -59  0
-70  8  83  0
-12  13  87  0
23  -88  -58  0
29  -33  -42  0
-83  73  97  0
49  -9  4  0
45  -5  4  0
-37  17  -57  0
2  9  -86  0
-62  -60  -82  0
-71  12  -65  0
99  56  70  0
-65  -79  -51  0
83  26  -71  0
61  -98  -28  0
-84  51  16  0
-2  89  -1  0
84  -22  94  0
12  54  69  0
31  -12  47  0
-46  -98  50  0
-40  -52  91  0
-16  -60  -39  0
55  -9  72  0
-61  -17  47  0
99  -79  87  0
-93  3  77  0
13  68  -65  0
71  -51  29  0
-21  50  -71  0
-46  -26  -10  0
13  -40  -31  0
-81  -99  -34  0
-42  -77  94  0
-5  90  -72  0
55  3  -17  0
100  -78  -39  0
-66  -11  -74  0
-80  41  -2  0
56  20  -96  0
-91  37  -87  0
-36  -65  59  0
-14  -89  -75  0
-68  98  -11  0
-11  70  -92  0
9  -90  49  0
31  26  -6  0
52  20  -50  0
18  53  -22  0
-63  49  -67  0
66  4  6  0
37  82  47  0
39  -69  4  0
-76  -66  -39  0
59  76  -10  0
-70  75  -63  0
32  67  41  0
48  85  -82  0
-89  11  74  0
-85  -15  -10  0
-16  88  45  0
93  -14  38  0
39  -80  -88  0
92  -88  -83  0
62  -90  -57  0
-6  85  -30  0
-48  12  24  0
-27  -99  58  0
83  -35  96  0
-11  -70  -32  0
60  72  -97  0
23  20  -4  0
-5  72  -41  0
-37  -24  -14  0
36  -51  -82  0
-46  -58  39  0
-72  -27  69  0
-33  16  29  0
53  27  8  0
92  77  -70  0
-49  -60  -72  0
96  -44  -75  0
-44  52  17  0
-59  42  74  0
-40  64  60  0
65  2  41  0
-29  -84  -5  0
-60  -63  -84  0
-89  -60  61  0
93  41  37  0
-41  42  28  0
-46  -99  83  0
-10  31  81  0
-99  21  -7  0
-32  84  10  0
-83  -59  77  0
57  98  -77  0
-44  -86  -84  0
56  -78  -52  0
-78  98  -40  0
-14  -79  -98  0
100  -14  11  0
30  -78  -24  0
-16  57  -70  0
24  55  75  0
17  -58  -79  0
-51  41  -99  0
-12  93  -18  0
52  -63  -15  0
23  8  86  0
10  65  1  0
100  -46  -61  0
7  -27  59  0
4  91  -56  0
7  -52  -50  0
18  70  22  0
-17  9  49  0
-43  59  -31  0
4  -98  26  0
-25  -35  55  0
-9  82  -90  0
100  25  -90  0
66  53  -28  0
57  -6  41  0
29  -1  -32  0
-12  41  -75  0
-19  75  -78  0
-59  24  -58  0
-90  -32  -21  0
88  38  -4  0
43  -6  68  0
100  85  38  0
-18  -65  56  0
-90  -53  86  0
71  34  -18  0
-63  -70  30  0
63  49  -74  0
47  69  -3  0
-90  37  96  0
-44  45  -47  0
-68  14  20  0
-23  88  82  0
-35  -5  21  0
9  -26  -42  0
48  11  -62  0
55  66  38  0
97  72  16  0
56  -91  -54  0
33  -97  -92  0
-49  -76  -94  0
-75  90  -3  0
-27  97  31  0
-73  96  -13  0
21  54  39  0
-79  88  -1  0
-79  40  54  0
-75  -15  4  0
-52  100  -64  0
2  -92  63  0
-74  90  31  0
-82  31  -7  0
-95  -70  -85  0
-34  -61  -90  0
-74  80  -65  0
-33  -47  46  0
-98  -16  64  0
36  49  -100  0
77  80  -16  0
30  89  92  0
11  -16  19  0
11  85  82  0
-47  -82  -1  0
17  -93  99  0
-49  -62  -22  0
22  -60  5  0
55  -99  49  0
-30  44  36  0
-84  10  -90  0
36  12  -65  0
99  -22  -12  0
-32  42  -8  0
-69  12  -42  0
34  16  72  0
42  80  -1  0
-27  -49  -74  0
34  -14  -81  0
67  -97  -16  0
54  -51  -60  0
-5  56  23  0
-77  -52  -21  0
70  -4  -41  0
90  -80  39  0
95  25  -54  0
47  -95  -51  0
57  38  -80  0
-78  -54  58  0
55  11  -73  0
-74  3  -9  0
94  -77  -13  0
58  -94  -20  0
-87  19  -94  0
-76  -7  61  0
