c mkcnf random cnf with seed 44452, max clause length 3
c FORCED SATISFIABLE
c 
p cnf 100  430
-31  69  97  0
-67  -50  -11  0
65  -7  -84  0
48  85  -39  0
-47  -41  -54  0
-72  85  90  0
-54  -87  -13  0
28  69  59  0
-71  -27  34  0
90  19  -17  0
-62  14  5  0
79  60  73  0
-17  -11  36  0
-71  78  35  0
-49  -36  77  0
26  60  -38  0
10  29  38  0
-53  -96  37  0
4  54  -46  0
-22  -82  -80  0
-18  -84  -37  0
-62  -37  89  0
-29  -13  -85  0
32  13  -89  0
29  -95  -52  0
98  -56  9  0
90  70  -35  0
-38  -48  12  0
34  98  92  0
-6  25  -37  0
-69  12  21  0
-13  -82  44  0
71  -76  -54  0
100  -78  -59  0
-62  -70  -84  0
-56  -30  -99  0
-99  -35  -49  0
-4  37  -2  0
-41  77  -69  0
21  36  -88  0
86  -57  -6  0
-80  14  -61  0
34  -57  -95  0
-41  -69  -90  0
49  59  90  0
80  86  30  0
28  46  60  0
89  -25  59  0
35  -19  46  0
-85  -32  -71  0
-85  78  -15  0
-95  -60  -47  0
-3  95  44  0
-51  45  -8  0
-12  -11  61  0
-11  -72  53  0
-14  30  46  0
68  47  28  0
-64  82  94  0
22  -55  -19  0
90  -42  10  0
66  -99  37  0
99  89  79  0
-65  -2  -98  0
32  79  13  0
26  58  20  0
-68  20  87  0
87  -42  -46  0
56  18  -66  0
27  -12  2  0
-11  -19  -73  0
37  -57  -7  0
-14  12  -99  0
-27  23  70  0
-93  53  -83  0
-66  -65  -23  0
-49  64  61  0
78  -42  -85  0
23  -99  78  0
45  -98  35  0
34  -90  32  0
55  -75  -29  0
74  -41  -90  0
86  -96  97  0
15  31  99  0
85  89  82  0
-54  60  9  0
37  -46  74  0
99  -9  26  0
-13  65  83  0
-76  63  -46  0
3  19  -29  0
-3  -89  -20  0
-75  -29  56  0
-64  -67  -45  0
85  90  65  0
84  23  16  0
64  -52  67  0
-40  -39  37  0
24  34  -6  0
93  37  86  0
68  -88  -42  0
11  79  -49  0
62  74  -77  0
57  6  22  0
39  86  -69  0
-56  42  62  0
-100  53  78  0
-36  -93  70  0
-63  27  97  0
58  -77  -41  0
-31  -55  75  0
-77  3  89  0
43  -46  -1  0
-22  -46  30  0
19  -97  79  0
-24  -31  -40  0
7  15  -51  0
72  9  -46  0
-17  -98  -68  0
52  96  8  0
87  33  -55  0
58  -81  4  0
83  72  -14  0
-1  67  -97  0
-85  60  -30  0
-22  46  -38  0
-72  -46  -56  0
49  -93  -56  0
23  59  39  0
43  -88  -37  0
86  40  10  0
31  82  -94  0
-5  -1  81  0
-77  96  -34  0
-27  -79  89  0
-94  -50  100  0
-39  -11  61  0
96  88  69  0
-32  55  -88  0
80  85  77  0
-5  -86  54  0
-48  -47  33  0
-44  15  71  0
-33  79  9  0
71  29  22  0
-42  -74  87  0
79  -64  85  0
98  14  28  0
31  -32  -14  0
4  57  100  0
-15  -99  -55  0
-96  -18  -14  0
-23  97  73  0
63  32  -65  0
95  -62  -50  0
-95  38  -16  0
-43  66  -83  0
62  76  -74  0
30  -71  -61  0
-89  21  80  0
28  -55  69  0
-69  -48  -85  0
59  33  -82  0
10  82  92  0
-17  -48  16  0
47  67  -68  0
69  72  38  0
79  -12  -81  0
-29  -22  12  0
-29  51  56  0
4  63  -88  0
-60  88  -64  0
-83  9  75  0
-46  22  -38  0
55  52  20  0
-12  9  -6  0
86  -94  87  0
-64  -37  65  0
-45  -51  -74  0
57  55  93  0
-43  -5  97  0
36  -56  15  0
96  50  -18  0
-82  61  -96  0
-11  -67  -19  0
-56  -18  -55  0
54  -39  12  0
54  -97  85  0
13  84  -83  0
30  -98  92  0
89  -28  96  0
-56  -71  19  0
-85  -49  87  0
-30  -44  48  0
87  -93  -60  0
53  -31  -39  0
-2  94  -51  0
-11  71  -40  0
-51  -45  -63  0
-15  44  42  0
41  -81  6  0
-82  -75  100  0
38  -57  36  0
-35  -7  3  0
12  -38  28  0
23  68  87  0
17  -88  80  0
59  51  77  0
46  2  -68  0
-19  99  -66  0
-71  11  94  0
-82  44  85  0
62  -66  100  0
-80  28  -26  0
60  93  49  0
-100  19  -26  0
45  -93  -15  0
-46  -82  -37  0
-85  34  -77  0
35  19  -43  0
-80  36  -66  0
-30  -32  -46  0
84  -75  25  0
83  64  60  0
-10  -63  62  0
-35  67  -41  0
-77  -91  15  0
-41  -11  -24  0
8  100  -62  0
-40  -85  -70  0
24  72  -16  0
-39  -64  -96  0
67  -93  -97  0
-57  -19  45  0
-100  71  83  0
92  9  -79  0
-91  -51  87  0
98  17  69  0
-66  -79  -23  0
-96  -3  9  0
60  10  19  0
-78  56  -81  0
-100  18  -80  0
-66  -96  33  0
100  67  -93  0
81  -9  51  0
-12  -41  51  0
69  -87  -61  0
-14  -73  19  0
10  -41  75  0
15  -88  -72  0
-10  -61  42  0
72  13  -93  0
-47  58  53  0
-4  -45  52  0
-3  80  -21  0
-47  -31  57  0
-93  -6  -75  0
-36  -21  -12  0
20  -2  -57  0
-36  22  8  0
12  -11  -80  0
51  2  56  0
-6  -44  -76  0
40  -20  -73  0
-90  -82  -32  0
-40  -49  -59  0
64  -36  -91  0
32  44  -68  0
-14  67  25  0
30  -43  -12  0
-79  77  -57  0
-37  31  73  0
-100  -33  -47  0
-32  61  27  0
-43  -20  -53  0
-25  32  -60  0
82  -26  74  0
64  -69  89  0
75  78  -52  0
73  63  -98  0
-67  -100  -4  0
100  -22  -81  0
72  30  -7  0
27  -19  -49  0
27  -66  52  0
60  -92  -1  0
-67  -53  -89  0
-24  85  -27  0
-14  58  -39  0
46  -34  42  0
-28  3  23  0
-41  -74  -34  0
95  82  92  0
-26  -51  49  0
-92  -19  3  0
78  -37  57  0
39  85  94  0
-24  -62  -39  0
34  -97  100  0
-6  -3  -29  0
10  -21  56  0
-14  -89  -53  0
45  64  52  0
-15  57  60  0
23  88  -91  0
72  28  21  0
50  -60  -10  0
67  83  -29  0
53  -43  80  0
-16  -1  -54  0
-63  -76  -15  0
-69  19  61  0
53  80  39  0
36  -67  -75  0
55  -89  67  0
82  -47  1  0
36  84  -9  0
89  -37  -2  0
-95  88  41  0
-28  50  -13  0
53  28  -79  0
-75  -37  50  0
-42  90  83  0
11  -77  74  0
-85  91  -27  0
-59  46  -72  0
95  90  -41  0
-86  40  -55  0
-9  -88  96  0
52  59  -50  0
-70  -56  -9  0
-53  77  -55  0
-41  22  -67  0
56  -29  20  0
-87  -51  15  0
2  68  -6  0
-24  85  -26  0
13  31  -72  0
-96  87  7  0
-73  -63  64  0
87  91  40  0
-81  11  -79  0
-66  78  -68  0
81  -85  79  0
-71  89  74  0
11  -74  48  0
3  61  -77  0
45  -47  38  0
-59  -32  -30  0
61  54  -59  0
-99  -95  -69  0
-13  -7  75  0
85  -98  -36  0
12  -31  82  0
-47  34  16  0
-89  30  -24  0
-93  54  -25  0
-92  93  -60  0
-2  84  -96  0
-5  37  19  0
-15  -96  88  0
25  -56  30  0
-38  -9  43  0
-15  -58  97  0
-10  -61  -63  0
-77  -97  -62  0
-82  -95  15  0
84  37  19  0
-86  -70  -15  0
37  61  30  0
-19  -47  23  0
36  -81  72  0
29  -24  -36  0
47  -53  49  0
-5  -49  -17  0
99  -51  29  0
92  86  -10  0
84  86  -52  0
1  42  -46  0
10  73  86  0
-64  -37  79  0
-72  43  9  0
-19  79  -87  0
-4  11  34  0
50  53  79  0
-22  88  -74  0
-8  -55  64  0
51  -47  -54  0
85  93  19  0
91  55  -56  0
93  -84  -53  0
-24  -11  -13  0
-58  40  64  0
-58  -75  -12  0
-28  64  -98  0
29  39  -7  0
-99  24  -85  0
-81  25  34  0
81  -20  18  0
88  52  -55  0
-49  -90  -52  0
48  65  -32  0
84  -14  85  0
12  27  -92  0
-92  -20  -34  0
27  62  -57  0
5  -41  -69  0
-17  -95  26  0
33  -66  42  0
-82  -50  -100  0
-30  80  -11  0
95  -28  58  0
-39  48  4  0
-79  -34  -73  0
-94  9  -64  0
-44  -39  -94  0
-17  -26  -97  0
85  13  23  0
84  50  -89  0
52  -19  -11  0
-84  52  57  0
-66  17  -41  0
-5  7  -93  0
-95  -49  81  0
10  42  -91  0
95  -72  -52  0
96  -16  84  0
69  -70  49  0
