c mkcnf random cnf with seed 44438, max clause length 3
c FORCED SATISFIABLE
c 
p cnf 100  430
-21  35  -14  0
-33  -30  -18  0
-5  -19  25  0
-75  -88  -36  0
-66  83  -13  0
-18  -51  31  0
88  43  -12  0
90  -77  98  0
-4  -89  -36  0
-62  60  -2  0
-1  -64  65  0
-25  -96  18  0
-37  -25  -68  0
-99  54  47  0
-36  56  -5  0
-94  86  -92  0
-46  42  50  0
32  -49  -19  0
7  84  -45  0
10  2  -62  0
-18  -21  81  0
31  90  36  0
15  46  -17  0
27  52  -25  0
-98  -49  81  0
-29  -37  -87  0
36  -11  45  0
-38  85  -82  0
-12  60  -1  0
-67  -36  56  0
78  -37  -62  0
-71  -80  41  0
14  -39  1  0
-99  28  -46  0
-37  73  -4  0
70  75  -40  0
79  -15  60  0
57  -15  95  0
61  -62  26  0
-88  28  80  0
93  -42  35  0
-18  53  -94  0
63  -87  -9  0
-58  93  34  0
-91  -100  83  0
-97  41  28  0
-60  -92  75  0
-55  -66  33  0
17  -93  18  0
-65  5  6  0
-39  91  98  0
89  -61  -82  0
16  28  7  0
-58  45  50  0
-4  55  25  0
-10  -38  -43  0
5  61  18  0
24  -66  67  0
-72  96  9  0
70  31  51  0
-81  -9  29  0
-97  58  -34  0
-75  -2  -50  0
-13  78  42  0
-62  -60  90  0
-19  -89  75  0
64  -93  34  0
-83  -46  -8  0
-95  39  40  0
6  26  -55  0
-46  44  -53  0
-82  -58  -20  0
19  -20  89  0
-35  -23  77  0
84  35  69  0
-32  -69  -17  0
-63  8  86  0
80  63  72  0
93  51  -17  0
94  -69  -4  0
-59  -88  81  0
36  -47  98  0
29  74  11  0
-32  94  -85  0
21  -73  44  0
-49  -50  61  0
-41  -81  1  0
-67  -32  -20  0
-23  10  -47  0
91  -6  19  0
91  24  -81  0
70  -100  -14  0
-12  -98  -93  0
-98  88  -8  0
-45  -43  -72  0
-84  80  -82  0
-26  85  83  0
-73  68  -48  0
51  24  75  0
-21  13  99  0
-53  63  35  0
-17  -70  5  0
61  -47  -80  0
-35  61  38  0
-17  55  -27  0
-89  -19  -45  0
88  -80  -23  0
-9  17  -62  0
75  -59  -81  0
-79  21  -48  0
-11  -60  45  0
-57  20  64  0
78  -91  -15  0
11  -84  41  0
-46  43  67  0
39  -76  59  0
53  94  4  0
-98  60  -63  0
15  82  92  0
-10  -45  -13  0
10  9  -92  0
-3  60  15  0
-25  -84  -51  0
75  61  51  0
4  23  99  0
93  19  34  0
-38  56  -97  0
67  11  24  0
94  -81  -31  0
3  -37  -23  0
80  -53  -11  0
31  -10  -79  0
-51  22  -82  0
96  -29  -89  0
72  -63  -94  0
56  89  21  0
22  -6  30  0
27  17  48  0
24  -43  79  0
-33  -92  36  0
-85  86  -34  0
-76  79  -7  0
87  24  -58  0
-74  -7  -15  0
5  25  70  0
78  89  -51  0
-58  -32  -22  0
-27  60  -88  0
-19  61  41  0
16  88  -96  0
-97  -71  65  0
8  -72  -78  0
-37  -59  -96  0
23  27  30  0
45  -53  -85  0
61  59  50  0
51  33  -11  0
73  -96  -38  0
-4  -10  -95  0
-32  96  78  0
80  -74  -83  0
-78  17  -64  0
6  10  -90  0
-32  95  -70  0
-62  -96  -12  0
-55  25  -82  0
-60  -91  94  0
-6  -8  91  0
-72  7  18  0
57  83  26  0
47  -99  -15  0
-52  61  -83  0
79  88  80  0
53  43  -60  0
-7  5  -36  0
90  -92  27  0
12  82  8  0
-7  -96  -74  0
-93  -77  89  0
15  -73  -16  0
9  58  76  0
-88  12  -5  0
56  14  96  0
-25  -36  71  0
92  46  52  0
74  -56  34  0
-49  -12  -9  0
-70  97  -83  0
-10  20  -34  0
14  -74  -18  0
-73  54  90  0
-44  -14  -39  0
-11  99  47  0
-39  48  50  0
-61  -8  -87  0
69  -6  -4  0
89  -93  -76  0
-20  89  38  0
-2  49  -52  0
86  -77  96  0
65  -3  47  0
18  27  16  0
-40  -21  15  0
-83  59  -57  0
37  -93  -79  0
-47  -100  -73  0
-86  -97  61  0
-23  -58  51  0
94  7  69  0
63  35  20  0
7  -86  -52  0
-58  -42  -40  0
44  21  -36  0
29  -90  7  0
60  2  -12  0
65  15  -61  0
-79  -46  -77  0
11  -53  -73  0
-57  54  -11  0
89  82  36  0
60  75  32  0
8  -34  56  0
-15  -74  -85  0
-68  -47  -70  0
49  -73  -12  0
-29  10  -12  0
70  44  23  0
-8  -94  -15  0
28  -41  53  0
-95  -11  -17  0
-7  13  -58  0
-89  -96  -44  0
-49  -100  -75  0
88  69  -3  0
19  -26  59  0
59  -82  -17  0
-92  18  -79  0
19  -64  92  0
80  4  -35  0
-45  -72  82  0
-61  98  -4  0
-30  16  -46  0
50  65  88  0
86  -61  55  0
-55  -4  -83  0
-36  -22  -23  0
-77  34  -53  0
-96  28  55  0
-9  -82  37  0
28  8  -14  0
-72  43  -88  0
82  -9  93  0
-23  67  -61  0
-93  -29  57  0
-18  99  68  0
50  -8  -67  0
-9  -60  1  0
-1  -23  -40  0
35  34  54  0
-43  98  -48  0
-65  -67  58  0
40  63  64  0
63  -32  -46  0
64  10  81  0
90  -4  72  0
-66  28  -8  0
87  78  61  0
96  -68  -76  0
95  -65  -48  0
-44  -54  43  0
-62  -85  71  0
-74  -3  95  0
76  -70  -14  0
-45  -24  87  0
-31  55  -20  0
-90  19  -27  0
-17  46  -72  0
-9  96  -76  0
67  -40  -98  0
-86  -23  99  0
-38  18  45  0
-15  70  -51  0
-17  -56  -26  0
-10  -12  -100  0
-52  8  22  0
19  98  -67  0
-38  -69  -77  0
9  54  -65  0
11  -68  -24  0
-30  1  -59  0
56  60  -40  0
-2  -41  31  0
41  -67  87  0
50  -79  -42  0
-80  31  -23  0
31  -47  45  0
-100  -44  66  0
-46  82  -50  0
1  31  21  0
-81  85  -98  0
70  -2  30  0
21  28  -38  0
79  82  17  0
-24  -43  -14  0
38  64  -96  0
56  -39  47  0
-91  92  -4  0
97  96  53  0
-25  -61  -23  0
-95  16  -5  0
29  -76  40  0
60  15  46  0
-2  80  90  0
-49  6  35  0
92  -40  84  0
82  97  -6  0
-81  -96  85  0
-75  -14  24  0
-8  65  11  0
87  -47  -5  0
28  38  81  0
-60  -75  68  0
-82  -64  77  0
-92  -23  -60  0
-67  -57  47  0
-5  98  -96  0
-5  -68  -93  0
-35  -42  -24  0
29  98  14  0
38  67  83  0
-94  20  54  0
57  -19  -11  0
-33  68  -24  0
4  79  -49  0
29  -59  18  0
48  53  -39  0
22  -73  81  0
85  -15  -2  0
-59  4  30  0
76  60  68  0
77  -62  92  0
-62  12  9  0
41  -78  -50  0
76  -82  84  0
73  43  -86  0
66  51  2  0
-32  50  84  0
43  -6  18  0
-81  91  93  0
-61  50  -22  0
87  -30  76  0
-9  -31  -55  0
-72  80  26  0
12  -7  99  0
-5  78  44  0
-5  -12  -36  0
-46  17  32  0
-3  1  12  0
-62  -19  -30  0
-65  40  29  0
86  -51  -34  0
-87  -46  -80  0
55  -27  -10  0
-55  -24  -29  0
13  -84  22  0
44  -79  -61  0
22  67  -44  0
-86  66  -4  0
85  -67  -86  0
85  64  -67  0
21  -53  -37  0
23  -88  68  0
-72  79  41  0
61  28  -67  0
93  -89  -69  0
-80  99  32  0
-65  -26  -92  0
-35  27  -70  0
64  74  -95  0
-65  -76  44  0
-8  -31  88  0
-47  -94  -8  0
-71  -55  -34  0
-49  100  -94  0
2  75  -77  0
95  -6  -68  0
-94  -84  -6  0
-57  15  29  0
-74  -9  -85  0
95  41  57  0
-6  -48  57  0
-85  7  10  0
12  82  -29  0
6  -61  -75  0
-76  -80  -66  0
-36  81  17  0
13  3  65  0
38  54  98  0
83  71  -46  0
91  23  -30  0
82  81  -47  0
93  -56  42  0
-59  41  38  0
-38  51  84  0
86  74  -8  0
4  -7  42  0
71  59  -50  0
33  1  56  0
48  57  62  0
-11  39  -14  0
-78  -100  89  0
34  -75  -98  0
78  -76  -26  0
1  79  33  0
-82  -16  45  0
-96  -100  -3  0
-87  24  -48  0
58  -20  -80  0
1  95  -8  0
61  39  -9  0
-98  -90  91  0
2  93  100  0
-6  24  22  0
77  -10  -79  0
3  -84  -71  0
-68  -18  -71  0
45  97  6  0
96  -62  -85  0
74  -44  18  0
-51  58  -42  0
