c mkcnf random cnf with seed 44463, max clause length 3
c FORCED SATISFIABLE
c 
p cnf 100  430
46  -67  11  0
71  -82  72  0
85  -32  28  0
87  -35  -4  0
-34  68  -31  0
-48  -55  65  0
52  -45  42  0
-8  68  -33  0
-88  -65  95  0
-93  -26  91  0
-37  -81  -78  0
-70  -73  -7  0
47  90  50  0
-98  -32  -5  0
-64  -6  11  0
-91  63  -83  0
-84  -90  -64  0
-7  -38  5  0
40  -22  -92  0
96  49  59  0
-54  8  -60  0
-20  11  -16  0
28  -23  -55  0
2  95  5  0
85  5  37  0
-22  23  -86  0
6  17  51  0
15  43  -93  0
64  78  21  0
-13  67  -52  0
-69  -65  32  0
31  -80  67  0
-65  -85  -13  0
15  -8  -25  0
68  -61  -13  0
-82  67  88  0
26  -99  -94  0
-96  99  -21  0
-32  -16  -45  0
-36  58  -100  0
34  -16  81  0
-87  34  -70  0
-3  97  -68  0
-13  97  81  0
-100  83  88  0
-73  -40  54  0
-43  74  37  0
46  26  -93  0
9  38  20  0
35  -30  -19  0
-31  -17  75  0
-64  40  -58  0
-64  25  71  0
-8  -15  -86  0
-70  -32  88  0
70  91  45  0
-70  -23  -20  0
77  -58  27  0
79  -97  -61  0
-57  4  16  0
4  -98  -55  0
-67  57  70  0
32  66  -78  0
92  42  -84  0
-93  -73  -42  0
-72  20  -23  0
-41  -57  53  0
1  -73  -81  0
-60  -95  21  0
-17  53  66  0
-42  -86  75  0
-25  -75  22  0
-14  86  -69  0
-4  42  -33  0
-5  -22  -20  0
-73  7  58  0
78  -59  -39  0
-41  -83  -79  0
54  40  79  0
9  77  -3  0
-23  39  -35  0
91  -25  59  0
83  66  35  0
77  34  60  0
84  -36  -75  0
-41  51  42  0
28  -8  -5  0
-95  -70  11  0
-65  60  -22  0
70  55  -99  0
97  76  74  0
-26  -13  -49  0
-5  29  -62  0
90  -2  14  0
-84  -40  73  0
-14  83  -55  0
96  53  -16  0
18  -77  22  0
60  66  -91  0
56  98  7  0
81  -77  27  0
22  -100  95  0
-71  57  -60  0
-23  18  -42  0
83  -29  45  0
8  -77  -98  0
-21  47  75  0
-34  -38  -32  0
12  59  -60  0
-9  -56  -17  0
-49  97  -45  0
-49  6  -19  0
-83  13  8  0
-79  42  -48  0
-52  53  -93  0
16  77  6  0
-25  77  -51  0
-93  -26  68  0
-79  -49  22  0
-35  -74  -60  0
85  -15  -37  0
68  53  -92  0
-55  -17  -76  0
55  48  -97  0
-72  -14  57  0
54  90  79  0
16  -56  21  0
-15  71  -77  0
-35  84  -15  0
39  -79  49  0
-76  79  -44  0
18  70  -53  0
-48  63  -35  0
74  -18  -15  0
-91  45  -29  0
75  42  -9  0
33  56  -9  0
79  -20  10  0
45  39  20  0
10  -17  -61  0
20  -3  -28  0
50  85  -18  0
-38  32  -58  0
66  -3  -81  0
27  63  -71  0
-14  6  -37  0
21  -58  51  0
-27  -44  -7  0
79  42  -43  0
-78  -31  -32  0
-82  -59  -87  0
-29  -41  53  0
3  -63  -100  0
-86  -36  83  0
-96  23  81  0
-27  -3  80  0
29  -8  1  0
-9  92  32  0
-96  98  54  0
97  -90  -25  0
17  -90  -62  0
52  26  -84  0
-78  12  87  0
30  25  8  0
-81  80  51  0
58  -16  -70  0
20  -44  19  0
-96  61  31  0
-50  -36  45  0
-96  43  -22  0
-86  -63  -14  0
90  2  -74  0
-64  43  32  0
6  60  -73  0
-56  -16  100  0
-66  67  -8  0
-36  -28  92  0
48  28  -50  0
30  -55  -71  0
11  99  -63  0
-18  -36  41  0
37  32  -52  0
-89  30  39  0
-89  -88  -81  0
-55  80  82  0
-14  82  -68  0
28  93  -4  0
42  -94  -28  0
-90  -9  41  0
91  10  -39  0
-81  -12  -70  0
91  -1  -10  0
-55  76  -61  0
-86  -88  -57  0
90  6  44  0
-31  -96  -62  0
39  -37  -12  0
-7  94  48  0
-64  4  91  0
27  -36  -42  0
-35  -72  -95  0
-93  56  -62  0
-29  -65  3  0
85  39  49  0
-56  -63  13  0
-18  21  -80  0
43  40  -70  0
89  -81  66  0
-9  52  69  0
33  24  36  0
-66  -61  78  0
-49  70  -31  0
-34  -44  36  0
-34  95  -100  0
74  -36  -69  0
47  13  61  0
77  -41  -82  0
-61  -35  7  0
92  32  -11  0
7  -38  9  0
79  -86  -30  0
99  74  -22  0
-66  -17  -56  0
-23  -70  85  0
87  -94  5  0
-29  46  -60  0
-9  76  -3  0
10  54  -6  0
36  -49  -72  0
-78  93  -47  0
-49  -14  -79  0
-47  -42  99  0
-17  -46  -51  0
27  56  -44  0
-37  -6  -76  0
92  7  -39  0
-88  42  79  0
-95  -65  -78  0
-39  -81  -93  0
33  -10  -23  0
-96  -51  2  0
-69  -76  50  0
-90  -28  40  0
-93  -61  94  0
-15  11  -2  0
80  24  97  0
43  -52  -74  0
-93  -15  7  0
68  66  -11  0
43  -5  -42  0
22  -86  -89  0
-29  -98  -55  0
70  -91  50  0
68  34  -84  0
22  -86  60  0
-35  100  -92  0
38  -36  73  0
81  18  95  0
-96  -43  3  0
88  -60  -22  0
20  -33  61  0
-71  33  -37  0
-45  7  -66  0
58  -16  -31  0
30  95  -88  0
72  -97  -83  0
96  -97  16  0
60  69  65  0
38  37  -54  0
66  -44  85  0
-16  -91  -73  0
79  -15  -24  0
74  97  -36  0
-100  -93  -11  0
71  -7  -23  0
25  -64  13  0
75  -44  -18  0
-49  -51  94  0
-66  75  -25  0
37  50  -45  0
46  5  -66  0
46  65  37  0
-52  12  -33  0
-41  -49  84  0
15  -22  -77  0
-58  44  -21  0
30  -21  -56  0
44  24  -43  0
40  -99  76  0
77  -49  28  0
96  -22  -32  0
-30  18  13  0
-43  -53  -82  0
18  -90  82  0
-5  -13  40  0
33  -14  -24  0
-57  12  -97  0
-94  92  26  0
-17  -29  88  0
33  71  -72  0
-10  -89  33  0
9  -58  86  0
24  -73  25  0
8  86  44  0
-76  31  42  0
90  23  -12  0
-99  -59  -62  0
-56  18  44  0
99  48  6  0
28  -74  17  0
9  -87  -7  0
5  84  -6  0
-33  -82  -84  0
-80  -8  42  0
50  27  65  0
-26  -58  -37  0
-72  88  -24  0
10  -8  -35  0
-90  -8  -30  0
-12  -100  -41  0
-77  30  64  0
-21  45  -92  0
-13  -92  -73  0
-45  -62  22  0
-67  -89  50  0
11  -32  97  0
-47  -82  64  0
-28  81  41  0
-20  -84  -37  0
-61  -7  44  0
56  77  -51  0
-65  -27  -2  0
98  51  12  0
1  77  -11  0
73  -42  16  0
-13  24  59  0
51  -74  -83  0
-43  -64  -11  0
-90  100  94  0
6  -35  25  0
100  -61  56  0
62  -64  97  0
-14  -71  24  0
48  -83  -94  0
49  -16  63  0
-91  -7  50  0
-4  -17  6  0
52  -98  -8  0
-3  45  -72  0
-65  -70  -39  0
-99  4  27  0
94  -44  98  0
-82  -34  -95  0
-72  -43  67  0
3  11  -90  0
-80  -9  93  0
58  93  -10  0
-10  -48  73  0
-60  47  17  0
14  -88  -47  0
54  -81  32  0
-3  11  -32  0
32  -1  -3  0
100  -1  88  0
85  -74  4  0
15  57  74  0
24  -54  34  0
30  4  22  0
16  49  -5  0
-51  3  -7  0
72  -63  64  0
-50  14  3  0
5  -71  -10  0
31  -34  -92  0
-16  19  96  0
-93  88  -75  0
74  53  -77  0
-40  -86  93  0
97  -5  42  0
-22  8  31  0
90  -12  -16  0
96  4  -66  0
-21  6  28  0
97  34  25  0
69  -20  -60  0
-76  59  -88  0
95  8  -49  0
-67  -3  -99  0
42  58  -29  0
89  82  84  0
16  -67  20  0
-79  93  53  0
-42  -95  2  0
22  -39  99  0
97  80  47  0
-75  -99  66  0
39  -72  84  0
-16  48  -74  0
-43  -61  47  0
-13  57  -17  0
-64  67  -43  0
-32  -86  -71  0
-85  2  54  0
23  -7  54  0
95  -86  57  0
-87  78  -18  0
37  31  73  0
51  -37  -15  0
9  47  -46  0
17  90  -21  0
-6  -83  97  0
98  71  -40  0
-38  -42  -28  0
43  15  -79  0
-13  -55  -65  0
50  -56  -86  0
-38  -96  -26  0
28  -86  93  0
-41  -89  37  0
-55  -47  -61  0
4  -89  67  0
-97  -66  63  0
-40  37  44  0
-11  -77  -43  0
-94  47  -58  0
68  -18  65  0
52  -39  68  0
-20  -5  39  0
43  75  76  0
67  -49  65  0
