c mkcnf random cnf with seed 44461, max clause length 3
c FORCED SATISFIABLE
c 
p cnf 100  430
16  76  100  0
-42  18  87  0
95  25  -62  0
17  -35  66  0
-60  33  84  0
97  -17  -15  0
21  29  78  0
58  85  -16  0
37  11  -82  0
-23  -40  -57  0
-9  -79  -19  0
82  37  -60  0
35  -100  -95  0
-25  -75  71  0
69  -80  -82  0
19  -88  -71  0
9  48  36  0
-49  77  12  0
-37  89  59  0
17  -51  -87  0
-2  -83  41  0
-19  -62  -40  0
-62  -11  -12  0
15  -16  -33  0
82  -85  98  0
47  3  -6  0
58  -63  14  0
49  -94  27  0
20  76  57  0
-73  62  -32  0
-65  33  86  0
-69  -77  -94  0
-36  32  -84  0
-94  86  -18  0
49  -22  -83  0
-77  -85  -69  0
82  -90  -79  0
-28  -26  -62  0
-29  -80  7  0
-72  4  -67  0
-6  -22  -65  0
68  -2  -39  0
-81  -37  -48  0
-28  23  70  0
-87  97  -47  0
-6  -24  35  0
-26  44  73  0
64  -37  84  0
-4  24  55  0
84  -96  85  0
30  77  -42  0
29  77  76  0
-44  12  -60  0
-11  -2  92  0
-44  -59  55  0
-69  90  79  0
88  67  -94  0
-98  -27  -16  0
4  -83  89  0
-12  40  -44  0
68  -20  -1  0
21  -42  -39  0
97  58  -2  0
88  49  -63  0
76  88  87  0
-89  99  5  0
69  -98  -32  0
92  84  -95  0
72  89  19  0
-63  99  -18  0
37  17  28  0
-55  -85  18  0
38  44  97  0
-40  1  -62  0
76  -24  -45  0
26  96  -50  0
12  -60  -89  0
80  -12  -73  0
-57  92  73  0
-85  -43  13  0
62  40  59  0
2  87  49  0
34  78  -39  0
-88  -73  98  0
-15  -80  63  0
52  -45  -28  0
-26  -15  -27  0
-89  31  43  0
33  -83  -68  0
10  -16  70  0
-61  -30  42  0
98  -92  -55  0
3  -27  -75  0
-87  -93  53  0
-28  48  3  0
-99  -60  -89  0
-43  16  -10  0
-10  -81  -21  0
41  -10  -57  0
-33  -98  -20  0
57  -17  -35  0
66  18  4  0
84  48  43  0
-91  39  26  0
91  -93  -52  0
-41  43  -56  0
26  37  28  0
-38  16  45  0
68  82  -45  0
-97  -55  -83  0
72  28  -13  0
66  8  -9  0
-8  25  -62  0
38  62  15  0
-98  -30  34  0
9  -1  -60  0
-53  -12  -93  0
41  60  -26  0
-27  94  16  0
22  72  -77  0
49  42  -25  0
-43  -70  49  0
81  59  -44  0
-53  79  68  0
3  -84  57  0
-31  -1  -85  0
-23  47  40  0
-82  -17  -1  0
21  42  -14  0
92  -73  5  0
30  96  -29  0
49  -84  19  0
-48  -39  -47  0
-58  -66  -64  0
-88  70  61  0
47  -65  45  0
-90  -31  -22  0
67  6  28  0
5  -15  -35  0
38  24  -7  0
-76  -11  9  0
-14  65  20  0
99  -58  47  0
-70  -22  -59  0
-71  79  -4  0
-60  66  -41  0
3  35  -29  0
11  79  21  0
-37  -83  -81  0
30  -48  51  0
-63  -88  -40  0
25  -39  -100  0
6  -16  13  0
-27  -99  -49  0
-65  -12  -2  0
-48  45  -67  0
75  52  90  0
68  -25  49  0
-89  -91  33  0
-42  21  -94  0
17  -75  -97  0
-59  58  -71  0
21  -67  15  0
35  -33  -70  0
-39  -97  79  0
25  -83  -10  0
82  40  -61  0
-99  97  -15  0
59  80  86  0
-49  54  -19  0
-58  47  78  0
63  73  99  0
99  -82  94  0
58  -56  -92  0
34  -61  1  0
-85  70  -65  0
-47  15  40  0
-29  -91  -53  0
-22  20  37  0
24  91  -56  0
73  24  41  0
92  58  86  0
46  -51  12  0
-72  -56  -13  0
-46  -35  59  0
-60  85  18  0
33  62  50  0
75  -1  72  0
96  -6  23  0
52  -25  -96  0
-7  -58  94  0
99  -90  19  0
70  -62  4  0
-82  -93  -71  0
-67  41  6  0
74  84  -89  0
-92  95  21  0
94  20  53  0
80  -3  6  0
-50  34  -78  0
63  30  -94  0
42  15  95  0
-2  41  -47  0
20  -30  65  0
73  23  -68  0
-5  79  25  0
87  -69  -49  0
-49  -34  -39  0
-55  17  96  0
19  96  84  0
-3  36  71  0
-51  -14  6  0
-73  -31  2  0
77  29  76  0
-26  14  -99  0
20  -47  -53  0
27  -8  -24  0
-51  -76  -21  0
-60  -12  46  0
48  22  -88  0
-35  28  80  0
96  -82  100  0
-16  -12  91  0
99  55  27  0
-43  -42  -85  0
20  2  6  0
12  15  29  0
-96  66  25  0
21  -22  43  0
-84  -61  -55  0
-19  -88  2  0
-3  -52  43  0
-94  -1  -47  0
73  -60  26  0
38  20  44  0
-68  90  64  0
-26  76  73  0
98  -70  13  0
74  -96  27  0
39  -20  -53  0
21  -39  100  0
2  91  18  0
71  98  5  0
8  23  -27  0
82  -55  97  0
73  -61  52  0
-47  37  -30  0
-9  -70  -89  0
22  89  -28  0
18  -46  -93  0
-46  -79  51  0
-87  -54  71  0
-70  -52  83  0
33  76  -28  0
32  -72  -62  0
59  -37  48  0
73  -31  83  0
7  -58  24  0
48  -45  -66  0
65  -5  42  0
-68  -25  -43  0
57  -98  43  0
79  65  84  0
-42  -44  24  0
-99  18  -28  0
75  -9  -45  0
-60  -84  47  0
-45  -23  90  0
-52  -62  -30  0
10  -74  49  0
-10  11  -81  0
-45  28  -29  0
50  26  44  0
46  -58  -33  0
69  -46  -54  0
-58  66  7  0
-71  53  86  0
-41  84  64  0
-96  55  -9  0
45  53  -26  0
-81  -47  -68  0
9  31  -69  0
-9  98  63  0
-44  -73  62  0
64  87  43  0
84  -47  -73  0
38  -17  26  0
-79  -28  -100  0
-31  -5  -76  0
87  95  -70  0
100  57  38  0
60  22  87  0
-53  36  -50  0
-82  96  -52  0
-90  -5  8  0
-67  -82  -30  0
67  -34  -61  0
60  80  21  0
-34  -96  -22  0
36  -96  14  0
50  -87  -38  0
-76  79  -22  0
20  39  54  0
7  -66  1  0
-16  22  90  0
54  83  -23  0
76  -71  -5  0
-93  -58  91  0
35  -84  29  0
-78  3  -73  0
-26  24  95  0
38  9  -90  0
-41  -17  93  0
-7  11  -65  0
60  80  100  0
55  -69  -12  0
-51  67  34  0
47  -17  -12  0
-2  -35  93  0
81  -4  58  0
74  -62  46  0
54  -32  38  0
58  -24  90  0
-99  9  66  0
-62  -40  -35  0
5  90  -12  0
-11  -95  76  0
-4  97  35  0
-64  -82  -84  0
-90  79  12  0
-60  -83  19  0
43  -24  -83  0
-5  61  46  0
-15  6  -98  0
-50  -1  43  0
15  -16  87  0
-98  85  65  0
38  -66  -48  0
92  -59  -35  0
-24  88  39  0
87  73  -16  0
-19  71  83  0
-96  79  30  0
8  -73  39  0
53  -62  12  0
-61  39  -14  0
16  83  -46  0
-21  27  66  0
-64  -48  32  0
33  -32  77  0
-57  -70  61  0
12  3  -34  0
-94  78  58  0
92  63  76  0
-55  98  86  0
-10  -6  -25  0
-99  -81  -42  0
21  -45  -87  0
-94  -63  52  0
-11  81  65  0
-40  11  82  0
12  -32  19  0
-54  -34  -89  0
-61  -59  -8  0
-8  9  -11  0
16  76  -15  0
-76  -15  -4  0
-59  -54  -26  0
-13  40  -81  0
-100  -44  -12  0
71  -4  -98  0
-94  -89  -41  0
-92  80  54  0
-89  -33  94  0
-25  90  -26  0
46  70  29  0
-39  60  32  0
9  13  -94  0
67  1  43  0
60  -14  71  0
62  -15  90  0
95  74  -85  0
78  -79  89  0
-52  22  -25  0
81  -25  89  0
58  -72  5  0
40  -57  18  0
-47  -43  24  0
-11  -81  69  0
-96  -53  41  0
16  -30  -89  0
59  -12  -25  0
-3  59  -25  0
94  47  30  0
52  -46  31  0
9  25  -14  0
49  -80  40  0
-15  -63  -66  0
-46  81  -14  0
-43  54  -66  0
-52  21  -72  0
-31  -97  75  0
-52  44  -28  0
55  52  29  0
80  -42  -20  0
96  76  89  0
-36  32  -86  0
-61  -76  33  0
-39  -62  -77  0
62  94  18  0
17  -96  -18  0
72  -2  -94  0
-19  100  27  0
-93  9  76  0
-45  -81  51  0
20  89  40  0
-14  83  28  0
9  -77  43  0
-50  -94  47  0
20  62  -53  0
6  -7  -62  0
61  97  39  0
55  -33  57  0
-67  -82  -50  0
-97  -55  -85  0
-37  -94  -80  0
38  58  3  0
-3  -33  -18  0
1  2  -100  0
88  -28  -74  0
