c mkcnf random cnf with seed 44425, max clause length 3
c FORCED SATISFIABLE
c 
p cnf 100  430
-75  47  88  0
45  -58  5  0
6  23  40  0
-95  -89  3  0
-84  97  92  0
-25  55  26  0
-43  -14  5  0
-69  85  35  0
65  15  4  0
37  26  -41  0
9  70  20  0
44  -38  -14  0
30  54  97  0
13  -50  -85  0
67  -53  11  0
-39  14  -32  0
-62  -69  -74  0
69  66  -53  0
-90  -64  98  0
-13  72  91  0
54  6  7  0
93  33  -55  0
-30  76  34  0
10  61  82  0
-69  23  -24  0
-89  -63  -41  0
-88  -47  91  0
84  -49  -90  0
-59  -91  80  0
11  -24  60  0
10  -81  -96  0
-42  96  65  0
84  38  -53  0
-5  -75  35  0
-54  -8  100  0
-23  87  86  0
-75  -44  95  0
3  -1  -62  0
-84  86  32  0
99  10  30  0
-21  32  58  0
-51  -35  43  0
52  40  -9  0
-48  22  34  0
-17  -55  75  0
92  -82  47  0
74  76  -48  0
21  -43  11  0
-48  -78  52  0
65  27  83  0
76  -17  -56  0
54  -11  -94  0
95  37  31  0
-4  49  -83  0
40  49  -27  0
-63  34  -50  0
-43  52  -16  0
87  -55  72  0
9  -42  45  0
-9  -50  33  0
64  66  -3  0
-99  -28  75  0
57  -8  93  0
82  -53  -50  0
57  92  11  0
-9  -10  1  0
-16  -34  -93  0
-44  -41  47  0
70  -15  -34  0
47  95  38  0
-30  20  51  0
13  26  66  0
-98  -78  27  0
74  9  -51  0
-23  -76  -3  0
66  69  22  0
-3  94  -32  0
36  48  -53  0
-5  87  20  0
54  -20  -36  0
-30  -93  -50  0
91  19  44  0
-61  49  32  0
87  -45  2  0
73  -4  12  0
75  -23  47  0
94  10  -81  0
78  39  -44  0
53  -31  -30  0
40  55  -78  0
40  22  42  0
-10  99  -54  0
93  -51  -63  0
67  58  -48  0
84  59  100  0
8  30  73  0
-68  67  4  0
-95  -21  -33  0
-73  15  -60  0
2  -95  -78  0
-4  63  84  0
-4  -73  -60  0
52  -59  10  0
65  46  -25  0
-87  2  -41  0
-60  99  34  0
-36  -71  3  0
36  27  -57  0
95  86  25  0
82  86  -26  0
95  81  -52  0
87  64  -65  0
20  24  -39  0
-71  27  -50  0
86  -36  -51  0
-32  45  -43  0
66  -76  -26  0
14  -57  -33  0
12  -41  -35  0
-64  46  79  0
16  7  68  0
47  35  98  0
-39  83  97  0
-82  -76  35  0
-56  -5  -61  0
-77  56  -42  0
53  91  -73  0
51  3  -83  0
50  59  -83  0
-4  -5  21  0
-9  10  48  0
-72  99  -70  0
60  -83  -46  0
-16  60  90  0
-19  -5  52  0
21  87  -37  0
-98  -55  -30  0
-36  -90  -33  0
-75  33  -72  0
-88  1  -97  0
86  -1  -57  0
-18  72  -73  0
-94  -20  -87  0
43  -97  -99  0
-87  10  6  0
88  -54  49  0
-26  -32  20  0
-31  -71  -30  0
-98  30  -41  0
-45  7  -60  0
74  71  69  0
35  -81  -57  0
83  -98  94  0
-82  35  57  0
-21  14  30  0
16  -81  -75  0
5  -48  63  0
-22  -51  -81  0
45  99  -30  0
-72  -6  -52  0
-40  -90  79  0
20  -89  -36  0
-97  22  54  0
-66  -34  -3  0
-59  2  -86  0
89  11  -64  0
30  36  -56  0
50  21  -61  0
58  -77  -75  0
-18  -48  -30  0
-52  -72  -69  0
44  66  28  0
-93  58  66  0
41  -58  38  0
84  3  46  0
-37  78  -28  0
31  -13  -33  0
-84  3  83  0
97  89  -45  0
19  -61  29  0
-75  85  18  0
72  6  94  0
12  -61  85  0
-56  33  -8  0
78  -15  92  0
-66  43  -37  0
30  39  -93  0
22  -51  17  0
-54  -3  20  0
-59  8  42  0
-51  -76  -18  0
-81  93  -91  0
50  85  26  0
34  -37  7  0
78  47  60  0
-3  42  -25  0
-73  -20  76  0
52  29  -76  0
-47  -82  33  0
-32  -63  72  0
-96  -51  -53  0
-43  -10  -80  0
49  93  -42  0
-16  -97  51  0
68  90  63  0
-3  63  5  0
-65  92  94  0
-77  -43  -40  0
66  -42  -64  0
79  -71  30  0
-83  64  77  0
-31  -21  63  0
-13  -65  -58  0
63  42  19  0
-85  14  -34  0
34  -98  54  0
60  48  11  0
-85  46  92  0
-17  2  -49  0
68  52  89  0
48  -20  66  0
-23  -4  -44  0
-18  -100  -64  0
32  -81  59  0
23  -67  48  0
66  58  -89  0
-63  -12  20  0
-71  58  54  0
62  58  25  0
-9  75  -20  0
-10  61  -47  0
-80  65  -27  0
22  77  21  0
-39  -48  26  0
22  -97  -71  0
15  -62  -13  0
-71  88  -13  0
-19  -27  -18  0
-65  5  81  0
36  39  22  0
39  -2  36  0
16  -64  -97  0
-75  -63  -50  0
-33  -91  -10  0
11  -58  -23  0
-73  55  -34  0
-83  60  38  0
11  14  -38  0
2  81  73  0
57  -72  -4  0
-43  -48  -80  0
17  23  2  0
-62  86  -59  0
4  -73  -66  0
27  -55  98  0
22  46  21  0
43  -97  10  0
-91  55  -95  0
40  -32  3  0
95  18  85  0
-10  64  74  0
-7  84  -60  0
67  -85  66  0
61  89  71  0
-27  11  67  0
33  39  14  0
30  -34  32  0
8  -29  -42  0
100  -40  85  0
-44  65  -26  0
-2  98  -70  0
-46  -58  14  0
98  2  -37  0
93  35  -31  0
-21  -90  12  0
71  27  -97  0
-50  11  26  0
19  -36  21  0
46  92  -85  0
100  -23  72  0
-37  -57  -33  0
37  84  -62  0
78  -11  -70  0
93  100  54  0
-67  -57  -82  0
87  69  1  0
79  26  84  0
-72  -82  85  0
-7  -89  76  0
-65  -78  26  0
49  23  -77  0
-73  -2  -4  0
4  -66  -23  0
-75  24  74  0
-20  -13  37  0
25  -48  -66  0
62  41  -72  0
-50  77  86  0
59  1  -29  0
-39  -36  6  0
-70  43  -21  0
-24  21  -27  0
66  -88  -11  0
33  40  97  0
-61  -78  58  0
-57  -98  -51  0
-50  95  -41  0
13  -39  38  0
-25  -12  -3  0
-18  61  68  0
95  53  -58  0
-34  25  -3  0
-80  57  -93  0
-63  -35  25  0
-30  44  50  0
52  73  -15  0
-55  1  -80  0
-22  -26  -75  0
19  1  29  0
-72  33  -12  0
16  76  -7  0
-43  -19  61  0
79  -68  -44  0
-84  -16  90  0
-12  42  -70  0
18  -15  -88  0
16  47  -21  0
-3  -63  -44  0
60  58  -33  0
-44  5  -95  0
-32  -74  37  0
-13  -100  67  0
14  -32  -5  0
-79  28  -50  0
-100  -41  30  0
-13  10  33  0
-16  65  -92  0
-25  -80  8  0
67  -18  -14  0
7  23  -97  0
-35  97  -58  0
61  -4  -5  0
-59  -58  -68  0
64  31  4  0
-63  -66  18  0
-82  -46  -74  0
7  95  62  0
-82  -59  -46  0
38  -78  90  0
59  11  -41  0
-15  45  95  0
56  -48  -84  0
-12  24  52  0
54  -82  -36  0
-44  83  37  0
-8  -74  41  0
42  31  -30  0
-71  -63  -69  0
-34  -28  -69  0
-2  -94  -70  0
-11  7  -17  0
45  -59  7  0
98  63  -20  0
-100  -12  25  0
83  100  -7  0
-12  74  -57  0
79  28  -90  0
-51  18  95  0
23  -35  -13  0
82  23  -77  0
-51  96  94  0
-64  90  -47  0
98  70  -4  0
95  48  28  0
-20  1  -45  0
-25  -40  -51  0
41  96  -67  0
-72  79  -70  0
49  -60  -12  0
34  12  75  0
-40  -51  97  0
42  -13  -16  0
22  3  -40  0
48  -56  -23  0
-23  73  72  0
-56  -17  76  0
85  -30  86  0
-73  80  75  0
-61  56  -91  0
72  -99  -70  0
21  -50  -99  0
62  81  -10  0
-69  -70  -20  0
-80  100  -98  0
-52  5  -46  0
-40  -15  -6  0
79  41  3  0
-89  19  -45  0
71  -60  96  0
12  94  47  0
94  -95  -57  0
13  -24  -38  0
67  -84  -97  0
-99  -57  18  0
64  90  13  0
77  90  -16  0
-41  3  -82  0
70  -11  37  0
4  42  32  0
-51  -91  23  0
-43  66  63  0
46  5  -72  0
92  11  -73  0
-63  -56  40  0
55  91  -41  0
-17  65  -95  0
-2  75  -43  0
-94  15  10  0
69  -24  53  0
60  58  -26  0
-55  45  -71  0
78  62  43  0
93  54  58  0
-100  72  66  0
-53  -85  43  0
-9  43  -5  0
-3  -59  36  0
91  -59  12  0
-17  -58  -22  0
56  -44  -45  0
