c mkcnf random cnf with seed 44468, max clause length 3
c FORCED SATISFIABLE
c 
p cnf 100  430
-72  -93  -91  0
-97  80  86  0
62  -25  -96  0
-47  -81  -86  0
37  -64  74  0
23  51  -14  0
79  49  -90  0
65  -97  85  0
40  -46  -90  0
14  78  41  0
85  -87  83  0
79  -20  35  0
87  27  90  0
-72  -14  18  0
-76  -14  56  0
62  -93  -36  0
-42  76  88  0
99  90  -87  0
-15  53  -98  0
93  71  -74  0
-76  -69  14  0
-70  -76  -79  0
13  99  50  0
-17  57  -83  0
-6  65  72  0
57  -20  -94  0
-1  5  51  0
29  33  -47  0
8  -30  36  0
-1  58  27  0
54  10  4  0
73  29  -58  0
88  -13  49  0
74  -60  22  0
90  47  39  0
-94  12  -6  0
-14  -66  28  0
-69  -51  56  0
-13  -55  -61  0
-98  -85  5  0
77  -40  -27  0
-100  86  23  0
-70  -49  -62  0
67  64  -21  0
-70  72  -86  0
-68  28  84  0
28  -43  -44  0
8  -55  93  0
25  97  27  0
89  -75  58  0
-45  -15  96  0
80  -24  -84  0
-54  -13  -55  0
2  -63  62  0
-95  83  66  0
26  16  44  0
39  -26  -34  0
-40  28  83  0
-95  -22  10  0
80  10  -62  0
-28  -58  -5  0
8  -86  52  0
-11  3  -48  0
75  98  -91  0
21  11  61  0
-57  -45  -10  0
99  69  33  0
43  44  -29  0
-59  81  -46  0
-46  -3  -63  0
-29  75  -32  0
-64  -60  8  0
-28  72  42  0
68  88  49  0
-33  71  -100  0
92  9  26  0
-12  -75  59  0
27  -31  8  0
-23  -61  58  0
56  -77  19  0
-52  93  48  0
-48  -14  -100  0
-13  -25  11  0
-9  -22  -69  0
79  -60  -43  0
-59  -14  -44  0
-88  25  73  0
-32  98  30  0
-16  100  -55  0
-15  -86  -30  0
-26  -41  80  0
66  9  1  0
66  -73  -25  0
63  -58  1  0
-22  -63  51  0
41  -1  83  0
60  -21  -29  0
-36  26  70  0
-27  -16  29  0
59  -63  -95  0
90  -100  -40  0
-100  -29  -50  0
-55  -41  22  0
15  44  -93  0
-39  52  27  0
90  -6  82  0
14  -46  -87  0
-21  -28  -51  0
-32  66  -85  0
93  -28  13  0
-14  -51  -79  0
-32  -93  -19  0
-94  87  3  0
92  -88  -15  0
47  -43  20  0
-70  80  -65  0
75  -85  20  0
75  42  -56  0
-35  60  65  0
82  -87  9  0
-69  30  27  0
-4  10  64  0
-96  -67  -20  0
-62  -81  -14  0
-63  29  -13  0
76  91  -87  0
-69  46  -56  0
67  -71  -55  0
94  92  55  0
12  -20  -33  0
43  17  -53  0
88  -84  58  0
76  58  -14  0
-12  31  -83  0
88  -82  -43  0
38  -91  41  0
78  -64  -60  0
25  -87  94  0
-96  -76  -92  0
-11  53  2  0
4  47  -92  0
-37  -4  69  0
94  -98  -37  0
22  -88  26  0
-64  71  -78  0
-92  -48  45  0
-4  11  -65  0
81  46  -12  0
-84  -75  27  0
-86  55  52  0
-33  26  -46  0
-61  -67  -33  0
93  62  -40  0
-64  87  -80  0
-99  5  -84  0
10  -29  -14  0
-79  -72  -70  0
8  54  -16  0
2  -78  63  0
-24  18  84  0
-3  84  61  0
42  -75  -97  0
-96  52  -40  0
-93  -45  -50  0
-86  -24  -97  0
87  -73  54  0
-93  87  21  0
56  -10  87  0
-89  48  62  0
57  -24  -100  0
-46  -52  82  0
-16  -28  60  0
-46  -77  -48  0
-44  51  -33  0
-70  -16  -65  0
44  74  -27  0
48  -3  -32  0
96  -37  2  0
-9  22  -36  0
-52  27  79  0
80  39  -15  0
-30  -12  -84  0
4  -68  -69  0
-37  -24  26  0
-98  38  -19  0
62  -71  7  0
34  -51  -35  0
-66  57  -64  0
-58  20  -18  0
63  75  -29  0
-29  42  -38  0
36  -94  45  0
-91  52  19  0
-8  -76  -48  0
-1  -35  -84  0
-85  -6  70  0
-95  -56  -88  0
47  99  33  0
-68  59  32  0
29  19  -33  0
37  -18  -98  0
96  -20  -89  0
-48  9  38  0
-2  12  -72  0
88  -87  -63  0
54  79  75  0
-87  -82  61  0
47  59  -95  0
-91  1  87  0
53  -78  -97  0
-77  -57  -86  0
11  -70  -48  0
74  83  14  0
-55  -12  -15  0
77  -88  94  0
42  39  -95  0
33  -62  49  0
83  53  -20  0
56  -79  -35  0
-3  55  -62  0
-33  -53  27  0
21  30  -79  0
-7  -35  -62  0
22  13  -62  0
-80  -85  -63  0
-27  -5  14  0
34  -37  -72  0
7  41  43  0
80  16  14  0
-33  58  -53  0
8  44  -85  0
-86  -52  -19  0
-31  65  74  0
-23  -25  94  0
-10  6  44  0
38  33  95  0
-41  70  32  0
-21  36  -84  0
-14  -77  -38  0
86  39  -26  0
69  28  19  0
-63  -91  -57  0
-15  58  -6  0
-70  -7  97  0
50  71  -77  0
13  -8  -55  0
-87  57  -82  0
-72  -18  -84  0
-75  18  -87  0
85  -24  -96  0
85  39  -25  0
-87  -7  -54  0
55  -53  -97  0
-66  -74  -17  0
52  -4  28  0
3  58  -16  0
42  40  43  0
17  84  5  0
2  -72  15  0
71  -75  -65  0
73  77  -66  0
-46  17  66  0
-68  -50  83  0
100  95  -79  0
-23  -40  39  0
72  -44  -93  0
62  26  100  0
24  71  89  0
30  -37  16  0
-41  5  16  0
29  -22  83  0
-94  54  69  0
69  -17  -19  0
-100  40  95  0
-8  73  -87  0
84  -89  -80  0
66  -67  -53  0
57  50  -59  0
-77  -38  11  0
-5  93  56  0
90  15  -93  0
36  -39  71  0
30  88  45  0
-68  -12  -24  0
-52  -55  79  0
93  -24  -78  0
-51  72  90  0
-83  99  59  0
-48  -32  42  0
-5  46  -30  0
31  50  -36  0
-23  -93  73  0
-95  -9  54  0
89  -34  -73  0
81  28  -21  0
86  -46  -93  0
-47  24  -27  0
-43  -95  -84  0
97  -48  5  0
57  20  51  0
-75  86  -90  0
-17  65  -66  0
-23  56  83  0
-89  58  1  0
-3  -24  -99  0
-29  85  -43  0
11  -58  64  0
10  25  79  0
23  26  51  0
2  46  -87  0
-22  91  -40  0
-27  97  -78  0
-32  -56  94  0
-77  26  32  0
-54  -16  -10  0
63  82  75  0
36  -34  69  0
40  -69  -34  0
89  -47  -68  0
-88  -87  -8  0
-57  -14  5  0
77  -28  96  0
-28  -41  -43  0
-45  62  -35  0
77  -69  -24  0
-86  78  -66  0
79  -51  65  0
66  -76  65  0
52  -93  -12  0
90  77  49  0
68  -83  -31  0
-91  -29  52  0
-40  99  -45  0
-13  92  36  0
30  42  92  0
90  -20  39  0
-34  -61  57  0
81  -58  45  0
-77  -26  -48  0
-95  5  82  0
16  -7  -22  0
-66  -9  68  0
76  -58  29  0
-91  12  -71  0
2  67  -97  0
46  97  7  0
72  -79  96  0
-34  -78  60  0
19  16  -53  0
25  34  32  0
69  -68  96  0
-16  54  70  0
19  41  83  0
5  55  74  0
19  -51  12  0
-53  32  -61  0
-98  10  -49  0
11  -53  -21  0
-88  70  4  0
-43  -57  63  0
99  54  -5  0
10  -17  80  0
-96  -31  -1  0
-89  77  -18  0
4  -6  7  0
-16  30  -17  0
90  85  -5  0
92  47  -1  0
69  65  -8  0
-35  89  -91  0
-92  74  20  0
-53  12  -96  0
63  -91  -81  0
-85  -40  61  0
-46  -96  -86  0
-67  61  32  0
-31  -15  79  0
28  65  89  0
-84  39  -13  0
-11  84  -34  0
28  67  88  0
-78  -27  -56  0
93  48  -39  0
80  -52  -91  0
61  -41  -18  0
-14  -27  67  0
70  54  -55  0
-64  -16  79  0
51  -22  92  0
42  10  100  0
-93  2  3  0
-94  -22  86  0
38  -44  96  0
-92  -59  10  0
18  -77  33  0
76  -73  1  0
36  -26  -6  0
-59  -74  -4  0
23  -11  -78  0
28  -37  17  0
54  8  7  0
46  89  -28  0
86  36  71  0
1  68  26  0
66  20  52  0
-19  -64  78  0
-96  -52  51  0
-1  -50  -17  0
-44  -94  70  0
44  40  99  0
58  -92  -73  0
-49  26  74  0
33  -54  5  0
91  47  98  0
-35  -81  59  0
11  -64  -88  0
84  81  3  0
5  60  23  0
82  -21  48  0
73  -25  51  0
43  -67  -16  0
-97  43  -98  0
-66  -41  -93  0
-36  3  -63  0
-27  -82  -51  0
85  -27  66  0
-25  -80  -18  0
-6  96  -98  0
-22  -84  -44  0
-38  -17  -30  0
