c mkcnf random cnf with seed 44423, max clause length 3
c FORCED SATISFIABLE
c 
p cnf 100  430
-45  56  76  0
35  67  -84  0
-6  -26  -69  0
-84  -11  -88  0
87  -99  -12  0
-84  -85  -43  0
41  62  -17  0
93  -83  24  0
-12  26  33  0
81  31  65  0
20  -69  -95  0
33  70  -80  0
62  -78  -55  0
-33  74  -40  0
88  66  26  0
-75  25  -43  0
36  -67  82  0
-53  31  -11  0
-81  -70  27  0
79  65  72  0
37  97  -13  0
-9  59  -34  0
-66  48  -25  0
-41  18  -64  0
-14  88  19  0
14  45  -26  0
38  36  -26  0
27  74  10  0
85  -82  -37  0
-12  20  49  0
83  -62  64  0
-55  -35  28  0
-10  -77  2  0
-35  56  -45  0
92  27  -61  0
81  -35  68  0
-41  68  93  0
-24  90  -74  0
-93  -43  31  0
55  41  -72  0
-25  26  30  0
-72  -38  98  0
33  13  -95  0
70  -97  -40  0
-81  48  -50  0
47  -52  97  0
21  72  61  0
-10  56  11  0
38  -74  -69  0
29  -3  37  0
14  16  12  0
45  -35  74  0
-24  -64  -86  0
-72  1  97  0
-67  -48  -98  0
-5  -27  -8  0
-25  18  87  0
-2  -29  -86  0
-68  50  73  0
-96  -100  65  0
-67  62  -73  0
54  64  -79  0
62  27  -12  0
-21  81  -41  0
-9  -40  74  0
15  30  -47  0
58  91  84  0
-60  -35  58  0
76  80  56  0
82  -24  31  0
5  13  -20  0
84  52  -82  0
-41  -73  -72  0
99  -67  12  0
9  -35  85  0
-44  46  -11  0
3  -5  -4  0
15  -71  31  0
-55  68  80  0
68  -53  -20  0
-74  -58  71  0
13  56  -63  0
-73  -75  69  0
-5  -86  94  0
17  16  57  0
1  -94  6  0
-54  5  -72  0
90  -63  -55  0
96  -86  59  0
-41  -29  65  0
-90  29  -45  0
-18  -14  -17  0
42  -48  -81  0
86  61  99  0
-13  25  79  0
-97  -75  32  0
68  63  98  0
-54  -11  -95  0
-17  98  -80  0
82  -26  -11  0
-17  -87  45  0
17  -36  -49  0
3  71  82  0
78  -29  28  0
-84  100  -30  0
-14  44  -19  0
-79  -29  23  0
-83  -66  61  0
77  -69  -78  0
4  -9  -65  0
-85  70  -21  0
-6  97  -73  0
-1  -77  74  0
84  68  -83  0
76  35  82  0
-99  32  7  0
26  16  27  0
60  32  77  0
28  -12  -41  0
41  59  -3  0
-76  61  -21  0
70  -14  -17  0
52  85  -64  0
-75  27  -64  0
66  56  -73  0
53  11  -1  0
71  37  57  0
-54  -46  3  0
75  -26  -62  0
96  86  -4  0
-63  -73  3  0
-66  -47  -57  0
43  81  44  0
60  -23  -72  0
-78  67  11  0
12  -39  45  0
-93  43  21  0
-19  84  -17  0
-81  95  -25  0
3  55  -44  0
-49  -25  85  0
92  90  28  0
15  89  -91  0
-52  8  16  0
8  -67  30  0
-38  -25  -12  0
-75  -43  79  0
-78  -60  -4  0
85  -12  -66  0
16  -93  -23  0
57  -77  -59  0
77  -93  -95  0
18  34  24  0
-59  46  6  0
-96  -82  72  0
-46  -55  -31  0
28  95  26  0
-29  -17  -56  0
44  14  65  0
68  40  98  0
89  -2  52  0
-28  69  32  0
86  -73  84  0
-52  -23  24  0
-74  -13  30  0
36  16  83  0
20  -6  -61  0
90  18  42  0
33  -13  68  0
-2  4  12  0
59  30  -77  0
9  -88  -50  0
50  64  20  0
74  -85  86  0
40  -29  87  0
-2  -8  63  0
-61  -58  72  0
-23  56  28  0
75  -28  83  0
-29  14  72  0
97  -92  -54  0
22  -41  -30  0
31  -86  -38  0
99  79  -47  0
99  26  -69  0
-81  -10  -22  0
93  98  -79  0
-22  99  -50  0
46  -100  4  0
-7  21  96  0
33  -55  -7  0
33  -95  98  0
-73  -84  -56  0
-86  -44  -8  0
-99  11  31  0
-54  -62  -26  0
19  31  45  0
-56  48  65  0
61  27  -83  0
-53  82  37  0
56  -27  -4  0
-94  -91  67  0
42  -60  -75  0
19  35  81  0
27  -69  50  0
29  -63  31  0
-33  -18  32  0
-6  -63  -29  0
86  -45  3  0
51  -76  -27  0
-41  -17  80  0
85  73  -94  0
-67  -18  15  0
86  -20  -17  0
63  79  76  0
-30  -91  64  0
-50  -23  -12  0
58  20  -61  0
-26  -48  73  0
-17  13  -39  0
60  -26  -21  0
1  3  -49  0
57  42  -82  0
-10  43  -76  0
90  -38  66  0
-91  55  89  0
-23  -66  87  0
47  32  69  0
18  50  -52  0
-61  -17  -53  0
-63  1  5  0
-92  -64  -61  0
-99  -50  15  0
-95  -13  35  0
-98  -43  8  0
-15  59  -81  0
89  -50  -85  0
38  -65  74  0
-36  14  -83  0
97  68  -48  0
30  -37  5  0
-15  -34  -85  0
77  -43  86  0
-86  -33  25  0
61  80  -85  0
21  -74  -92  0
-36  -77  -23  0
35  -85  14  0
36  43  -4  0
-26  20  33  0
-90  2  10  0
2  42  -24  0
27  23  22  0
-47  87  -86  0
-50  -75  -17  0
4  88  68  0
-67  11  -46  0
51  88  63  0
-64  -84  74  0
11  -57  -47  0
-79  -31  -84  0
-38  26  41  0
88  -24  -100  0
-58  -34  -65  0
59  -5  -48  0
-48  -68  -80  0
-29  14  49  0
-84  11  -91  0
82  49  2  0
16  -4  64  0
38  34  52  0
84  45  86  0
45  94  -82  0
48  61  -83  0
-23  25  71  0
44  -68  93  0
-30  -88  63  0
42  92  9  0
64  -69  -87  0
21  -17  -27  0
-84  92  54  0
-27  -67  66  0
76  -48  28  0
-62  -83  -9  0
-100  -12  10  0
-49  -68  47  0
64  -47  -72  0
-48  -99  -75  0
19  -100  -88  0
30  44  50  0
-93  99  5  0
62  99  -4  0
-7  74  -42  0
-100  -40  -89  0
-78  73  -18  0
-94  -83  23  0
6  33  -86  0
-100  94  98  0
-24  90  92  0
56  13  68  0
46  59  -5  0
-62  48  -55  0
-43  -1  -64  0
49  22  77  0
-10  59  75  0
-100  -42  41  0
78  -28  39  0
-99  9  92  0
71  1  -52  0
-93  66  92  0
-93  7  -44  0
-34  73  62  0
-71  -12  75  0
95  -83  -64  0
-63  31  28  0
42  6  37  0
-65  23  28  0
-89  -50  -98  0
-38  -63  100  0
-99  3  -29  0
24  81  -89  0
-15  51  71  0
83  -9  -79  0
51  7  -54  0
-89  -38  80  0
71  -13  -58  0
-99  -79  64  0
-68  51  -41  0
16  -29  -71  0
-100  14  -13  0
-92  -47  46  0
-73  76  -45  0
-16  -90  -37  0
-100  72  -98  0
-54  -14  -11  0
-33  78  -6  0
-55  80  -20  0
56  62  -37  0
18  -84  -30  0
25  -72  67  0
30  62  -4  0
99  96  -16  0
-90  44  50  0
-46  90  31  0
-36  -76  -13  0
-39  -23  67  0
-34  22  -73  0
52  -37  -73  0
-95  16  53  0
-67  55  -34  0
1  -70  42  0
-89  -65  9  0
-73  -11  -58  0
1  6  37  0
-72  28  -86  0
-71  -76  -96  0
-31  41  -76  0
-100  -13  70  0
36  -48  22  0
-86  60  -11  0
92  68  -51  0
90  -12  -49  0
-40  49  81  0
65  -96  68  0
-91  67  14  0
68  -36  16  0
-94  4  81  0
-70  -98  -64  0
-14  -93  -27  0
16  -83  -43  0
-78  -89  75  0
-69  -83  -34  0
-27  -24  -87  0
69  10  67  0
87  84  -9  0
31  81  -39  0
11  -80  58  0
-13  -95  -1  0
-3  -84  -47  0
-87  -57  48  0
-95  11  36  0
-15  -16  -64  0
-52  -86  83  0
61  72  -99  0
37  22  -97  0
75  55  49  0
-16  -23  -47  0
-14  -19  39  0
-28  27  14  0
60  34  -6  0
74  31  97  0
58  91  84  0
14  90  6  0
24  67  -40  0
33  57  -76  0
-67  86  -57  0
14  76  83  0
43  22  -48  0
-42  -98  85  0
65  -84  -88  0
-19  65  -75  0
46  -89  -25  0
69  95  -39  0
43  -72  68  0
39  -34  -22  0
3  -99  -57  0
93  26  1  0
-12  19  -83  0
85  -69  94  0
-21  29  -94  0
95  -45  100  0
-42  57  -85  0
-58  31  7  0
52  -62  80  0
29  47  50  0
-47  -89  -31  0
99  52  -58  0
89  -54  -20  0
-25  -79  75  0
-61  -18  -25  0
-66  -14  -61  0
93  72  -60  0
-37  -1  71  0
-2  77  93  0
24  -97  -79  0
66  16  59  0
-5  -20  -53  0
67  -68  -61  0
12  -83  -34  0
-72  3  39  0
