c mkcnf random cnf with seed 44373, max clause length 3
c FORCED SATISFIABLE
c 
p cnf 100  430
93  -82  -95  0
71  53  81  0
-40  -4  95  0
-71  22  2  0
-33  97  -52  0
-87  6  2  0
-94  92  -15  0
28  -15  -12  0
-70  89  -77  0
32  92  -80  0
33  72  -22  0
-37  -60  -81  0
-92  -82  -96  0
-73  54  15  0
-12  77  -5  0
-94  -27  8  0
64  53  -15  0
-19  -91  -8  0
80  20  19  0
26  96  95  0
-79  -81  -53  0
99  -23  -8  0
-43  -59  -97  0
-80  -26  27  0
91  56  76  0
27  -53  -71  0
-22  69  -88  0
-90  72  60  0
2  9  91  0
88  -94  -65  0
-83  -92  91  0
-9  74  84  0
-48  -74  -25  0
-85  -8  70  0
-25  -46  16  0
4  -38  -82  0
-42  10  -95  0
-86  -72  -58  0
-45  19  -52  0
40  -66  82  0
-28  -74  -14  0
57  -16  -56  0
64  4  -59  0
56  -8  -20  0
6  -65  89  0
89  -41  15  0
5  -92  -16  0
29  17  -22  0
-1  61  -30  0
-23  -70  -51  0
-2  -15  -22  0
-43  -42  -97  0
71  59  56  0
-10  -56  -72  0
96  19  -5  0
91  -84  -38  0
73  58  54  0
-28  7  -8  0
-7  38  94  0
75  51  43  0
-71  -73  -13  0
31  1  26  0
2  -97  81  0
85  69  34  0
52  8  -43  0
-2  91  48  0
-47  17  23  0
-26  79  -37  0
-15  60  -73  0
47  -4  68  0
63  -73  -69  0
69  -26  -90  0
59  9  60  0
36  -41  -81  0
99  -33  -43  0
-48  -15  4  0
-31  79  64  0
-19  -89  68  0
40  91  -16  0
-30  12  -5  0
-40  3  -70  0
57  77  -84  0
42  -53  -29  0
31  -96  12  0
-1  -28  -94  0
78  -57  -30  0
15  -94  -46  0
7  -97  64  0
8  -99  -92  0
69  -100  -51  0
55  -56  34  0
84  22  -59  0
83  41  -92  0
90  23  -63  0
29  82  -4  0
-84  -99  5  0
-100  72  -75  0
-82  100  7  0
45  92  64  0
76  29  -92  0
-85  19  -73  0
-75  45  38  0
41  54  -93  0
33  -89  -25  0
39  35  89  0
-92  -29  35  0
-38  71  -81  0
-76  -71  42  0
-39  -8  -32  0
-12  70  28  0
6  65  78  0
62  -48  -83  0
-48  -75  -98  0
-88  90  -65  0
27  -45  19  0
34  -11  63  0
-5  19  24  0
-36  56  -72  0
37  23  82  0
-43  75  93  0
-38  91  86  0
-23  21  -45  0
40  -75  -97  0
-21  52  2  0
-65  -80  26  0
36  -13  -10  0
6  75  -80  0
20  -46  96  0
48  -36  3  0
-29  -80  69  0
-10  28  67  0
72  84  43  0
-6  -53  -63  0
18  38  -39  0
10  1  42  0
31  32  -27  0
-34  33  95  0
88  3  49  0
-35  2  -25  0
-27  -18  87  0
94  9  -60  0
67  -61  -95  0
-36  -53  88  0
-69  -78  -56  0
47  61  -74  0
-46  71  -3  0
90  -78  -29  0
-48  -17  -13  0
-9  72  -61  0
89  65  23  0
100  -10  -57  0
-46  9  59  0
80  -81  11  0
59  -14  -77  0
-91  -95  -3  0
82  -90  -85  0
-70  -42  -85  0
-65  32  -57  0
-45  -12  53  0
59  -96  45  0
42  54  -44  0
-30  -12  85  0
36  78  -79  0
19  72  -74  0
-35  -15  -38  0
-64  14  63  0
-91  -60  97  0
-66  59  -56  0
33  -63  -50  0
-89  -17  -81  0
83  18  52  0
-9  -95  76  0
68  12  95  0
18  73  23  0
-64  90  11  0
77  -52  44  0
-53  -86  15  0
27  37  -18  0
60  -67  70  0
-11  22  -46  0
-73  -23  -38  0
-37  61  -30  0
-65  -55  -66  0
13  -72  -88  0
-69  -85  100  0
15  56  -82  0
-95  52  -18  0
46  32  55  0
19  98  -36  0
-14  27  -11  0
-94  -81  82  0
-62  78  -33  0
-17  13  43  0
-25  73  28  0
22  56  -55  0
-16  64  -40  0
26  56  50  0
36  88  -87  0
-56  54  76  0
86  69  -24  0
-10  -62  67  0
70  -32  -19  0
-80  95  -48  0
-18  -27  55  0
-60  -55  -83  0
-50  11  10  0
84  44  -35  0
13  94  95  0
30  -83  26  0
-44  6  -59  0
47  -73  11  0
13  -86  -57  0
56  -72  -67  0
55  36  -49  0
58  -14  1  0
31  -21  -89  0
-43  -68  87  0
22  -99  -60  0
99  -13  -55  0
-18  -38  83  0
50  55  67  0
57  -44  41  0
44  -7  10  0
-18  59  91  0
26  -51  -98  0
-70  -86  -62  0
-83  3  -41  0
-26  11  86  0
55  29  27  0
93  -90  97  0
-73  -26  65  0
-94  -38  30  0
-58  -38  -88  0
-73  -12  14  0
-93  36  -60  0
7  11  -100  0
34  -51  18  0
86  70  -44  0
-65  53  -69  0
-79  -43  -72  0
4  9  70  0
-27  -83  -14  0
-51  26  -16  0
45  84  72  0
51  -75  -24  0
-2  -91  32  0
71  -57  33  0
20  50  -14  0
79  71  13  0
-50  -34  -62  0
82  -69  45  0
-45  -37  35  0
-87  -55  97  0
12  16  -44  0
96  79  -59  0
77  5  -10  0
62  -41  42  0
74  81  1  0
-13  -64  75  0
-43  82  59  0
41  17  83  0
65  24  -44  0
-89  18  8  0
-98  61  96  0
-45  -5  -71  0
-41  -79  -43  0
-87  -51  78  0
-84  -77  60  0
-89  -84  85  0
44  77  -100  0
-90  81  -82  0
51  -78  44  0
30  83  18  0
-17  34  49  0
97  61  -72  0
-73  32  54  0
87  68  -23  0
-97  -74  -82  0
92  77  47  0
65  -38  -95  0
-68  -97  86  0
-24  -80  77  0
-1  40  14  0
-49  51  -40  0
69  13  -95  0
94  30  -56  0
-24  16  18  0
48  8  90  0
-86  -12  -49  0
10  6  -12  0
-52  90  -64  0
64  -28  -33  0
37  84  75  0
56  -63  -60  0
49  75  14  0
52  -66  83  0
77  23  -80  0
-19  33  -3  0
58  25  94  0
43  -60  99  0
20  -43  83  0
56  -28  -45  0
66  -6  -21  0
-94  -7  -72  0
-83  91  -46  0
34  -69  -11  0
-65  44  14  0
17  -25  44  0
6  72  33  0
37  -71  59  0
-56  55  36  0
-44  -86  -70  0
-72  -23  -4  0
-80  -22  -83  0
55  -85  -75  0
52  3  -56  0
-97  24  95  0
-88  32  29  0
8  -11  77  0
17  66  33  0
18  -36  -64  0
98  43  83  0
-96  94  36  0
73  -1  93  0
-97  8  -85  0
58  36  -18  0
33  47  62  0
-6  -70  55  0
84  -86  -32  0
-57  36  62  0
21  -52  99  0
-29  50  -35  0
-35  25  -84  0
66  -6  -9  0
-61  93  6  0
74  -25  -16  0
-38  -36  81  0
-83  -92  -46  0
40  -24  100  0
7  70  -66  0
58  46  -43  0
-24  -52  -27  0
98  -13  -39  0
-97  -34  -11  0
38  -28  48  0
-30  -53  10  0
-58  85  -28  0
78  -2  -93  0
-78  -74  89  0
30  15  7  0
-29  12  81  0
-54  -4  31  0
-78  69  -67  0
17  11  -93  0
-32  42  1  0
64  91  -43  0
67  10  -63  0
-35  -4  -57  0
-47  40  22  0
22  -90  40  0
-99  -47  69  0
-48  -16  -70  0
-55  -11  -50  0
74  -65  -23  0
-27  56  -91  0
26  -97  79  0
-17  -62  -29  0
73  14  -86  0
100  80  45  0
-87  82  64  0
-74  -29  71  0
40  -36  -22  0
66  -50  67  0
-3  -14  91  0
84  38  29  0
-94  84  -73  0
-74  18  -53  0
81  -28  19  0
-40  -19  89  0
-5  44  90  0
60  -87  22  0
-78  -57  69  0
70  -67  43  0
-40  21  -46  0
3  51  -22  0
-18  -67  -17  0
-48  86  -65  0
-27  61  -97  0
-42  27  -2  0
29  40  78  0
-28  -55  18  0
-95  -97  16  0
-18  -99  74  0
33  32  -35  0
-94  -33  -10  0
-73  -81  -79  0
-28  29  -94  0
-15  11  -74  0
74  -36  84  0
38  67  6  0
-62  -9  -83  0
-60  63  -40  0
-100  -46  -34  0
-43  -18  -95  0
75  -30  -95  0
28  43  -37  0
-52  72  -61  0
-78  61  -87  0
27  -47  72  0
50  61  -25  0
-1  -96  -43  0
-31  59  27  0
9  78  34  0
-57  -79  -51  0
42  6  53  0
-54  19  52  0
-2  -78  -20  0
-80  31  -16  0
28  -75  38  0
-43  24  -18  0
91  8  -9  0
-86  -13  1  0
-2  -52  28  0
98  -62  -40  0
-18  44  -52  0
15  -60  -59  0
70  -2  43  0
41  -44  99  0
38  -95  -86  0
-70  66  85  0
