c mkcnf random cnf with seed 44435, max clause length 3
c FORCED SATISFIABLE
c 
p cnf 100  430
25  99  -47  0
66  -75  61  0
-3  -82  39  0
-21  43  97  0
-98  -20  18  0
-35  37  68  0
-81  -24  -71  0
25  3  -13  0
-23  -59  -44  0
18  -26  -50  0
96  -90  20  0
62  -21  13  0
-15  13  82  0
-23  30  64  0
-56  -35  -8  0
99  -90  13  0
58  -88  78  0
77  -9  92  0
3  -34  94  0
-44  -77  17  0
11  67  -42  0
87  25  -50  0
43  40  -89  0
-9  -47  -65  0
-23  53  87  0
-45  -54  17  0
54  -27  -49  0
83  -77  -84  0
44  87  -79  0
-52  100  94  0
2  -16  -82  0
-85  -62  -32  0
96  67  -42  0
-12  -19  35  0
-42  72  38  0
-25  43  -21  0
26  -76  -7  0
-63  66  75  0
-20  -60  -17  0
54  76  -56  0
-20  11  -12  0
64  -18  54  0
-74  -60  73  0
20  -39  44  0
-6  61  21  0
79  -46  -52  0
31  63  25  0
-16  -81  -22  0
75  -23  74  0
31  -59  14  0
-65  -13  83  0
-53  6  63  0
-67  92  -57  0
79  58  -15  0
-55  8  93  0
-55  49  -4  0
-38  -77  33  0
52  12  32  0
71  47  -68  0
88  96  17  0
80  49  95  0
15  82  -56  0
6  -82  47  0
22  -19  90  0
-44  17  -81  0
-37  70  -44  0
-28  -79  -44  0
61  49  60  0
-84  14  -89  0
-84  -66  65  0
-94  44  17  0
92  81  32  0
-23  -39  -16  0
-77  82  33  0
59  53  38  0
-48  -42  41  0
45  -37  88  0
29  -20  -14  0
-50  90  -33  0
24  64  -29  0
83  98  -86  0
53  -84  -1  0
66  -26  80  0
-8  78  -13  0
-21  43  86  0
56  64  20  0
84  -83  93  0
-92  -64  -6  0
87  -40  -15  0
19  -61  -46  0
100  -78  -95  0
-83  -91  -67  0
55  -85  -4  0
-23  -40  -50  0
94  -73  82  0
87  34  -16  0
-19  -90  18  0
-34  -39  -19  0
12  43  -32  0
-36  94  82  0
-3  -48  -69  0
92  -77  -84  0
35  32  9  0
-4  -46  -24  0
-41  -64  14  0
85  -62  -26  0
27  -16  77  0
-63  -14  -93  0
58  56  -75  0
-70  14  -48  0
-82  -21  -2  0
39  -55  50  0
-17  4  13  0
-61  -4  -72  0
65  -87  99  0
90  -88  80  0
49  12  27  0
-26  32  -59  0
21  31  -69  0
99  -72  -20  0
-31  -37  36  0
-14  -90  -18  0
-30  -87  62  0
-47  41  62  0
27  19  14  0
-4  14  -20  0
-58  -69  -61  0
97  88  33  0
-12  9  30  0
9  84  -53  0
-88  4  -37  0
-2  89  53  0
-32  59  31  0
94  -58  17  0
71  80  -23  0
30  54  -83  0
22  96  71  0
-48  -95  -4  0
-81  -88  -28  0
30  88  -54  0
-5  33  99  0
98  -90  66  0
-13  -26  -88  0
7  -93  21  0
-84  61  -41  0
-47  22  89  0
28  26  -100  0
68  31  -69  0
5  48  -93  0
-35  -58  -77  0
-90  -26  88  0
72  -83  -24  0
49  -59  -100  0
9  17  28  0
27  8  21  0
41  75  69  0
-45  23  54  0
92  89  19  0
-44  -1  90  0
-35  99  28  0
-100  -46  -96  0
-53  43  40  0
12  84  -23  0
12  -89  -7  0
-65  -98  -24  0
-27  -89  -18  0
-68  -63  50  0
-52  56  46  0
-88  -71  -21  0
-77  85  -24  0
-34  -91  31  0
33  -96  39  0
33  -96  -63  0
-13  -86  -47  0
-92  31  26  0
49  -21  -55  0
-86  67  -11  0
-82  6  61  0
-30  -12  24  0
19  -100  -59  0
8  89  -99  0
-49  -1  14  0
96  -86  -11  0
-20  53  18  0
6  -3  -93  0
-23  -70  -84  0
2  -10  3  0
-98  89  68  0
92  100  23  0
3  15  -99  0
64  -42  67  0
45  5  86  0
46  11  33  0
-48  -61  -98  0
-36  -57  -94  0
65  -45  5  0
91  -73  43  0
-39  23  -26  0
18  -63  3  0
15  19  94  0
-3  4  46  0
-33  -27  84  0
-89  -99  52  0
-11  -20  -92  0
99  -75  -45  0
-82  3  -38  0
-43  25  -60  0
-15  -67  68  0
-85  -96  -77  0
-7  -49  16  0
-28  -85  -8  0
-66  50  -63  0
55  3  36  0
-61  -29  -42  0
81  -57  93  0
-100  40  79  0
-26  -85  4  0
-64  59  96  0
27  41  -22  0
-10  38  70  0
-74  -44  62  0
-89  100  -81  0
25  15  -62  0
-74  36  -37  0
29  -4  2  0
-64  -59  12  0
59  -11  64  0
89  60  30  0
79  -50  -9  0
78  -18  23  0
98  -80  -47  0
43  71  30  0
65  56  -95  0
-61  -54  -60  0
16  28  43  0
59  -57  -2  0
-54  -22  92  0
-87  58  -54  0
-99  -2  43  0
59  -86  33  0
-23  -57  -96  0
-88  -27  2  0
77  73  -1  0
23  -89  -56  0
-90  37  -92  0
-4  55  65  0
-62  -18  11  0
-89  -14  -19  0
-45  -82  1  0
24  -87  -75  0
-7  -95  -41  0
20  16  -45  0
-68  78  -29  0
23  -91  95  0
74  -89  -81  0
-57  -94  -13  0
20  -60  86  0
-29  -58  25  0
-89  47  -87  0
91  -93  26  0
-38  42  12  0
83  17  40  0
-86  -94  37  0
65  94  -50  0
-15  88  91  0
57  -12  18  0
83  47  61  0
-91  59  -63  0
-3  27  -87  0
-85  25  4  0
67  -69  1  0
-95  -70  67  0
29  -17  75  0
-46  -83  18  0
33  89  -75  0
-22  -93  -78  0
-84  92  40  0
-97  -20  -93  0
31  -59  -85  0
93  42  -62  0
-90  -6  -78  0
-69  -83  29  0
-51  -12  -87  0
58  -34  -25  0
-97  65  67  0
23  35  86  0
57  -6  -27  0
45  -71  -19  0
88  42  100  0
-80  -29  7  0
-16  -6  -42  0
99  18  48  0
72  -9  -58  0
-10  -44  -39  0
-56  79  64  0
56  -92  79  0
-90  -75  42  0
-9  33  77  0
-95  5  -9  0
-26  14  -56  0
-47  85  -46  0
48  91  5  0
-62  58  53  0
-39  48  86  0
-78  -47  57  0
-14  -69  -15  0
81  31  -100  0
-35  -34  -93  0
-87  43  -3  0
69  -80  18  0
20  2  37  0
6  70  9  0
-44  -54  -80  0
-45  5  -94  0
99  -22  57  0
58  -46  -13  0
-97  -83  89  0
-76  52  93  0
31  92  -29  0
-68  52  -51  0
-94  26  -86  0
-50  -78  62  0
-73  -51  -60  0
-26  5  97  0
-39  83  92  0
38  67  -26  0
-21  -43  -15  0
-51  -26  33  0
-26  32  17  0
61  -12  -100  0
-5  -7  -75  0
-4  -62  -31  0
-50  53  84  0
-57  -55  28  0
50  -88  -90  0
36  -54  59  0
15  55  9  0
68  84  -89  0
69  66  -35  0
63  -51  32  0
27  -54  73  0
-56  68  -91  0
20  40  56  0
-40  -33  -73  0
64  20  -11  0
69  89  78  0
-36  29  82  0
-47  56  -23  0
-51  95  49  0
-51  67  -28  0
-32  -39  -54  0
-47  -96  66  0
-42  -48  -83  0
75  77  37  0
-76  1  5  0
-25  -68  38  0
-4  6  -76  0
73  -24  -63  0
-84  73  3  0
56  -38  -62  0
-22  -43  37  0
54  -35  81  0
-82  21  95  0
29  -5  67  0
69  -93  3  0
-93  86  -68  0
-65  98  -66  0
60  -18  6  0
12  46  44  0
21  72  1  0
35  -7  24  0
-71  60  68  0
-53  -19  -81  0
38  47  -34  0
-45  -20  52  0
62  67  21  0
82  41  -68  0
90  42  -9  0
28  -33  -60  0
88  55  -56  0
-59  84  32  0
-95  58  77  0
39  -53  86  0
29  12  -67  0
25  41  78  0
85  -18  80  0
-1  -70  30  0
90  -57  -97  0
60  38  -46  0
6  -38  -89  0
76  50  -33  0
100  -86  -54  0
94  54  -88  0
-20  -22  82  0
40  17  -81  0
-52  -69  -3  0
83  11  -73  0
-85  36  92  0
69  -24  -31  0
44  3  -20  0
-31  84  -11  0
88  -87  -51  0
83  61  -13  0
-75  -13  83  0
53  -83  -33  0
-15  13  -14  0
-67  10  11  0
43  16  34  0
-8  -86  43  0
-67  -89  66  0
99  11  -22  0
79  -43  21  0
76  -69  -25  0
-36  54  -30  0
78  -22  -24  0
88  1  24  0
-54  19  -73  0
-21  -56  -97  0
-23  94  19  0
-50  26  45  0
54  27  53  0
85  82  -91  0
99  29  37  0
-39  94  -35  0
4  2  44  0
77  1  -54  0
54  93  81  0
68  -17  -67  0
-35  -47  -53  0
95  -48  52  0
