c mkcnf random cnf with seed 44411, max clause length 3
c FORCED SATISFIABLE
c 
p cnf 100  430
65  -13  6  0
88  -97  25  0
47  -36  -81  0
62  -80  -86  0
-71  -21  -67  0
25  11  -93  0
40  58  82  0
-21  98  14  0
-23  -77  67  0
47  96  -43  0
7  -27  21  0
-68  -22  1  0
9  -98  67  0
-5  -96  -85  0
-84  15  5  0
-82  -47  -17  0
-36  42  62  0
-90  -6  71  0
84  -87  -68  0
-79  10  19  0
5  -13  65  0
85  99  -50  0
-31  -12  -53  0
-50  -79  53  0
-13  12  -47  0
-82  -100  -50  0
27  18  39  0
-53  59  25  0
-81  -28  -33  0
1  76  49  0
-68  -6  -80  0
53  -88  -67  0
-83  38  51  0
-100  -23  65  0
95  32  -68  0
58  -77  76  0
47  95  77  0
89  -26  84  0
47  86  -24  0
-81  83  40  0
-43  -66  10  0
92  -44  -72  0
-100  -40  -14  0
-100  -34  -60  0
88  25  -57  0
-92  -2  -25  0
84  14  -27  0
90  18  2  0
57  -60  -89  0
10  -30  65  0
-82  87  -3  0
-53  -89  -10  0
87  -95  84  0
81  -52  16  0
-30  -41  22  0
33  -8  4  0
-66  -38  84  0
20  -5  95  0
-52  16  24  0
94  -33  -48  0
-47  8  99  0
-66  71  87  0
6  79  -33  0
13  -17  94  0
7  -47  39  0
13  75  -29  0
72  83  -56  0
2  31  -32  0
77  88  67  0
-44  31  94  0
-34  55  -17  0
31  10  -100  0
-97  47  37  0
50  40  43  0
25  -94  12  0
7  39  -23  0
55  19  -93  0
15  -6  -58  0
41  -3  -61  0
-3  37  47  0
-21  -66  88  0
98  47  72  0
99  67  -34  0
11  56  89  0
-63  4  60  0
-52  14  55  0
67  -86  68  0
90  -8  -61  0
80  -63  -16  0
15  -8  36  0
23  79  98  0
40  -82  12  0
-49  97  -98  0
-78  -85  2  0
-49  -36  57  0
-60  76  14  0
57  53  20  0
-43  -18  62  0
90  -80  -13  0
-29  -23  -91  0
-57  33  32  0
31  -36  7  0
-40  -30  -3  0
-54  37  81  0
36  82  -67  0
-10  -75  -14  0
-6  68  4  0
-24  -74  60  0
2  19  18  0
-54  37  -16  0
-45  100  -97  0
-71  96  -87  0
-59  -80  14  0
-2  -12  38  0
-7  37  63  0
89  -90  -59  0
-65  -82  2  0
29  94  -87  0
32  -98  -3  0
80  73  66  0
56  1  24  0
11  27  45  0
-67  -43  94  0
-46  -6  79  0
86  81  73  0
91  19  -55  0
93  30  87  0
57  78  -76  0
14  -92  -80  0
95  -9  -72  0
-96  47  20  0
-64  -49  45  0
20  -9  -85  0
55  -79  -77  0
-87  15  84  0
97  -87  70  0
91  -45  -70  0
68  -4  28  0
54  -100  34  0
-26  16  39  0
40  -96  9  0
59  -76  47  0
11  -85  42  0
53  -78  41  0
-84  60  4  0
96  -32  -79  0
28  -10  87  0
-46  69  -49  0
39  -22  78  0
-49  62  93  0
-87  7  95  0
68  -97  -67  0
-71  -68  8  0
77  -48  22  0
53  67  34  0
54  -10  15  0
18  -59  38  0
-23  -12  -95  0
-93  -83  -3  0
36  -27  -15  0
45  -29  99  0
-34  10  -74  0
97  -42  -94  0
-1  -31  97  0
2  -22  -38  0
33  6  -17  0
-33  55  -59  0
76  -44  -17  0
-79  -10  89  0
20  68  -63  0
-17  6  -34  0
73  75  -28  0
27  24  -14  0
-27  15  -1  0
33  -72  -7  0
4  -3  -52  0
10  88  12  0
42  35  -10  0
-95  8  2  0
-63  38  22  0
77  -9  39  0
25  52  -51  0
-51  69  -70  0
4  -5  36  0
73  -63  80  0
-57  -40  49  0
43  64  -15  0
10  22  62  0
26  -81  77  0
96  -1  -37  0
-56  -92  -41  0
2  19  18  0
72  -39  57  0
-64  9  85  0
-18  -27  -97  0
-34  -38  -64  0
-41  -26  50  0
-2  -23  -41  0
24  44  -86  0
47  -89  -32  0
-92  82  24  0
84  23  -31  0
-90  -33  -38  0
88  54  -82  0
2  100  6  0
53  -5  25  0
-16  -54  77  0
10  65  -36  0
52  -24  -100  0
-7  -25  37  0
19  -6  -42  0
66  -80  -33  0
66  -80  34  0
-48  -41  -60  0
83  79  -38  0
-35  38  71  0
-25  -11  -49  0
-23  -1  48  0
-5  -96  -15  0
-70  11  -46  0
-23  -37  -87  0
-21  25  -55  0
-2  52  -42  0
-73  -89  -22  0
-56  -83  -8  0
10  50  -55  0
100  16  -90  0
25  -78  44  0
-92  -66  -27  0
50  -27  41  0
-49  -7  48  0
20  -63  -7  0
23  -7  9  0
4  99  -39  0
49  -53  -6  0
-83  13  32  0
73  98  28  0
19  -13  79  0
24  57  37  0
51  -64  83  0
-88  -97  48  0
47  -45  -99  0
-7  -76  46  0
47  -37  80  0
100  -90  38  0
-71  -2  52  0
-47  -51  -29  0
30  -76  -8  0
-53  52  -97  0
-40  68  44  0
100  -85  62  0
12  79  95  0
3  -27  -96  0
-84  -89  -83  0
33  -64  11  0
73  -69  61  0
14  21  48  0
67  -89  19  0
-74  -99  -25  0
-95  -41  -26  0
57  26  -20  0
-72  26  42  0
-37  -62  -18  0
98  -9  73  0
13  -37  55  0
45  98  -34  0
87  78  17  0
-92  16  10  0
-67  -86  -25  0
-61  53  20  0
-94  -51  -57  0
-15  41  52  0
-8  -48  91  0
63  74  -13  0
-98  -51  -99  0
-51  83  47  0
-68  -92  -36  0
1  -50  69  0
-87  35  76  0
-22  -2  -75  0
53  -61  11  0
47  -61  -40  0
49  -82  80  0
-68  -59  43  0
26  -38  -5  0
3  -60  100  0
-94  98  33  0
28  -10  36  0
98  -94  -38  0
-36  -38  79  0
-92  -75  -72  0
-65  -24  -100  0
26  -53  -89  0
-39  31  -73  0
24  -31  5  0
20  -62  -25  0
-14  87  32  0
9  -49  -74  0
89  72  -75  0
-19  39  -96  0
-49  -43  -42  0
66  34  86  0
73  -20  5  0
-4  -94  68  0
79  -88  32  0
23  26  -73  0
20  -22  -75  0
70  22  87  0
7  93  91  0
31  38  -75  0
-90  61  16  0
98  35  24  0
-96  -65  89  0
-88  -65  82  0
21  -61  -52  0
98  47  -89  0
3  -97  1  0
97  31  -43  0
63  -50  -42  0
39  79  -10  0
4  -32  94  0
-36  -68  -46  0
60  73  72  0
90  -61  -96  0
12  38  89  0
-99  72  -85  0
-55  86  -25  0
-50  47  -20  0
64  -40  80  0
27  -56  58  0
31  -87  -36  0
22  98  -91  0
-19  78  -13  0
-15  -43  19  0
-38  -3  -25  0
-70  78  3  0
19  9  39  0
-71  -21  50  0
-72  -6  -82  0
-48  79  -86  0
14  27  50  0
27  14  40  0
-2  7  67  0
-35  81  11  0
-21  42  7  0
-41  1  62  0
-79  -56  -52  0
-98  -14  41  0
9  -81  -72  0
52  35  4  0
-77  -96  -75  0
65  -1  -96  0
-97  -56  81  0
84  70  89  0
-62  -52  -83  0
79  56  50  0
-93  -8  24  0
-48  85  45  0
71  6  63  0
41  -61  -76  0
67  62  41  0
-65  99  -71  0
42  -19  85  0
99  88  64  0
37  -38  -75  0
-75  2  72  0
58  -42  -24  0
91  -5  29  0
20  36  -51  0
17  77  -96  0
71  14  80  0
-34  -57  12  0
66  -89  55  0
-97  -78  -2  0
8  15  31  0
65  -70  -54  0
-51  6  -4  0
-81  16  -42  0
-3  83  -25  0
-22  67  -85  0
-84  -85  9  0
-55  25  -52  0
-7  -29  -25  0
-55  -71  -78  0
60  8  -37  0
70  44  51  0
66  52  58  0
81  66  -14  0
-86  -61  100  0
-94  -26  17  0
-72  40  -30  0
41  76  -53  0
14  12  -69  0
-21  91  -63  0
-77  -5  -57  0
-49  -88  -86  0
-72  -77  -60  0
-54  18  -4  0
-15  -31  -25  0
-81  30  19  0
-27  -76  -80  0
-60  -14  86  0
-58  81  -55  0
54  -71  73  0
-2  -17  47  0
-12  -38  -94  0
-67  -66  -21  0
26  -65  -30  0
-40  -1  -89  0
74  -45  63  0
22  24  29  0
90  75  15  0
89  -48  -70  0
19  -55  -53  0
75  91  20  0
53  100  -51  0
-61  -14  -18  0
3  -30  45  0
68  -14  31  0
50  -87  5  0
-28  85  -65  0
-93  86  -73  0
-88  -1  -87  0
-97  62  35  0
31  15  94  0
74  -71  -66  0
-24  -82  79  0
5  -69  -39  0
71  -70  -81  0
44  62  -36  0
