c mkcnf random cnf with seed 44403, max clause length 3
c FORCED SATISFIABLE
c 
p cnf 100  430
-44  -51  -58  0
-14  -55  -47  0
-70  -35  -4  0
15  20  99  0
-47  88  71  0
86  68  72  0
12  52  -98  0
55  35  100  0
41  68  66  0
59  -62  -19  0
76  97  -72  0
19  -93  39  0
-79  78  59  0
-20  -91  -43  0
-44  -29  11  0
-50  -30  56  0
-15  -59  -1  0
-37  -23  39  0
78  26  -30  0
84  -71  -45  0
60  -22  86  0
-29  -75  -44  0
-7  46  -34  0
31  -93  -24  0
58  74  65  0
62  9  45  0
1  74  -47  0
-13  44  -52  0
28  -44  3  0
-59  53  56  0
1  -25  5  0
-94  81  93  0
72  -64  -13  0
-50  -69  1  0
-80  34  83  0
-2  10  -99  0
51  5  -59  0
59  -38  77  0
19  -33  70  0
42  100  -17  0
56  -70  33  0
-32  48  -75  0
64  -43  3  0
-66  80  85  0
-36  -31  77  0
26  54  -30  0
16  -81  27  0
20  40  -36  0
1  91  -32  0
-54  -55  7  0
-59  53  2  0
85  -97  -36  0
9  -76  -73  0
-36  -73  -50  0
87  54  -21  0
74  43  -7  0
34  -52  56  0
58  19  88  0
88  -79  -6  0
68  -16  -18  0
-8  19  -82  0
-30  13  48  0
-41  -71  53  0
41  99  -17  0
65  -16  -57  0
-95  49  -96  0
28  12  33  0
-41  53  -59  0
22  -47  34  0
99  -60  81  0
-12  25  -18  0
11  77  2  0
78  -61  -54  0
-79  -82  59  0
69  -36  -56  0
-10  2  67  0
96  -44  40  0
100  54  71  0
-20  -7  -15  0
40  39  -37  0
-78  4  -26  0
-6  59  -14  0
23  -50  -70  0
38  66  64  0
67  13  -40  0
-54  96  -15  0
-28  -72  -8  0
73  48  -13  0
13  39  -87  0
-91  67  -45  0
-79  49  78  0
-98  -74  8  0
29  39  -27  0
-98  73  -96  0
-63  47  -95  0
-15  35  29  0
-86  8  83  0
-100  -57  37  0
-70  44  -22  0
-54  82  -36  0
79  -54  -68  0
28  69  -59  0
-17  -81  47  0
-54  30  39  0
19  -18  -13  0
51  11  -8  0
-62  81  -78  0
91  2  -34  0
95  24  -42  0
-89  -1  -50  0
74  33  4  0
-74  -70  57  0
48  -83  -73  0
-66  -38  -71  0
-22  46  57  0
-34  27  -99  0
80  -8  -68  0
-8  57  4  0
-91  -67  -50  0
73  97  7  0
100  -35  98  0
-27  -89  98  0
27  53  49  0
85  -100  58  0
-54  14  15  0
83  44  -2  0
38  31  14  0
83  -21  -86  0
32  40  -31  0
47  2  94  0
-59  78  71  0
-99  -41  -15  0
96  -76  -57  0
15  98  21  0
48  -82  13  0
19  -65  -68  0
70  74  49  0
-31  40  -3  0
62  28  66  0
64  -54  -32  0
24  -95  -4  0
10  38  96  0
82  -87  13  0
-75  4  -71  0
44  -84  -87  0
86  -73  69  0
-87  77  -72  0
-7  91  -97  0
-59  -53  -77  0
-1  -12  -42  0
68  65  89  0
-24  46  81  0
-80  -66  -82  0
-5  -25  86  0
51  79  -12  0
95  94  99  0
-17  89  81  0
-51  52  32  0
-81  -9  56  0
-79  11  -24  0
100  -43  7  0
98  50  -20  0
12  -4  15  0
-41  34  47  0
14  12  32  0
-13  46  84  0
91  64  67  0
67  -27  21  0
-88  -93  -79  0
-73  -60  26  0
-53  -22  39  0
-19  58  -12  0
56  -1  -27  0
-28  61  -33  0
43  49  -77  0
-80  86  -69  0
77  58  57  0
-80  11  -96  0
-27  -9  73  0
-75  92  22  0
-68  79  14  0
-79  -57  66  0
-73  29  -8  0
1  43  -48  0
97  13  -39  0
-27  -61  -6  0
66  63  -47  0
99  -69  2  0
6  -91  48  0
-88  -58  -76  0
-100  48  51  0
-93  -70  14  0
62  -38  25  0
-94  -51  90  0
7  8  9  0
-85  -17  -47  0
91  -53  -3  0
47  55  16  0
57  -32  -86  0
-14  55  74  0
-96  19  -35  0
-63  80  -51  0
50  64  -5  0
62  -61  -40  0
-78  53  -91  0
-24  94  86  0
2  -71  69  0
56  -83  -47  0
-40  -15  -36  0
37  36  44  0
100  70  50  0
47  -53  -86  0
59  72  -57  0
-93  36  -2  0
97  -46  62  0
-46  90  43  0
-15  35  28  0
-16  -50  78  0
-70  -97  -76  0
-38  33  -27  0
8  40  -4  0
29  78  -66  0
95  -34  -62  0
-36  86  -74  0
48  -70  69  0
1  -72  -59  0
1  40  53  0
10  -84  -7  0
-46  42  100  0
-32  11  -66  0
12  67  -11  0
27  56  9  0
47  -96  -88  0
38  31  86  0
70  -37  22  0
-80  62  -23  0
-73  -94  100  0
-13  -57  85  0
94  28  -32  0
33  97  -25  0
62  77  29  0
13  40  86  0
77  -45  30  0
64  -22  -32  0
13  -41  73  0
64  66  -61  0
23  31  -97  0
97  -57  -36  0
87  73  94  0
59  13  -53  0
29  -28  -6  0
-42  -74  83  0
34  62  7  0
38  -14  89  0
-39  18  23  0
66  -68  56  0
54  31  -84  0
14  10  86  0
12  -80  63  0
-62  -36  69  0
-73  31  24  0
-74  34  -71  0
-67  -82  -61  0
-97  -19  81  0
-14  -47  34  0
44  -82  -71  0
95  -49  73  0
-98  -10  -52  0
-87  -64  90  0
-52  -54  -59  0
19  -47  20  0
-1  49  -48  0
-52  25  -30  0
79  -8  75  0
80  87  -41  0
-100  89  33  0
-66  -82  17  0
-34  -83  62  0
47  39  38  0
28  16  54  0
-87  39  -21  0
8  -25  -14  0
48  -99  79  0
71  28  -84  0
34  -45  72  0
-1  -2  -42  0
-73  91  -58  0
-16  26  99  0
-85  -5  58  0
29  40  14  0
-46  -96  43  0
73  -84  90  0
-13  75  29  0
-86  62  -63  0
82  95  -73  0
-1  94  -71  0
-71  -100  -19  0
22  -56  13  0
50  98  -89  0
67  2  36  0
-81  -93  61  0
-11  -77  6  0
27  -47  74  0
-58  27  30  0
-29  67  -72  0
-10  -52  18  0
-71  94  -23  0
3  82  -13  0
47  100  40  0
60  17  55  0
-17  95  -51  0
78  14  80  0
-9  82  44  0
95  98  86  0
-39  9  18  0
-28  -31  -32  0
-34  22  -71  0
-24  -39  -69  0
-93  -44  -6  0
-36  1  3  0
-94  31  -73  0
36  -42  -27  0
-57  -19  -75  0
53  12  -58  0
-81  -26  -33  0
-60  42  74  0
87  70  6  0
35  -5  -75  0
69  -39  -16  0
45  -32  8  0
17  11  -64  0
29  -27  -51  0
-76  -5  81  0
40  8  -64  0
-11  -60  15  0
42  -22  12  0
-99  -48  -57  0
69  -63  13  0
-53  35  -10  0
7  83  -48  0
43  2  75  0
-5  47  99  0
-18  4  13  0
-87  20  58  0
97  -80  45  0
-21  -68  86  0
87  50  31  0
-87  2  -80  0
65  -72  98  0
100  11  97  0
22  98  -45  0
-17  -37  -52  0
73  -46  -90  0
-45  68  -59  0
74  46  -55  0
25  -35  10  0
-52  -1  -39  0
-6  -93  22  0
-48  25  -21  0
48  -31  64  0
-50  -9  -24  0
-60  -69  -89  0
-50  9  55  0
90  -66  -30  0
-63  45  -96  0
-83  -92  26  0
-80  58  -53  0
49  -40  27  0
-85  32  31  0
-64  72  -28  0
99  35  22  0
83  52  -60  0
62  54  -11  0
-44  68  -78  0
3  13  -89  0
-8  -33  -81  0
-21  -56  3  0
-9  -4  -64  0
-82  13  -59  0
-74  -32  -61  0
-91  -36  48  0
14  86  -48  0
-37  -92  -35  0
-98  29  56  0
-69  16  -55  0
-42  1  -45  0
38  35  8  0
54  -4  43  0
-13  6  -50  0
19  -60  22  0
52  37  69  0
62  57  -37  0
57  21  72  0
21  -88  8  0
-67  34  95  0
-23  -1  17  0
19  -98  -72  0
39  -2  -77  0
17  -18  -60  0
-26  84  25  0
81  78  79  0
57  -35  59  0
-16  97  41  0
-35  -63  -42  0
-29  27  -74  0
91  -68  -87  0
1  -88  -23  0
-88  15  4  0
22  30  1  0
-3  89  26  0
-71  -54  -29  0
16  49  -90  0
-92  -61  -10  0
70  -84  -57  0
-62  -84  78  0
66  61  19  0
-67  69  -82  0
76  -34  -59  0
80  -71  -37  0
60  1  70  0
-89  46  3  0
-32  -34  36  0
-19  44  -11  0
6  58  -41  0
38  44  -49  0
-77  -49  -3  0
-62  -74  -14  0
100  11  -88  0
-97  -23  10  0
-21  88  19  0
