c mkcnf random cnf with seed 44381, max clause length 3
c FORCED SATISFIABLE
c 
p cnf 100  430
-14  -55  -29  0
-71  -84  -38  0
-44  40  82  0
-27  -93  47  0
81  62  -20  0
41  77  22  0
97  64  -10  0
-67  -24  99  0
-83  -73  15  0
69  -87  34  0
5  -58  73  0
-86  -64  27  0
47  31  -86  0
-56  23  -32  0
25  96  -4  0
-90  15  37  0
-1  85  -88  0
3  -61  -5  0
-99  71  94  0
60  9  -7  0
78  41  93  0
-10  15  -31  0
97  -82  -98  0
-22  32  20  0
-43  -20  -18  0
-72  21  -33  0
-74  -26  -95  0
96  31  90  0
45  29  -49  0
-14  -37  90  0
49  30  44  0
82  -16  20  0
-83  48  -29  0
23  89  77  0
-80  -77  -50  0
14  21  -56  0
-67  99  -73  0
64  2  -65  0
-83  60  -91  0
40  34  24  0
-61  85  -29  0
52  -49  -2  0
26  -68  58  0
95  -33  -89  0
41  -14  -26  0
-50  -98  21  0
9  -84  55  0
91  -11  59  0
-37  92  89  0
4  64  -25  0
-57  20  56  0
-20  -21  -49  0
31  -9  88  0
26  -78  -68  0
-88  10  58  0
30  -64  50  0
-20  -21  93  0
44  59  43  0
-15  -95  61  0
-35  -82  -25  0
48  88  54  0
15  53  4  0
-13  -30  -93  0
43  -20  -96  0
-91  100  -34  0
4  20  -80  0
35  34  6  0
58  49  -83  0
75  -89  56  0
31  -48  -26  0
91  -70  -50  0
36  35  -5  0
-75  7  41  0
93  97  71  0
78  88  7  0
7  85  45  0
-60  41  79  0
-72  76  93  0
34  -94  88  0
82  3  -94  0
58  -22  65  0
32  -63  56  0
19  37  45  0
22  44  42  0
-83  89  -64  0
91  9  -51  0
-81  -59  -12  0
-54  5  -82  0
-61  40  -34  0
-84  34  -99  0
-6  -77  61  0
57  -58  -9  0
3  84  -69  0
25  -16  89  0
79  -71  -89  0
90  -84  -75  0
7  92  26  0
56  -5  -81  0
-72  33  45  0
-36  57  82  0
-26  -2  80  0
-51  5  -53  0
-58  -66  -23  0
-3  -97  -65  0
-21  -23  -67  0
13  -64  -89  0
-40  -33  -92  0
75  -51  53  0
-6  1  27  0
-53  30  71  0
33  36  28  0
-36  45  -94  0
46  71  -77  0
30  -26  85  0
-45  28  81  0
51  14  -98  0
49  -83  34  0
67  53  -1  0
-58  -11  38  0
-33  22  -84  0
-22  90  -24  0
-55  53  -3  0
-11  85  21  0
84  -28  1  0
68  69  -29  0
6  -83  -8  0
-83  -78  62  0
1  59  -52  0
-11  49  35  0
51  43  -58  0
-61  5  -42  0
-20  96  30  0
87  -9  -77  0
54  -51  99  0
-96  47  94  0
-5  49  -1  0
11  -53  -18  0
97  -30  72  0
-60  -81  -37  0
-77  43  -17  0
68  -58  -55  0
-58  47  92  0
-29  49  82  0
12  1  -95  0
91  -99  38  0
-60  -17  -66  0
-2  -12  -17  0
-96  -91  -59  0
95  -29  2  0
92  -96  29  0
-21  70  -78  0
89  13  32  0
-7  32  -30  0
-48  -59  69  0
77  29  15  0
40  -19  -13  0
78  90  -47  0
4  24  91  0
-70  -42  84  0
66  -90  -68  0
83  89  85  0
-69  -51  60  0
53  -56  -30  0
76  45  3  0
-29  -100  40  0
-70  5  -32  0
-48  16  -90  0
-23  54  -69  0
63  -38  -55  0
11  8  -7  0
79  -84  -45  0
64  77  -32  0
43  58  2  0
6  95  85  0
-45  -61  54  0
73  -40  69  0
82  -48  -58  0
97  57  11  0
99  -58  82  0
-6  40  -65  0
-51  41  29  0
-80  -31  -100  0
58  -74  59  0
39  -100  56  0
57  -3  -30  0
37  90  34  0
49  -90  60  0
-22  -7  -27  0
23  -66  43  0
-66  1  96  0
-20  99  -13  0
96  -13  -7  0
12  74  -53  0
36  -32  -76  0
51  -59  -95  0
-43  -100  -54  0
90  33  36  0
-60  -50  -20  0
-37  100  15  0
-27  45  40  0
43  16  -19  0
-24  45  79  0
-51  92  -54  0
-79  9  96  0
10  47  -55  0
50  -37  62  0
-91  98  -57  0
-84  58  -83  0
-24  -39  73  0
-19  -92  -75  0
21  6  -41  0
75  7  -29  0
56  20  -39  0
-91  -26  19  0
73  -2  -99  0
20  87  -86  0
56  -1  -94  0
30  84  93  0
12  -35  -79  0
60  -38  -9  0
26  59  60  0
-23  35  63  0
26  -31  -21  0
-26  89  45  0
92  -25  -17  0
-46  6  -21  0
-53  -66  -73  0
65  64  -23  0
74  -68  90  0
-5  -42  -16  0
-62  -90  -32  0
29  -54  -33  0
65  77  -20  0
26  -54  31  0
-67  -61  -47  0
32  22  77  0
-64  -58  -94  0
-88  32  -2  0
86  18  36  0
41  -60  -45  0
58  -50  35  0
30  45  -32  0
55  24  6  0
65  71  -64  0
80  68  20  0
90  68  15  0
52  -39  -71  0
51  -33  37  0
65  25  55  0
-70  35  -33  0
2  -44  -13  0
16  -40  -45  0
-47  83  -74  0
91  -3  1  0
-67  22  -38  0
-100  -10  6  0
-84  -28  14  0
76  -83  36  0
-44  94  1  0
16  46  -80  0
81  -37  32  0
-40  -8  -32  0
48  65  91  0
-20  94  -9  0
51  39  -57  0
-41  54  -63  0
-68  77  -43  0
-30  99  91  0
79  -50  -64  0
-66  94  -75  0
-31  -13  -18  0
26  -18  -65  0
-90  23  60  0
34  42  -35  0
-59  54  -94  0
-43  53  -99  0
1  -84  -7  0
-79  15  -40  0
35  -48  -60  0
-2  48  28  0
29  -3  -64  0
38  45  -64  0
39  75  86  0
-46  -70  -62  0
60  4  -25  0
6  -2  -9  0
56  99  53  0
75  -53  -27  0
7  21  38  0
-39  -86  -3  0
-10  -71  -18  0
-13  83  -100  0
12  -81  -72  0
12  87  -44  0
-39  40  44  0
35  -31  2  0
74  -13  -58  0
95  97  -39  0
-17  -64  51  0
27  30  -25  0
-44  -98  29  0
-75  26  71  0
-2  -51  -61  0
16  -70  96  0
-27  38  -68  0
58  49  -65  0
-95  -76  -19  0
52  31  51  0
-46  -50  -16  0
38  76  -34  0
91  -82  -77  0
79  -25  86  0
49  -20  -82  0
60  -73  -96  0
-18  -70  -65  0
67  -35  -57  0
-38  66  7  0
53  4  -64  0
-32  93  63  0
-3  98  -43  0
-23  -16  -87  0
87  11  85  0
-37  -66  -83  0
26  -47  95  0
49  43  97  0
26  -79  -56  0
23  -36  5  0
-78  100  -28  0
-90  61  -23  0
94  27  -30  0
74  45  -67  0
-82  5  -38  0
85  33  67  0
55  34  -9  0
73  36  88  0
16  -19  9  0
58  -65  17  0
-51  -48  52  0
35  -68  -83  0
-69  94  -74  0
-77  40  60  0
-72  81  -47  0
43  -50  67  0
-30  9  69  0
-67  -27  -43  0
74  93  76  0
89  -42  -53  0
-97  -2  -52  0
-74  -58  83  0
-7  8  77  0
76  -18  -69  0
-84  -56  18  0
46  -11  61  0
-88  -3  86  0
59  -95  -25  0
70  -46  -51  0
66  -45  -78  0
2  85  77  0
15  -32  3  0
-61  -46  26  0
24  43  -44  0
-39  21  99  0
-75  -92  54  0
54  33  75  0
-56  66  -84  0
49  -29  76  0
-77  75  -3  0
-34  -81  -51  0
3  31  -87  0
51  -38  44  0
-64  63  -39  0
-58  -18  -54  0
58  95  -15  0
69  44  90  0
80  23  62  0
92  100  33  0
95  -29  66  0
-36  -21  27  0
-22  -60  -18  0
71  88  58  0
-23  -53  -50  0
58  63  -33  0
36  -7  -65  0
-67  16  -74  0
-100  25  45  0
82  -26  -49  0
95  80  99  0
44  -58  -6  0
-19  -69  97  0
-50  32  23  0
-90  30  10  0
78  -81  69  0
-45  -67  95  0
-82  30  -62  0
94  50  64  0
-69  -30  46  0
-69  -26  100  0
-10  -67  -71  0
44  36  -26  0
-93  75  64  0
-98  83  54  0
15  16  -1  0
-82  -11  81  0
34  -89  53  0
4  76  70  0
-60  -22  34  0
94  -31  98  0
2  39  35  0
1  -40  90  0
52  44  -86  0
81  73  21  0
21  14  -47  0
43  1  41  0
-53  -37  57  0
71  -99  9  0
-25  16  85  0
-67  -42  -89  0
-28  61  37  0
76  -80  25  0
-12  -97  24  0
14  30  58  0
-97  -21  -41  0
57  -26  74  0
-52  4  -48  0
-70  -1  21  0
-58  2  15  0
63  -99  71  0
-22  -27  -93  0
65  85  -52  0
60  81  -4  0
