c mkcnf random cnf with seed 44457, max clause length 3
c FORCED SATISFIABLE
c 
p cnf 100  430
56  95  -76  0
72  78  -95  0
72  67  63  0
-72  80  47  0
51  -10  -62  0
82  35  51  0
62  24  98  0
4  -80  -45  0
80  50  51  0
-91  -46  49  0
-85  -25  -4  0
-94  81  -80  0
88  -80  2  0
78  -27  53  0
43  65  -44  0
41  91  -26  0
49  62  -75  0
-6  -85  -23  0
-68  95  -54  0
-95  -31  -5  0
94  -99  -7  0
71  29  72  0
64  23  16  0
-11  -87  82  0
3  47  15  0
20  44  90  0
82  60  93  0
-54  100  59  0
33  -100  -96  0
95  36  49  0
42  89  -24  0
13  -60  59  0
-83  71  -91  0
-27  -71  52  0
40  -84  -27  0
1  -89  -57  0
88  -38  -87  0
-70  -88  38  0
25  -34  -24  0
87  57  -67  0
-75  92  50  0
32  5  -15  0
-98  -18  49  0
48  -24  33  0
92  18  5  0
-20  -33  -54  0
-42  74  18  0
20  -28  15  0
61  75  -83  0
-54  -80  22  0
12  8  58  0
-76  92  88  0
-40  -60  -10  0
10  -3  92  0
40  77  49  0
75  46  -90  0
70  30  90  0
93  -9  84  0
46  -32  -66  0
-35  -45  49  0
-97  -31  -56  0
79  -80  55  0
-57  77  -34  0
19  -34  -61  0
42  78  -91  0
-67  8  -31  0
-44  -92  -81  0
18  -32  -93  0
-20  -69  96  0
-12  -87  -81  0
39  80  -5  0
13  -63  20  0
47  -48  -91  0
26  -3  -30  0
26  16  -45  0
19  -48  52  0
-31  26  -54  0
-37  -27  -45  0
83  -60  16  0
-78  -74  85  0
78  58  -20  0
14  -75  -28  0
-49  -97  -88  0
-9  -29  -27  0
-67  -31  -27  0
41  27  -54  0
-45  -83  -46  0
-25  -83  24  0
34  25  99  0
18  -43  -48  0
84  -38  37  0
65  16  -6  0
-74  -70  82  0
43  57  95  0
-86  33  -23  0
22  89  -41  0
58  52  -99  0
18  21  54  0
-46  -71  -66  0
53  -5  -95  0
81  26  92  0
2  -85  -75  0
-11  -34  40  0
-98  13  -28  0
7  -88  -49  0
-77  17  -1  0
-81  -76  4  0
-65  99  91  0
-10  -70  31  0
-37  15  -53  0
-70  -47  39  0
-95  56  17  0
-98  11  64  0
-76  -42  3  0
48  38  -19  0
80  -23  -49  0
-31  -58  99  0
54  -86  22  0
-45  -21  51  0
-29  -64  92  0
4  -68  -1  0
28  43  6  0
-91  59  25  0
-5  2  -18  0
-44  28  53  0
-53  39  7  0
-52  72  -90  0
6  93  -51  0
75  52  -55  0
-26  -100  -43  0
98  64  -88  0
57  -40  82  0
-23  96  20  0
-21  -42  73  0
-15  70  77  0
91  4  -99  0
-46  23  36  0
-3  26  78  0
58  42  -38  0
3  31  28  0
9  48  -59  0
15  -19  33  0
48  -94  -61  0
-30  6  12  0
-100  54  -21  0
13  18  62  0
-49  -74  16  0
-11  -66  31  0
-22  84  -1  0
2  84  67  0
-39  41  17  0
-68  50  87  0
46  -82  61  0
38  -3  96  0
2  -16  90  0
-9  81  -59  0
-33  -72  -80  0
-51  -32  56  0
-17  65  3  0
51  -78  73  0
-66  -29  -35  0
79  -88  -90  0
-70  -1  -96  0
-69  -77  -51  0
-94  -22  -97  0
-25  74  -99  0
49  13  -17  0
-76  -11  -1  0
-57  -87  -24  0
-12  4  -96  0
5  -57  -46  0
78  3  100  0
73  78  -82  0
51  72  43  0
-83  47  29  0
-28  92  -10  0
-81  -23  -18  0
11  -70  -65  0
-34  -83  -67  0
71  -40  -20  0
-75  -43  -12  0
40  -60  -100  0
79  29  46  0
3  81  -2  0
-43  -60  -6  0
42  -77  66  0
31  65  -49  0
-59  -24  26  0
76  -27  49  0
-13  -74  81  0
-82  -14  -37  0
69  -49  -22  0
-67  -83  55  0
-27  -64  43  0
6  53  -93  0
22  -21  23  0
-43  -51  53  0
47  41  66  0
-62  -65  -88  0
65  27  -25  0
-11  -27  -44  0
43  -7  -27  0
-55  -38  -22  0
-36  -30  -18  0
-23  66  -50  0
98  18  39  0
-80  81  -72  0
-73  12  53  0
99  32  67  0
25  -34  -18  0
30  36  -41  0
-38  -92  -83  0
-59  -34  35  0
-16  25  -30  0
-92  -85  -28  0
-74  37  51  0
-62  -44  70  0
97  -58  89  0
-44  -25  79  0
45  30  73  0
86  -20  -12  0
82  26  -22  0
-84  -91  -46  0
-43  46  93  0
10  -46  -77  0
3  -54  93  0
89  56  18  0
-91  -5  -39  0
70  -55  56  0
87  8  -6  0
-83  -54  10  0
42  -28  -14  0
67  40  24  0
6  88  24  0
-47  -35  -90  0
95  -55  -11  0
34  -71  -15  0
-63  34  -40  0
21  94  -3  0
-39  -33  88  0
3  48  -24  0
3  -13  -51  0
31  83  -67  0
89  -53  -54  0
-93  45  -83  0
-78  -36  29  0
-19  11  -86  0
-40  32  -51  0
-93  47  69  0
99  19  42  0
27  67  76  0
76  -1  44  0
35  36  -45  0
-8  -5  87  0
-80  37  7  0
31  29  -88  0
-85  -81  -55  0
-98  99  95  0
-15  -4  92  0
-96  81  9  0
8  62  65  0
-92  31  -24  0
-41  36  9  0
-27  -32  36  0
23  39  -59  0
84  -83  -10  0
-77  -55  -47  0
-18  -53  -40  0
11  -81  26  0
66  -4  -43  0
21  -25  75  0
44  -58  80  0
-59  74  67  0
74  -18  75  0
70  9  -20  0
9  68  7  0
85  -74  88  0
92  88  -19  0
-66  -90  -100  0
-67  -26  -49  0
43  -17  -94  0
-24  -51  33  0
21  15  -63  0
97  78  68  0
-52  -17  -41  0
-16  4  -60  0
23  -39  11  0
79  5  -7  0
41  -47  -19  0
-4  -63  64  0
24  -62  -30  0
22  -15  17  0
-18  -11  68  0
-91  -60  -10  0
52  54  -50  0
10  -27  50  0
3  -83  -19  0
-33  62  96  0
-93  -81  41  0
15  -3  17  0
-19  77  86  0
-47  -14  -61  0
51  11  34  0
-72  1  -97  0
11  -41  -43  0
50  -6  -72  0
82  4  -95  0
34  51  75  0
-77  -47  93  0
-19  -96  -20  0
68  62  -86  0
-78  -84  69  0
-48  -37  -72  0
1  -71  12  0
-93  87  -56  0
15  -12  -96  0
1  -45  -40  0
-88  -74  32  0
67  100  -59  0
58  93  -94  0
-48  -27  -93  0
82  48  -66  0
23  -16  72  0
-66  93  49  0
3  83  -18  0
94  17  43  0
-37  -34  -12  0
1  26  51  0
-65  84  -29  0
87  -26  97  0
-46  -3  36  0
56  -82  -50  0
76  28  -54  0
-53  -1  37  0
-62  -79  70  0
-21  66  -1  0
-17  78  22  0
-23  -96  81  0
-28  93  78  0
16  86  -41  0
-25  17  -50  0
97  35  62  0
-57  52  68  0
16  28  14  0
42  82  -38  0
56  97  -7  0
64  70  -9  0
9  -87  74  0
-39  38  70  0
-83  20  -80  0
-18  99  -51  0
-74  -51  54  0
-4  -67  61  0
-77  -41  27  0
-4  73  -84  0
-41  75  70  0
-46  74  -71  0
-91  46  -51  0
8  -68  -38  0
-96  -32  -79  0
-51  73  -13  0
33  -90  28  0
96  -53  -78  0
35  -37  24  0
32  31  60  0
-3  66  35  0
-57  -80  83  0
62  -99  -48  0
-73  -22  23  0
-42  94  -71  0
-14  -37  -68  0
-60  49  -74  0
-16  -45  83  0
-61  -4  -6  0
54  5  96  0
-90  -40  23  0
17  -73  -99  0
79  65  -4  0
-37  -39  65  0
20  53  -96  0
39  -26  -38  0
18  95  -34  0
-47  -14  -18  0
-84  57  -97  0
89  21  70  0
-18  -99  32  0
-46  95  -61  0
64  -89  -21  0
-27  -23  -77  0
28  -84  52  0
47  31  53  0
90  -91  -45  0
75  88  81  0
-34  -30  12  0
-32  86  45  0
-2  19  31  0
39  87  20  0
-97  25  -58  0
3  -71  30  0
77  54  -68  0
20  -1  50  0
-3  -51  -68  0
6  -15  71  0
18  52  36  0
-43  33  -20  0
-26  -93  30  0
27  55  -25  0
74  -42  -35  0
-14  29  -96  0
-8  86  97  0
89  -83  54  0
56  -25  -4  0
92  -11  -16  0
-82  -1  -84  0
-95  -91  11  0
26  32  58  0
22  -100  44  0
71  53  59  0
47  -70  -68  0
4  76  62  0
60  39  -35  0
87  90  29  0
-30  -88  -3  0
96  36  -35  0
-35  -53  8  0
-56  67  6  0
19  -95  -18  0
51  -26  93  0
36  -15  -34  0
-11  41  -45  0
