c mkcnf random cnf with seed 44384, max clause length 3
c FORCED SATISFIABLE
c 
p cnf 100  430
9  -91  97  0
-93  28  -88  0
-56  89  43  0
5  1  -64  0
42  -41  -51  0
19  47  92  0
-97  -26  -87  0
-99  -50  82  0
-84  55  -100  0
49  6  39  0
53  79  56  0
52  -62  -74  0
41  37  42  0
-30  -57  -54  0
-98  40  -48  0
59  98  27  0
-36  -9  97  0
-51  -15  -87  0
-40  -85  51  0
-63  49  76  0
21  93  -41  0
51  -76  95  0
38  31  -96  0
-36  15  -58  0
13  42  80  0
-86  41  -28  0
-26  -80  -21  0
-76  1  -79  0
-71  -24  -47  0
37  7  69  0
-1  -10  39  0
3  90  -73  0
27  88  94  0
70  87  -64  0
46  -70  -95  0
56  -24  -40  0
50  4  69  0
-82  83  22  0
57  -45  25  0
63  -42  33  0
-83  -13  -52  0
-20  81  -93  0
-59  86  -70  0
31  72  11  0
41  32  -29  0
9  -2  -57  0
-61  -53  72  0
10  29  -31  0
18  -41  37  0
-39  82  45  0
-81  78  91  0
-32  -7  92  0
90  -72  -55  0
-73  -48  50  0
62  35  48  0
21  -92  69  0
28  42  -86  0
-49  87  64  0
32  -28  -1  0
57  90  78  0
71  -100  -12  0
25  68  40  0
7  -19  94  0
22  -59  15  0
-24  -49  64  0
-32  95  -48  0
57  45  -41  0
18  -35  46  0
-40  -70  -14  0
-40  86  35  0
-18  -81  -31  0
-82  -80  29  0
-51  67  25  0
26  -82  4  0
-97  76  16  0
29  97  -19  0
94  36  65  0
-97  28  23  0
-18  -88  -53  0
-56  89  99  0
-2  -97  -62  0
-51  36  60  0
5  -8  -17  0
51  17  89  0
68  9  80  0
75  51  -86  0
30  -41  61  0
21  -62  -27  0
77  -10  -40  0
-2  84  -43  0
-14  -23  50  0
92  55  -94  0
-25  30  -9  0
-65  -100  99  0
55  72  42  0
-22  79  -10  0
51  95  -1  0
-83  -50  -67  0
91  -55  -21  0
-55  -37  -9  0
-78  -88  -16  0
39  -47  -92  0
56  64  -73  0
-66  62  -16  0
-55  83  88  0
-58  81  34  0
-74  -56  57  0
-25  -36  -97  0
-93  42  -46  0
14  70  -62  0
57  10  35  0
-43  98  -94  0
61  63  32  0
88  56  13  0
-28  -59  58  0
75  -18  33  0
18  1  -5  0
44  -66  79  0
47  -29  94  0
-3  27  43  0
-13  82  67  0
-60  -13  49  0
-2  25  -91  0
34  3  62  0
-2  -6  11  0
29  -61  -62  0
22  -8  9  0
-42  -32  -36  0
32  31  75  0
28  -49  78  0
83  -19  -46  0
52  63  43  0
59  -63  100  0
19  14  -50  0
-13  30  -78  0
100  88  -97  0
-21  56  19  0
-3  79  96  0
51  27  -67  0
-58  44  -16  0
-1  81  90  0
-1  59  70  0
-95  92  -50  0
-72  -25  1  0
-13  47  -100  0
-25  -14  43  0
-1  -45  -25  0
44  -71  98  0
-60  35  -17  0
50  3  -10  0
-83  2  -18  0
-78  -40  4  0
52  74  36  0
25  -30  -66  0
21  -62  69  0
55  -49  -16  0
-23  27  -39  0
92  -19  -7  0
-96  -54  -51  0
70  -100  -39  0
-28  -9  78  0
33  -94  28  0
-60  -25  -14  0
50  -52  -53  0
79  -45  31  0
35  -55  10  0
-97  83  -1  0
-31  -29  -12  0
50  -79  -43  0
-41  64  -66  0
-78  -58  30  0
-57  40  10  0
-47  63  -55  0
7  -97  84  0
-13  57  66  0
18  95  80  0
-10  -70  -23  0
62  73  -59  0
-81  -37  -4  0
-79  100  -28  0
15  -27  -20  0
-99  -53  -58  0
75  89  -10  0
-45  20  46  0
34  -1  2  0
72  8  -73  0
-40  25  76  0
92  95  -41  0
49  -77  11  0
-70  -64  -88  0
-25  -60  -10  0
-59  -17  24  0
79  -6  50  0
-15  -60  69  0
7  -52  -93  0
5  23  -96  0
63  -67  -55  0
78  38  92  0
-82  -58  91  0
7  -94  89  0
-5  -21  -72  0
38  -18  29  0
30  37  -100  0
-8  64  -65  0
12  -56  59  0
-76  -52  77  0
-66  64  38  0
-16  24  -23  0
-57  25  -42  0
58  -100  74  0
-92  81  83  0
21  -5  -88  0
54  5  -53  0
-98  -69  -18  0
83  90  -56  0
-95  14  10  0
-33  -73  -8  0
-41  -91  15  0
4  -11  45  0
-83  93  40  0
62  9  -68  0
-2  -47  -54  0
-74  -70  -66  0
-11  -7  -83  0
-48  -3  84  0
-80  39  54  0
46  84  -77  0
30  91  37  0
-10  -4  -81  0
-87  30  -77  0
47  -19  -88  0
60  12  -95  0
82  -68  10  0
4  -41  -97  0
43  37  -79  0
-25  -13  -85  0
-69  -18  37  0
63  23  82  0
-100  -95  -40  0
-10  -92  -23  0
90  -34  13  0
-31  51  -36  0
-21  -56  14  0
30  -97  -38  0
-38  13  59  0
-30  -69  7  0
-87  78  -3  0
-48  -62  -84  0
5  -16  30  0
-15  -67  -25  0
-39  88  -14  0
72  76  41  0
-42  45  -17  0
-77  30  -62  0
-86  61  -52  0
-68  -41  -79  0
-84  30  -94  0
73  -76  -4  0
-88  -72  34  0
39  76  37  0
69  32  -60  0
66  10  -91  0
-94  4  5  0
84  87  89  0
50  72  -67  0
-74  -17  7  0
-81  51  42  0
6  -93  -5  0
6  96  -95  0
8  -53  -100  0
-53  -57  58  0
48  81  -29  0
9  29  -27  0
25  -89  -70  0
-72  30  -17  0
15  24  2  0
5  -59  -42  0
90  85  43  0
-95  37  -81  0
-61  9  19  0
96  52  -64  0
45  -78  -74  0
-78  -88  -34  0
71  -10  99  0
-42  -54  -55  0
5  87  85  0
70  23  -17  0
10  45  -37  0
-85  -92  48  0
-69  -60  -91  0
-6  -45  -56  0
6  -35  -60  0
-47  44  60  0
3  -14  -15  0
6  26  13  0
-35  71  51  0
-70  9  21  0
-6  55  -62  0
-20  -7  -91  0
71  -97  -70  0
15  77  18  0
-32  36  38  0
61  -32  -7  0
11  90  72  0
84  36  -51  0
-42  41  -34  0
1  -42  -51  0
86  -100  -78  0
49  -22  -90  0
-72  -67  30  0
-52  13  -36  0
53  22  -62  0
-73  -69  96  0
-69  -14  23  0
-19  -6  -79  0
-88  78  40  0
-76  72  33  0
-93  -42  -18  0
-56  -93  23  0
-47  91  -51  0
-58  -37  -33  0
-37  -28  -96  0
-60  45  -90  0
29  -54  69  0
-73  -13  44  0
-3  -87  97  0
71  -98  57  0
-87  84  56  0
58  -25  -28  0
65  99  15  0
-14  -95  -70  0
1  -90  -27  0
12  84  55  0
42  -82  41  0
78  -72  9  0
26  -25  10  0
4  44  96  0
-97  75  -47  0
-96  25  -8  0
-68  -94  86  0
-92  47  15  0
43  34  -86  0
-17  -81  44  0
44  -66  -97  0
-38  -54  -93  0
46  -7  -64  0
98  -42  45  0
53  -45  51  0
64  58  -19  0
58  -9  67  0
72  -19  -58  0
-87  75  -30  0
-67  -24  30  0
1  -40  92  0
-93  -44  49  0
70  -37  -29  0
-79  48  -67  0
44  -30  54  0
15  -33  -95  0
3  4  74  0
87  67  43  0
34  94  -43  0
13  -16  -97  0
-51  -61  -44  0
-65  -25  -37  0
-61  -37  -63  0
13  -99  -69  0
46  65  -99  0
-67  8  -25  0
-2  99  -54  0
26  16  -63  0
-34  -63  24  0
65  -31  85  0
96  72  -11  0
21  97  17  0
83  20  55  0
46  1  -58  0
54  -56  -29  0
-81  -83  -70  0
-37  93  24  0
-23  -68  37  0
30  77  88  0
-32  78  66  0
-59  -43  27  0
63  6  94  0
-72  -41  -83  0
-14  83  32  0
8  47  -74  0
-93  -88  14  0
25  -82  -26  0
-69  -24  -59  0
-50  4  12  0
83  -57  9  0
-11  17  80  0
-55  -11  -6  0
-74  -51  48  0
78  -45  88  0
9  -34  -44  0
52  93  -69  0
75  -99  -98  0
-20  -4  -100  0
-33  65  20  0
55  -85  -46  0
81  44  70  0
-55  -84  37  0
97  59  66  0
-61  -33  -31  0
-48  -26  9  0
38  -29  5  0
-78  -66  -8  0
75  -77  -21  0
54  56  -67  0
-27  -67  -12  0
-78  70  27  0
-76  -25  -15  0
-29  67  -5  0
66  21  75  0
-39  33  36  0
16  -9  -54  0
35  43  -54  0
37  -78  53  0
-76  -69  40  0
57  11  -91  0
88  66  17  0
47  -56  30  0
41  -80  -44  0
6  77  40  0
90  45  -81  0
53  78  -41  0
-43  -11  69  0
