c mkcnf random cnf with seed 44414, max clause length 3
c FORCED SATISFIABLE
c 
p cnf 100  430
60  -49  -73  0
2  90  -63  0
-10  25  40  0
77  -94  15  0
-100  9  52  0
-54  36  -30  0
-32  -75  66  0
-70  -77  -60  0
-32  -91  37  0
80  52  -89  0
41  79  -99  0
78  -72  58  0
-44  53  1  0
88  100  31  0
-90  -7  73  0
92  64  70  0
-74  25  6  0
-86  26  55  0
15  20  50  0
29  99  17  0
-56  -43  71  0
-70  30  -1  0
-57  -17  9  0
8  74  80  0
-5  93  80  0
87  1  86  0
-16  59  94  0
-98  91  -22  0
-94  -66  51  0
82  -76  54  0
50  7  -64  0
66  21  53  0
50  98  74  0
-61  -89  6  0
86  47  -35  0
-83  -30  56  0
55  14  -20  0
-15  68  73  0
-22  -62  32  0
-38  74  -89  0
-66  -55  -23  0
-67  -55  -7  0
88  58  -85  0
-29  -76  -39  0
51  29  82  0
33  -81  99  0
-83  28  -13  0
94  75  -60  0
44  -94  51  0
52  -29  6  0
74  -69  -3  0
100  97  84  0
81  -1  15  0
61  -27  -36  0
-19  -10  -2  0
58  24  33  0
17  -64  -59  0
81  53  69  0
29  -97  -16  0
1  9  22  0
-62  -60  -9  0
-23  -3  -96  0
24  -86  -84  0
-44  19  -35  0
-89  -93  19  0
-1  -49  -70  0
28  -82  -68  0
98  28  48  0
17  -56  -37  0
-44  57  15  0
-36  96  83  0
-90  -24  73  0
-26  -75  14  0
-98  31  27  0
79  -2  -24  0
67  -78  9  0
13  60  -42  0
-44  9  80  0
-64  73  -3  0
-1  -43  40  0
-86  -92  44  0
-66  -13  7  0
17  -50  51  0
-24  -53  -90  0
-96  16  -50  0
-43  -70  91  0
-34  -28  -42  0
46  -3  -10  0
-90  87  -40  0
-35  -100  -74  0
66  -92  43  0
91  70  6  0
-23  -44  73  0
-95  -57  17  0
5  43  -98  0
-63  -34  -50  0
-73  85  30  0
-86  -100  56  0
8  -67  -88  0
91  81  -6  0
26  -22  54  0
-70  30  -83  0
-88  53  -72  0
-66  -84  -2  0
33  -11  35  0
-93  43  -18  0
-2  47  57  0
-55  47  48  0
67  68  23  0
-66  -98  -10  0
71  -67  53  0
44  -98  -86  0
40  -5  -45  0
22  -49  69  0
-20  -39  25  0
12  -14  18  0
40  41  56  0
68  -61  -52  0
-60  -7  74  0
4  90  -57  0
74  45  -82  0
75  -7  -74  0
91  -94  43  0
2  87  -74  0
67  82  -27  0
-15  96  80  0
84  -81  79  0
-56  39  29  0
71  -45  -91  0
98  1  85  0
-76  -77  -75  0
-65  56  42  0
15  16  -53  0
39  98  -57  0
59  -94  -71  0
54  14  18  0
-80  -77  87  0
9  46  77  0
67  87  -94  0
16  -62  -9  0
6  29  -55  0
-12  27  -45  0
95  4  77  0
-96  -99  -31  0
-95  -98  13  0
-61  -81  59  0
12  -78  13  0
48  29  1  0
53  68  72  0
-52  65  14  0
43  -96  -74  0
23  41  81  0
63  80  98  0
96  -26  -4  0
29  -64  20  0
32  -27  -24  0
79  -9  -38  0
52  -25  46  0
-82  39  96  0
-97  51  2  0
-26  75  -94  0
43  -42  6  0
35  -86  -18  0
28  27  74  0
34  -3  -27  0
-42  -81  50  0
77  86  37  0
-29  -78  90  0
43  -65  27  0
-46  5  -86  0
46  -42  44  0
-22  26  -59  0
97  5  35  0
-56  100  73  0
98  -78  -85  0
28  -10  57  0
64  48  47  0
-74  -57  -93  0
72  75  -70  0
-30  -69  -85  0
-47  -28  73  0
-23  -93  -24  0
62  53  36  0
2  -6  61  0
-9  -10  5  0
-88  46  29  0
82  44  -13  0
86  75  31  0
91  18  39  0
32  21  48  0
-93  55  72  0
1  61  53  0
1  -40  26  0
-42  32  -3  0
-15  5  9  0
85  31  100  0
-52  -47  99  0
89  -45  42  0
-50  46  -21  0
7  -71  -88  0
56  67  5  0
-94  -2  -33  0
-79  -91  63  0
74  26  2  0
-58  -82  84  0
65  -87  -36  0
-25  -96  3  0
60  -20  -10  0
-10  -32  79  0
60  -72  89  0
-62  -59  30  0
-71  -40  95  0
8  28  87  0
-85  31  -40  0
12  72  -39  0
95  79  -89  0
-49  65  -53  0
-25  -17  -35  0
-90  35  -93  0
73  -54  4  0
-92  34  74  0
-99  -72  -48  0
-100  -90  -63  0
50  63  -11  0
41  51  -50  0
24  86  -77  0
-54  -21  -22  0
-78  -27  -53  0
-52  4  39  0
61  97  -23  0
39  57  -99  0
60  33  24  0
-20  57  21  0
8  -31  -20  0
-3  -98  4  0
22  -70  57  0
100  9  2  0
-1  -6  74  0
26  -92  -99  0
66  12  -26  0
-51  -20  4  0
-11  -26  -45  0
-67  9  51  0
22  -3  -53  0
77  -38  -80  0
16  -47  -84  0
95  -85  -67  0
-40  -49  -79  0
-11  -1  -65  0
61  75  18  0
48  16  26  0
-13  -71  65  0
-91  70  45  0
61  80  55  0
-47  27  -40  0
9  -68  78  0
51  -95  80  0
60  -77  8  0
-82  -21  -58  0
12  -44  -73  0
-78  44  35  0
80  16  -55  0
-98  -78  79  0
-1  -53  -51  0
-22  -33  13  0
99  91  16  0
91  1  -77  0
-7  -33  -22  0
-70  84  31  0
55  73  -11  0
20  -4  -77  0
86  -59  8  0
-63  -28  66  0
7  70  -88  0
36  16  81  0
36  -2  40  0
-50  -85  -7  0
69  35  -22  0
-71  -84  89  0
-85  92  -29  0
-3  -2  8  0
80  -12  -41  0
-40  29  82  0
25  -13  39  0
-25  51  32  0
-25  -82  54  0
13  10  -37  0
-9  61  -80  0
28  -51  -2  0
8  -97  42  0
10  98  26  0
97  -21  -7  0
97  -88  -71  0
-2  -97  87  0
-9  -57  -26  0
69  56  4  0
-6  -83  -45  0
-44  27  11  0
-71  83  -17  0
80  -52  65  0
-37  -93  -25  0
13  -9  -92  0
22  -61  -99  0
71  88  -54  0
40  -74  42  0
-61  25  36  0
-23  99  -39  0
62  10  -72  0
-83  -44  -57  0
23  -30  79  0
-6  18  -100  0
99  -86  33  0
-8  19  -92  0
40  38  -49  0
46  4  -49  0
88  35  82  0
-15  87  77  0
58  53  63  0
-83  59  -65  0
-69  -88  25  0
-60  1  -35  0
-65  -61  84  0
68  -18  -80  0
68  69  42  0
-47  -6  83  0
19  77  -96  0
19  -74  -45  0
-56  71  27  0
41  -74  28  0
73  28  -32  0
-67  33  100  0
18  -78  -32  0
-77  -28  -8  0
-71  -11  -17  0
-37  42  -97  0
-37  -96  -52  0
-52  -85  -48  0
84  -46  -57  0
-46  52  -24  0
68  -33  -65  0
-58  -22  41  0
34  64  -71  0
84  33  29  0
16  11  -83  0
98  -54  -52  0
44  86  14  0
9  -53  -67  0
60  77  100  0
-31  -6  74  0
-65  -47  -89  0
-97  -27  -40  0
24  35  100  0
70  -35  -17  0
-55  93  26  0
-61  59  -10  0
14  99  24  0
-49  -15  87  0
-78  29  61  0
86  -61  66  0
-28  66  42  0
41  70  -31  0
-9  -39  -16  0
94  -16  -10  0
96  84  -76  0
-79  -88  -80  0
-70  -75  -52  0
73  27  -54  0
-85  -86  -100  0
79  24  -69  0
51  38  87  0
84  -44  -37  0
85  37  44  0
-41  88  25  0
77  62  -6  0
-14  -95  11  0
15  64  -83  0
-53  -75  -85  0
46  -81  8  0
-34  98  92  0
97  -70  33  0
-6  76  -88  0
-49  -6  9  0
100  84  -85  0
-62  71  69  0
-86  -11  23  0
29  -94  -81  0
-29  26  -65  0
91  47  -64  0
94  -5  -55  0
-97  -23  -53  0
-49  12  -13  0
-10  -8  79  0
-32  18  91  0
61  -36  -52  0
-47  100  79  0
43  -21  -60  0
9  -62  -77  0
34  -28  5  0
-36  -1  -51  0
55  -21  -90  0
-46  -98  -95  0
-2  32  -100  0
27  -46  -96  0
-94  96  -71  0
-82  38  -54  0
58  -67  -23  0
27  85  5  0
6  -93  -22  0
18  61  -89  0
-30  40  -11  0
1  -95  17  0
15  56  -3  0
22  65  -66  0
84  -26  29  0
77  -56  19  0
79  30  38  0
50  -97  13  0
-63  -81  -16  0
13  -15  27  0
84  -15  73  0
26  88  -7  0
-76  -84  67  0
61  89  38  0
39  26  42  0
-30  38  -80  0
5  -65  29  0
-68  -26  84  0
-36  -76  91  0
100  41  -5  0
-52  62  36  0
