c mkcnf random cnf with seed 44376, max clause length 3
c FORCED SATISFIABLE
c 
p cnf 100  430
88  29  -50  0
60  -26  10  0
-82  33  17  0
7  14  -99  0
35  93  -59  0
63  -33  -74  0
93  67  2  0
38  75  34  0
87  -28  -6  0
10  11  -76  0
-54  -47  -91  0
-1  -24  35  0
-78  -81  -71  0
57  -56  -40  0
52  -91  14  0
-46  -77  48  0
40  -92  -60  0
42  -30  56  0
18  76  96  0
54  -27  -6  0
-59  77  76  0
-15  23  -86  0
-56  10  -1  0
51  18  -89  0
25  98  -2  0
-92  70  53  0
19  57  -44  0
91  -74  99  0
57  39  -51  0
-49  27  -90  0
7  -34  26  0
-89  45  -73  0
-7  -16  -69  0
84  -47  41  0
100  80  -59  0
-81  39  61  0
43  79  27  0
41  -20  -52  0
-6  72  5  0
26  56  -37  0
74  21  -13  0
-4  -14  83  0
-43  -97  99  0
-88  -24  -77  0
75  11  60  0
-87  88  22  0
55  -27  9  0
-79  66  43  0
-52  3  -50  0
39  -53  100  0
-18  97  -36  0
-22  82  23  0
-70  46  3  0
-95  41  -19  0
-61  88  50  0
6  -93  52  0
57  -67  99  0
-71  -95  83  0
73  -44  71  0
-21  -77  -73  0
-87  -17  52  0
-46  -79  -2  0
-63  17  44  0
69  -79  34  0
52  -30  -19  0
-25  47  -28  0
87  -11  44  0
-26  -39  4  0
-90  -89  -76  0
4  -30  -51  0
-42  -22  -39  0
77  -96  13  0
-47  56  -93  0
40  60  -65  0
-75  -9  95  0
-48  56  -40  0
44  25  -38  0
36  53  -43  0
80  88  10  0
-81  83  50  0
94  82  7  0
-95  -70  -50  0
-98  33  67  0
-59  69  -3  0
-18  -48  92  0
-4  -50  92  0
-33  -94  -52  0
44  79  -54  0
91  93  -39  0
91  75  -88  0
-99  92  -10  0
59  57  -49  0
40  -25  -20  0
93  61  -3  0
-71  -63  -21  0
-100  -54  40  0
76  -81  -28  0
-63  7  -44  0
-36  48  -19  0
90  -89  99  0
50  28  -98  0
25  -7  16  0
58  -47  71  0
41  -59  -66  0
52  -21  35  0
-87  97  96  0
94  -36  72  0
86  -16  -1  0
69  -92  -8  0
-63  -1  -46  0
82  90  17  0
27  -9  13  0
-24  -67  54  0
-33  -89  18  0
11  -65  19  0
-10  -26  -6  0
87  95  -35  0
-10  72  -56  0
54  57  72  0
-17  -95  14  0
18  -74  -7  0
-92  -83  39  0
78  94  61  0
-8  -32  69  0
-20  -3  1  0
-51  52  -99  0
84  -51  60  0
28  -100  86  0
59  54  47  0
38  12  -42  0
-41  31  37  0
2  81  -47  0
58  -43  -34  0
93  30  98  0
10  89  83  0
-58  42  -47  0
-49  -43  84  0
50  59  85  0
-72  -99  60  0
56  -58  -50  0
34  -89  -47  0
81  -21  89  0
-38  45  46  0
-48  90  -36  0
56  -26  -14  0
58  47  -20  0
64  80  49  0
55  62  39  0
-36  69  6  0
-35  33  18  0
-16  -98  17  0
42  97  44  0
48  -93  -20  0
37  -32  -59  0
-26  20  25  0
79  99  38  0
27  -44  5  0
-2  -61  84  0
43  5  81  0
-59  92  35  0
26  -20  -79  0
66  73  96  0
93  -2  59  0
8  -75  -50  0
-71  86  57  0
70  24  -89  0
100  -74  -57  0
4  6  24  0
77  9  33  0
92  -14  -61  0
39  -32  90  0
-82  -96  -46  0
82  9  -10  0
26  -98  34  0
90  -7  55  0
25  22  32  0
-87  22  -48  0
72  83  3  0
-70  9  6  0
-57  -83  -14  0
4  55  -94  0
91  -11  -74  0
-12  32  -41  0
9  62  35  0
-72  52  -21  0
-24  -76  -72  0
-16  81  -38  0
99  -75  -9  0
96  -35  -24  0
33  23  79  0
77  59  19  0
-61  -89  75  0
-14  11  -32  0
67  -81  -90  0
-19  -27  -8  0
65  6  -83  0
-20  23  92  0
91  -25  -46  0
-83  29  87  0
-60  39  2  0
39  17  -40  0
-20  -95  99  0
-94  66  15  0
63  -100  90  0
85  -53  -48  0
-87  -1  -78  0
78  23  6  0
27  -61  31  0
-97  -65  25  0
-50  -22  -69  0
62  -67  -91  0
5  -90  -28  0
-59  -55  40  0
17  -42  90  0
-94  48  -10  0
-76  -35  -39  0
-82  -21  -13  0
4  -72  -19  0
96  -14  -52  0
92  68  -43  0
-60  -81  56  0
-11  33  28  0
-63  55  -27  0
-13  77  -5  0
50  -88  -47  0
82  83  -2  0
50  -7  -9  0
12  2  -43  0
51  32  19  0
85  -90  29  0
-14  23  45  0
-16  -47  -56  0
10  18  69  0
-30  39  -10  0
-47  23  -80  0
99  43  85  0
90  32  66  0
1  -68  -28  0
-45  61  4  0
-61  24  14  0
-44  58  68  0
14  -26  66  0
-10  19  -14  0
20  76  89  0
55  -82  -96  0
-46  -44  -71  0
-91  -17  83  0
3  -52  69  0
-22  -58  26  0
66  -20  -36  0
2  42  32  0
-9  19  77  0
47  73  51  0
-16  9  -69  0
62  31  7  0
-35  12  42  0
64  -95  -70  0
-45  -66  3  0
-9  -10  2  0
-88  9  78  0
-6  4  -36  0
75  86  57  0
-93  64  -34  0
36  25  -20  0
-55  -7  63  0
82  56  89  0
94  23  -3  0
13  -82  49  0
5  1  -37  0
9  -8  81  0
-1  70  45  0
28  -32  19  0
-17  97  78  0
50  -57  -80  0
-22  -8  -67  0
-10  -97  88  0
-70  -46  -27  0
-69  -58  -56  0
13  -95  -1  0
18  -65  69  0
-75  15  56  0
-54  58  60  0
31  57  -23  0
60  3  -49  0
-56  25  17  0
10  -58  47  0
-69  58  59  0
11  75  83  0
-11  4  -33  0
-85  30  68  0
45  -6  -65  0
19  -4  75  0
81  -69  42  0
86  15  -99  0
-57  -80  -1  0
51  -39  -97  0
-99  49  98  0
-58  96  1  0
-20  -98  -85  0
12  -55  18  0
36  -71  -16  0
-83  73  60  0
82  75  -69  0
43  6  -68  0
13  24  66  0
-7  51  6  0
70  72  -19  0
-70  93  -32  0
50  -57  -12  0
44  18  -35  0
-53  -82  -15  0
85  89  -13  0
-83  1  -10  0
76  60  7  0
96  59  -12  0
96  -9  -52  0
31  -73  -86  0
82  25  -61  0
2  -66  50  0
22  79  77  0
69  -41  84  0
-61  -86  -53  0
-43  -22  -95  0
-15  -80  -70  0
15  -72  -54  0
85  -81  18  0
-18  -62  -77  0
-18  -86  9  0
44  18  34  0
-90  -58  99  0
-42  -91  -4  0
1  5  -8  0
43  -32  8  0
-21  90  -15  0
-34  -69  30  0
99  -15  -95  0
93  -66  60  0
-51  -42  33  0
21  100  -15  0
47  14  -57  0
-62  59  43  0
78  -23  -28  0
50  -7  -75  0
78  3  2  0
-17  62  18  0
46  57  -40  0
-62  -24  -74  0
-45  -84  -62  0
-75  -48  -87  0
52  -87  -53  0
-49  -28  23  0
53  -25  100  0
42  61  -67  0
-18  -13  -17  0
43  -58  -10  0
69  19  43  0
-37  -35  29  0
-100  -84  6  0
59  99  -16  0
53  -84  -51  0
-79  -88  70  0
-68  25  50  0
36  -8  -85  0
-53  -27  -59  0
-42  -23  84  0
62  -37  23  0
95  67  -44  0
40  -97  47  0
82  99  98  0
-50  38  11  0
82  9  -25  0
65  46  92  0
37  83  -43  0
63  -48  41  0
55  50  61  0
-41  -10  -40  0
31  -20  -99  0
57  81  10  0
-89  3  -72  0
56  61  -99  0
51  -97  23  0
-33  18  26  0
8  -5  -78  0
98  50  -13  0
-67  87  -4  0
-11  -37  -99  0
48  -3  51  0
14  78  -42  0
4  -79  41  0
55  61  -87  0
64  36  90  0
-10  9  1  0
80  -42  45  0
-67  72  48  0
-36  4  11  0
93  -51  -52  0
-54  40  -72  0
3  -7  77  0
-62  -29  -84  0
-94  -56  1  0
-53  73  -31  0
-55  24  100  0
18  90  -72  0
-39  67  -91  0
-20  77  82  0
34  -84  42  0
-90  -94  75  0
74  98  18  0
90  -32  39  0
-67  14  -76  0
-73  -58  1  0
-9  -96  91  0
45  -85  73  0
-13  -71  32  0
-63  28  -87  0
81  38  -89  0
-31  -93  -5  0
-56  6  77  0
91  -20  95  0
-67  -24  84  0
40  -95  23  0
13  64  8  0
51  13  58  0
-68  -94  83  0
33  37  81  0
30  96  -67  0
-46  74  -42  0
86  -46  12  0
-11  -100  -98  0
99  20  31  0
