c mkcnf random cnf with seed 44450, max clause length 3
c FORCED SATISFIABLE
c 
p cnf 100  430
1  78  85  0
99  -50  -45  0
94  28  -57  0
24  -85  -96  0
36  -63  39  0
-49  71  93  0
60  3  -9  0
-41  -70  -57  0
-36  70  53  0
71  -11  -57  0
23  20  68  0
63  84  58  0
92  -59  -42  0
-91  -62  -44  0
-40  90  -23  0
-4  -69  56  0
-24  -70  94  0
-68  -40  23  0
44  -97  3  0
-67  -21  25  0
5  10  51  0
-36  21  -39  0
-62  -82  -12  0
-34  78  76  0
41  -45  84  0
-79  38  -17  0
98  23  68  0
38  92  37  0
-79  -8  -60  0
-96  67  22  0
54  88  17  0
100  -51  -13  0
-13  33  81  0
-20  -42  -3  0
-60  17  58  0
-93  52  -61  0
-66  23  -67  0
-95  9  64  0
59  84  28  0
13  -86  -39  0
13  -97  82  0
-44  -84  30  0
44  31  15  0
-45  -82  87  0
55  -40  51  0
31  -39  71  0
-63  24  -50  0
80  93  70  0
69  -99  88  0
-70  76  39  0
90  -83  42  0
-98  -5  -49  0
53  -31  38  0
89  39  34  0
-68  -78  30  0
-28  8  72  0
48  88  7  0
-55  -42  -36  0
-63  13  27  0
-47  -58  69  0
-71  -5  89  0
-64  -88  -97  0
-94  66  -50  0
83  15  -77  0
-82  -79  21  0
-20  -61  -89  0
-49  -78  64  0
-53  -55  16  0
3  -30  -25  0
29  -15  -97  0
-45  -97  -18  0
11  -80  -95  0
-66  47  -57  0
-30  -92  -37  0
-1  -84  68  0
-66  -46  -9  0
-15  54  46  0
-4  -31  -85  0
47  -74  56  0
18  90  -3  0
48  1  10  0
33  75  68  0
41  -1  -60  0
-16  -68  36  0
-45  95  -15  0
-44  94  -79  0
99  25  31  0
69  -26  8  0
23  -83  27  0
10  88  64  0
-50  -63  17  0
25  -66  63  0
35  96  -16  0
-28  55  -26  0
74  30  -41  0
20  83  65  0
24  -100  -17  0
1  -93  -11  0
85  33  47  0
60  -81  -91  0
-1  -92  57  0
-19  18  93  0
44  -7  -34  0
-70  57  -42  0
-14  -42  -32  0
-33  7  53  0
98  91  -15  0
-41  -7  -81  0
88  -18  93  0
100  -2  28  0
91  74  -29  0
-17  -82  57  0
83  50  60  0
11  48  -53  0
-83  41  28  0
96  33  42  0
-2  47  86  0
-80  -76  54  0
-31  -62  11  0
91  -21  4  0
75  22  11  0
50  68  -16  0
-58  -53  -62  0
-62  -26  81  0
25  -51  45  0
17  93  69  0
30  -74  -34  0
-11  34  -8  0
-49  -45  39  0
-64  76  -74  0
-30  -62  -34  0
-87  75  -63  0
-30  -5  62  0
-34  67  -43  0
42  -30  17  0
-9  -67  -95  0
50  -42  -29  0
21  58  -68  0
-73  -6  80  0
-72  -68  63  0
-56  46  18  0
3  -58  76  0
-38  -99  -66  0
-35  -6  64  0
-8  5  -36  0
31  14  34  0
78  89  97  0
1  -48  95  0
88  41  14  0
18  -67  -64  0
97  39  -14  0
35  47  73  0
3  44  40  0
-68  -39  90  0
-78  49  -87  0
-72  -21  67  0
-30  89  -53  0
29  44  9  0
-5  -2  -17  0
39  47  89  0
-70  48  -61  0
-17  -37  -69  0
-37  -67  38  0
1  24  18  0
63  34  -30  0
-73  6  98  0
83  -71  -17  0
-59  -55  -11  0
-23  -36  -72  0
90  -63  -27  0
11  -72  36  0
-99  68  37  0
-55  57  18  0
-46  9  -31  0
-52  -33  24  0
60  76  57  0
11  -52  40  0
-17  28  1  0
85  -14  76  0
78  -52  94  0
48  100  90  0
-81  73  37  0
-28  8  47  0
-84  -10  -51  0
50  81  -58  0
-90  36  -94  0
28  88  89  0
66  28  8  0
-97  -40  -79  0
-85  8  -59  0
-48  -21  70  0
-81  64  -89  0
-19  -15  -5  0
74  -80  9  0
-11  -6  -71  0
-76  85  -95  0
2  79  89  0
96  -80  -8  0
14  18  -82  0
2  49  68  0
-38  -48  45  0
56  33  -89  0
-81  58  -51  0
-54  -17  97  0
-78  -44  29  0
-59  -6  80  0
-57  72  31  0
79  -15  -19  0
36  21  99  0
-5  -57  -94  0
78  74  -54  0
20  26  97  0
-100  55  66  0
-50  -71  -93  0
-99  13  -78  0
-39  18  -68  0
77  44  -43  0
53  86  91  0
31  -93  21  0
80  89  -55  0
91  -80  63  0
75  78  -35  0
-66  -49  30  0
35  -72  -73  0
-23  -16  37  0
-83  -30  -9  0
-77  63  -35  0
97  -82  -1  0
-71  31  29  0
-65  27  -85  0
-27  -80  -90  0
-97  -81  69  0
-47  99  35  0
-84  45  13  0
13  17  -20  0
-24  74  -73  0
-60  54  94  0
-46  52  64  0
46  -70  43  0
-65  38  -16  0
-61  -43  58  0
44  -47  34  0
91  6  -85  0
-32  34  -96  0
-51  68  11  0
57  87  -85  0
43  98  54  0
91  68  -59  0
44  90  71  0
1  -26  48  0
30  -39  -54  0
99  4  -82  0
-20  -57  -90  0
-28  85  -18  0
-80  -33  38  0
19  85  8  0
-66  100  -7  0
50  17  -87  0
-72  -78  -55  0
-95  -37  91  0
23  -41  56  0
48  -82  -59  0
46  -86  -48  0
-76  -34  -80  0
-83  6  -81  0
-42  27  -90  0
-14  -37  -62  0
38  89  -32  0
63  -75  -28  0
-75  -30  11  0
-95  68  -65  0
5  96  -65  0
-83  1  27  0
-16  -2  -18  0
38  57  -76  0
-61  34  93  0
-26  17  -60  0
-86  -10  61  0
-43  72  45  0
69  44  -42  0
38  62  -52  0
69  64  26  0
78  -52  32  0
-48  -27  -35  0
-1  -49  72  0
72  -76  86  0
34  -99  32  0
53  -17  90  0
-38  44  47  0
71  20  -90  0
-85  -77  55  0
8  12  -7  0
69  70  13  0
-67  88  92  0
-90  -85  53  0
-1  -100  -52  0
36  17  51  0
63  5  28  0
60  23  15  0
-20  10  -39  0
40  36  33  0
37  -57  53  0
-4  -89  24  0
26  -22  -38  0
40  10  -15  0
-1  57  18  0
-59  -68  57  0
-98  80  -57  0
-85  -26  -86  0
-22  85  -42  0
-52  86  -62  0
-88  10  -57  0
-92  -62  52  0
-38  -72  -43  0
-25  21  -85  0
-32  -14  -55  0
19  59  76  0
-33  97  26  0
-78  -26  -77  0
56  23  -13  0
-74  25  38  0
-26  72  -28  0
-57  -38  -45  0
-69  -4  -73  0
32  -84  29  0
57  45  -50  0
-15  55  76  0
-38  52  -15  0
51  -74  -38  0
79  12  -97  0
85  96  99  0
42  -18  78  0
45  66  -63  0
-21  54  -99  0
-70  66  28  0
-48  -65  33  0
-30  60  -29  0
19  -70  97  0
-92  46  -79  0
-70  -32  39  0
83  -61  -4  0
57  -79  -37  0
-28  31  93  0
-74  -45  -62  0
-90  -63  4  0
92  -49  -85  0
-44  33  41  0
-23  34  -12  0
99  -6  -42  0
-93  -30  -58  0
-20  57  -92  0
22  -90  -82  0
23  100  6  0
50  -2  -31  0
-97  -73  -32  0
79  91  31  0
-27  -58  -97  0
-5  -15  93  0
-98  12  83  0
21  -50  2  0
-100  49  97  0
70  -4  18  0
73  -70  88  0
-61  4  -53  0
56  -48  57  0
47  26  87  0
42  -21  18  0
26  67  12  0
-10  -45  11  0
25  12  -46  0
16  -71  96  0
51  -98  23  0
-79  -62  -65  0
-52  100  -46  0
-72  -27  45  0
54  100  41  0
81  66  -52  0
-61  14  62  0
-86  -40  64  0
25  -98  43  0
54  -93  25  0
-66  -89  -25  0
-3  -77  -85  0
-22  11  -19  0
-73  -65  90  0
-36  -35  -32  0
39  91  76  0
19  91  -12  0
94  88  20  0
-24  -93  -88  0
55  92  66  0
32  98  43  0
53  -13  -68  0
-24  -30  5  0
-17  -52  -47  0
-73  22  -99  0
-32  -80  40  0
5  84  30  0
-81  -46  -44  0
78  -14  42  0
45  38  -52  0
-14  87  100  0
-38  -77  -6  0
-99  -81  33  0
-6  -8  -82  0
9  -76  -81  0
4  62  -26  0
-82  -31  92  0
3  33  -80  0
28  100  -89  0
1  14  34  0
60  100  -39  0
-93  27  97  0
38  57  -25  0
1  58  8  0
-63  18  -56  0
88  -48  -52  0
57  -20  -3  0
60  4  -99  0
-51  -41  -82  0
31  -50  57  0
23  -2  -4  0
-12  48  -18  0
80  71  -97  0
71  -1  -16  0
58  -61  -73  0
70  -10  45  0
99  93  76  0
67  -56  -32  0
-54  -83  -96  0
