c mkcnf random cnf with seed 44380, max clause length 3
c FORCED SATISFIABLE
c 
p cnf 100  430
-49  10  -73  0
-89  86  -80  0
43  84  34  0
-55  2  77  0
-100  33  -76  0
-56  -7  -97  0
36  -26  19  0
-37  73  -38  0
-86  -19  -15  0
48  54  60  0
-24  -56  79  0
65  -22  -80  0
45  53  -72  0
42  -100  -88  0
63  -15  35  0
-46  14  28  0
-100  -31  -60  0
-62  -100  97  0
69  11  48  0
-55  -65  95  0
-68  -45  65  0
-84  11  -42  0
-56  -73  -93  0
54  60  95  0
64  3  -6  0
-72  -96  -88  0
94  2  -99  0
89  -9  77  0
-4  37  -69  0
24  -80  -64  0
24  67  -83  0
6  -50  -100  0
-3  54  95  0
33  37  90  0
65  1  -73  0
-65  -12  -37  0
73  -64  -25  0
26  -39  93  0
-25  68  -95  0
-19  -93  -4  0
55  -59  -34  0
-26  20  43  0
50  -53  -60  0
83  2  37  0
88  -60  -40  0
-100  97  -48  0
-76  25  -55  0
19  -54  -20  0
-93  70  30  0
-60  -84  -5  0
-79  47  -20  0
-20  75  7  0
91  21  16  0
6  18  78  0
1  -3  -52  0
-27  85  18  0
3  19  88  0
100  -58  29  0
56  -78  -31  0
-18  -33  46  0
53  -93  -58  0
53  -86  -48  0
-35  29  74  0
-12  -100  59  0
-30  -64  -21  0
-73  53  80  0
79  62  100  0
-19  16  -100  0
39  -5  -72  0
84  -31  85  0
70  -43  -34  0
-17  9  23  0
-51  -16  -23  0
-23  -33  -91  0
-90  21  -91  0
-81  -96  -23  0
11  66  -82  0
68  -93  83  0
-26  41  25  0
-86  71  -89  0
83  -14  67  0
-52  92  -84  0
32  -95  35  0
-71  8  -97  0
8  -23  -44  0
92  -99  -9  0
64  -74  -58  0
-83  28  29  0
-65  -91  5  0
-73  -38  -32  0
-66  67  57  0
50  -69  11  0
-58  -28  56  0
-91  56  -28  0
26  -5  -93  0
-40  16  -59  0
27  -58  57  0
76  46  -36  0
-63  -47  -67  0
12  83  91  0
58  -46  36  0
37  67  36  0
86  33  4  0
-39  54  33  0
33  12  -4  0
-58  52  -92  0
53  93  -100  0
66  81  34  0
32  -19  84  0
93  56  -72  0
72  -33  18  0
-17  -18  42  0
-4  13  -87  0
36  53  4  0
15  -89  43  0
-13  -33  84  0
18  61  73  0
-30  2  -1  0
-1  -4  81  0
42  -65  86  0
-96  4  53  0
90  17  -70  0
-45  72  56  0
-55  -24  -98  0
48  5  -73  0
14  -38  -1  0
10  14  95  0
62  -86  -47  0
-85  -40  32  0
49  15  14  0
22  64  54  0
95  31  -80  0
-23  78  -74  0
-64  61  -13  0
-35  57  -15  0
76  -54  25  0
10  14  -81  0
-49  15  25  0
53  -64  -83  0
-52  -31  74  0
-75  99  37  0
-44  -69  58  0
50  -83  44  0
-58  -65  -38  0
-95  -32  2  0
15  -12  -51  0
89  -81  -38  0
-77  -28  -60  0
73  -40  31  0
-67  -87  12  0
37  24  36  0
42  56  -34  0
-79  -4  -94  0
34  54  21  0
61  85  -14  0
68  21  97  0
69  -13  -52  0
-56  65  32  0
87  -41  65  0
30  -8  -47  0
-38  -43  -22  0
33  -32  38  0
-93  -90  -58  0
-34  -4  13  0
-59  -39  16  0
2  18  -9  0
-5  -81  94  0
7  -22  24  0
85  -75  -91  0
-33  -57  92  0
88  58  -42  0
65  50  -43  0
65  -3  -29  0
-71  -5  65  0
31  -4  64  0
65  -14  -32  0
-52  -97  -43  0
-39  56  3  0
18  -16  99  0
-48  -49  63  0
-92  -27  70  0
57  35  -65  0
30  -95  -9  0
66  -24  -35  0
64  6  9  0
-77  -32  -27  0
-26  -29  76  0
84  -70  94  0
-11  61  -33  0
8  90  19  0
-61  -30  -47  0
-27  20  68  0
-2  -11  -66  0
17  77  -18  0
26  -41  76  0
17  27  61  0
62  -12  -66  0
-4  -74  76  0
-20  -46  -23  0
-89  54  -90  0
88  19  -66  0
-69  41  -95  0
45  30  8  0
-71  -58  -99  0
97  -44  94  0
66  91  83  0
36  -77  -64  0
18  -23  22  0
43  -70  -85  0
-28  62  -26  0
14  6  33  0
71  34  95  0
64  13  23  0
-78  97  10  0
7  -13  53  0
31  73  52  0
-100  -17  54  0
89  -68  -23  0
12  16  -60  0
70  7  -67  0
96  70  84  0
40  -70  17  0
86  28  55  0
-62  -92  48  0
70  10  38  0
33  57  -38  0
-31  -1  -65  0
-35  39  29  0
-41  -56  -17  0
85  -4  23  0
-1  37  -45  0
39  85  -23  0
63  -3  -51  0
52  -9  -8  0
70  -40  49  0
44  97  95  0
-49  -87  -18  0
76  34  65  0
-35  -83  20  0
26  93  49  0
-26  81  45  0
-34  68  16  0
-65  -88  96  0
57  -66  -23  0
-94  -14  89  0
-39  47  -41  0
-13  28  75  0
-75  -26  -32  0
-53  -89  -72  0
-30  57  9  0
-36  -98  33  0
65  -91  -17  0
38  44  -83  0
-61  -44  4  0
18  85  15  0
-49  -84  71  0
37  -59  -27  0
3  65  25  0
-31  -35  4  0
28  17  -9  0
-77  -26  55  0
-67  13  -22  0
-84  -59  -73  0
61  -59  -35  0
-5  -54  -91  0
-36  -94  27  0
40  46  -51  0
-70  -48  -42  0
4  -63  -73  0
49  5  -13  0
-84  97  -10  0
31  17  14  0
-97  -31  77  0
-95  -70  19  0
95  -15  46  0
-51  -78  -28  0
-61  -54  -56  0
-63  -18  24  0
-55  -22  23  0
72  61  69  0
-49  82  -64  0
90  46  -84  0
-40  -45  -70  0
-8  82  90  0
-83  81  -7  0
-43  -96  -32  0
-66  -59  -43  0
-6  71  -75  0
-96  98  -65  0
90  11  -60  0
50  14  -20  0
-6  -93  -79  0
-58  33  75  0
-38  -100  34  0
-80  50  92  0
61  53  37  0
-2  -15  43  0
35  -8  -36  0
-84  86  -37  0
24  -64  -55  0
-47  80  -76  0
-82  -12  -83  0
-20  -43  -27  0
-6  -2  -53  0
-97  12  21  0
-11  -5  -27  0
-89  -11  -85  0
37  -64  46  0
34  -71  -84  0
82  89  -52  0
-21  -52  66  0
-100  -46  -59  0
45  -39  58  0
48  -26  -6  0
76  67  -23  0
3  8  44  0
-60  62  7  0
95  43  58  0
-41  -12  35  0
32  -39  -23  0
-46  39  6  0
-15  -92  -96  0
23  -17  94  0
-96  59  -47  0
23  78  81  0
67  -95  1  0
22  36  -1  0
-52  69  47  0
20  40  -79  0
-66  -77  -58  0
-70  57  52  0
75  -60  93  0
89  47  -73  0
96  56  7  0
66  -41  -63  0
-83  -25  -26  0
-49  46  -51  0
-17  99  22  0
14  -58  35  0
78  -5  76  0
-60  7  -33  0
91  83  12  0
-20  -3  94  0
-40  30  -47  0
-6  98  9  0
79  92  -27  0
7  97  -95  0
-42  40  60  0
72  64  63  0
31  -42  -63  0
7  -24  -20  0
91  57  30  0
-24  74  -89  0
87  -33  -24  0
95  98  -14  0
-15  -64  84  0
3  -60  43  0
-16  -69  17  0
7  -87  13  0
-81  31  -71  0
-83  63  -100  0
-49  53  42  0
71  -10  59  0
36  -95  80  0
58  35  -4  0
79  26  -68  0
-100  -79  -32  0
25  76  -20  0
21  -9  36  0
18  33  -74  0
82  77  41  0
6  -3  9  0
65  -71  -56  0
20  87  54  0
7  18  39  0
14  -18  -46  0
-6  77  -37  0
87  -79  -16  0
-42  -84  -70  0
-47  86  -84  0
59  -57  80  0
55  -93  13  0
91  51  -4  0
-81  -19  -23  0
27  45  23  0
-43  -3  -2  0
5  -69  91  0
36  1  33  0
-60  -94  22  0
49  -85  -52  0
82  -88  96  0
30  -74  72  0
-27  26  -84  0
-78  41  -52  0
53  4  99  0
82  -3  17  0
-96  -45  26  0
-33  46  -94  0
85  -78  58  0
-32  19  1  0
24  36  -66  0
-75  -73  -76  0
-13  94  54  0
-53  -16  72  0
33  -6  -10  0
-54  2  12  0
35  -7  32  0
90  52  18  0
-61  8  34  0
-16  -60  -11  0
100  79  -73  0
43  -62  -19  0
77  8  -86  0
38  -21  -55  0
66  22  -59  0
98  -78  -21  0
-41  -24  6  0
86  -69  -38  0
73  28  -34  0
-69  -44  47  0
-43  -1  -24  0
78  81  25  0
8  34  -23  0
53  -15  98  0
68  -72  -2  0
37  -23  60  0
54  26  -52  0
-36  -88  -84  0
94  88  -49  0
94  4  35  0
