c mkcnf random cnf with seed 44399, max clause length 3
c FORCED SATISFIABLE
c 
p cnf 100  430
-84  70  35  0
-70  14  79  0
-10  -32  -72  0
-91  -48  40  0
-49  -76  9  0
-21  -25  -52  0
-6  46  73  0
26  -81  -16  0
72  -84  95  0
86  21  91  0
-75  -22  91  0
79  37  87  0
-66  -50  -99  0
52  -56  -46  0
-1  42  -95  0
-34  99  20  0
45  -70  10  0
88  -54  26  0
-24  29  -88  0
56  54  40  0
-39  -8  71  0
80  50  -45  0
52  -28  -44  0
-85  69  -73  0
17  93  50  0
-47  85  89  0
17  -29  11  0
-8  -89  -19  0
31  98  -45  0
-29  88  -99  0
27  49  89  0
-16  33  -36  0
27  70  -23  0
-48  -76  -42  0
28  80  96  0
74  93  -69  0
32  -24  44  0
-83  -54  -11  0
80  19  17  0
44  -58  -48  0
71  30  -42  0
80  84  -29  0
77  87  -95  0
25  30  57  0
31  33  100  0
-63  -31  70  0
-30  96  -49  0
28  25  5  0
-45  -48  -67  0
13  -63  11  0
15  -63  62  0
61  58  -98  0
-60  -48  -3  0
-21  -96  -94  0
-17  -49  -61  0
60  73  -41  0
-87  -68  31  0
43  86  -74  0
90  85  -75  0
-40  65  60  0
-33  -83  49  0
-97  -49  66  0
43  26  49  0
-76  62  38  0
-22  -82  -30  0
88  -77  -30  0
-59  -33  74  0
-33  92  -18  0
86  -29  7  0
-60  -79  68  0
-75  19  -34  0
-78  -42  -6  0
81  -51  -71  0
60  -96  -43  0
27  7  79  0
83  -40  62  0
-31  -94  -47  0
34  85  -90  0
76  82  -58  0
28  10  90  0
41  19  -17  0
19  4  3  0
28  55  -25  0
90  -12  62  0
98  -93  20  0
-13  -49  19  0
51  88  -53  0
-58  39  18  0
-93  38  -86  0
-48  43  -44  0
97  -82  3  0
-74  35  -78  0
87  43  -2  0
4  -51  13  0
-79  95  76  0
-54  86  -77  0
-22  -94  23  0
12  -23  -63  0
-48  26  -55  0
-75  53  96  0
-39  26  -28  0
-63  92  91  0
-17  92  -67  0
16  39  72  0
-35  -56  25  0
-69  92  75  0
-60  -9  14  0
-73  -92  -13  0
-5  -92  79  0
-98  34  35  0
10  -5  -99  0
-53  34  92  0
44  16  67  0
24  51  75  0
72  -19  35  0
-6  26  72  0
11  -93  -12  0
-11  66  -60  0
60  86  68  0
30  43  9  0
-57  -14  63  0
-26  -18  34  0
-84  -99  -39  0
-32  26  15  0
-49  -39  4  0
-65  -77  61  0
-14  -5  -34  0
83  -8  15  0
-32  86  30  0
-23  -86  31  0
-56  -68  -74  0
-8  98  75  0
39  -43  55  0
-74  -32  -10  0
-4  29  41  0
35  -15  -37  0
39  25  -24  0
-96  82  -48  0
-57  -80  -70  0
-76  -29  81  0
-82  25  -17  0
-46  25  63  0
-15  21  -77  0
-96  47  74  0
1  -64  26  0
-10  49  -23  0
-85  -62  86  0
-9  -81  62  0
3  24  54  0
59  -85  -89  0
-2  97  68  0
-65  5  -87  0
64  53  -99  0
12  72  -50  0
13  -88  14  0
-81  41  60  0
78  95  24  0
-64  44  77  0
-79  -60  93  0
16  28  -96  0
11  -40  -37  0
27  59  -7  0
99  93  -20  0
44  1  70  0
-43  19  -12  0
-12  -74  -62  0
92  19  3  0
-97  -82  9  0
-80  -4  -79  0
-34  20  -81  0
-64  15  61  0
10  26  15  0
64  42  -84  0
-15  47  -12  0
89  -66  -93  0
-97  15  -87  0
-6  -90  12  0
81  9  -72  0
-14  48  -56  0
-78  -7  -92  0
-15  98  -91  0
12  -25  -21  0
-93  75  98  0
-43  22  17  0
80  -24  -26  0
100  -78  -75  0
-86  -78  43  0
-69  91  -51  0
59  88  16  0
2  -94  78  0
67  -71  35  0
52  -3  -87  0
76  94  45  0
30  88  -35  0
59  34  -3  0
-3  11  81  0
-56  92  36  0
50  -96  -78  0
15  -18  92  0
-4  65  -38  0
16  -92  33  0
68  91  -73  0
30  51  62  0
-32  19  -75  0
-1  99  65  0
-40  -62  2  0
59  43  -62  0
8  7  -91  0
-12  -27  -94  0
-66  68  -51  0
39  -41  75  0
-95  15  69  0
62  87  28  0
-91  -23  86  0
-57  75  -15  0
-2  -32  21  0
3  44  86  0
-16  -40  -82  0
47  44  1  0
66  -30  -91  0
3  -35  -49  0
74  -32  -11  0
31  -65  98  0
-3  8  -39  0
-1  -98  -43  0
75  -10  19  0
81  -61  -33  0
-9  29  -75  0
-96  81  50  0
-25  -97  86  0
-22  1  18  0
51  20  -37  0
-58  -95  81  0
-91  -2  -11  0
71  18  2  0
-45  94  14  0
-90  -70  11  0
88  12  -55  0
-12  -79  -57  0
11  -75  50  0
-54  23  99  0
26  29  -28  0
-24  68  13  0
22  -43  95  0
74  -6  -61  0
100  48  -72  0
-47  57  -32  0
-31  -51  -22  0
-87  55  -22  0
-78  -96  -29  0
80  52  13  0
-57  45  -92  0
73  -12  -42  0
14  48  80  0
-69  64  20  0
47  14  56  0
-59  8  60  0
33  -57  -4  0
-4  -99  86  0
98  -29  89  0
98  -63  11  0
88  34  -63  0
-11  89  -86  0
3  -28  23  0
47  -80  -25  0
-53  2  35  0
23  -74  -13  0
-5  -15  43  0
3  -1  -45  0
25  59  84  0
-17  11  61  0
-63  -97  -6  0
61  -73  -96  0
53  52  5  0
-56  75  61  0
-62  44  -51  0
-59  -100  18  0
60  38  42  0
-2  -63  78  0
-38  46  -83  0
-1  21  -79  0
98  -43  -68  0
46  -99  -96  0
63  14  33  0
-85  32  65  0
98  -26  25  0
82  -31  -68  0
-7  -3  73  0
-98  -58  24  0
-29  -80  -88  0
11  -1  53  0
-60  -21  66  0
26  79  2  0
58  -8  -23  0
98  28  -97  0
-92  22  -15  0
-12  -10  -62  0
-66  57  29  0
26  89  -18  0
-79  -13  -22  0
99  -36  66  0
22  -100  -32  0
-65  -64  -21  0
-85  78  -27  0
3  -34  71  0
40  80  35  0
-68  58  92  0
-70  -99  -86  0
55  -36  -41  0
10  21  25  0
45  16  -74  0
38  -72  -95  0
94  24  -28  0
8  3  -38  0
8  -18  19  0
-98  99  36  0
-88  -60  -76  0
-7  -86  27  0
-10  48  -9  0
29  -39  -14  0
82  -61  74  0
26  41  69  0
-1  -26  -6  0
-66  -65  78  0
-76  42  79  0
-25  -41  92  0
-52  -78  -41  0
-46  -4  5  0
-98  -17  -2  0
-68  -80  36  0
3  8  -77  0
81  -63  -36  0
-49  -89  54  0
17  28  96  0
-74  18  -37  0
-57  -80  -32  0
-87  -66  45  0
58  -36  -35  0
-10  25  -16  0
-64  -5  -58  0
-100  55  82  0
-32  14  -60  0
85  14  26  0
-89  13  12  0
-6  -43  29  0
-73  -17  -36  0
-94  17  25  0
-45  -14  49  0
100  27  9  0
-2  67  14  0
45  -29  -17  0
14  -88  -28  0
8  88  17  0
-24  87  40  0
35  -50  -58  0
-10  26  -54  0
-78  -31  20  0
83  -42  -35  0
81  -49  80  0
32  -47  44  0
26  -69  -52  0
-86  -48  92  0
-92  65  -10  0
-51  -36  -33  0
-53  -46  62  0
48  -14  27  0
-54  -30  74  0
-84  -69  50  0
-48  58  72  0
-49  -24  81  0
-54  -64  -17  0
72  93  30  0
69  87  -38  0
-56  -57  29  0
-98  -39  17  0
-30  68  20  0
92  -19  40  0
-21  66  -18  0
94  -82  97  0
37  12  -11  0
2  45  -39  0
-54  57  -34  0
-74  64  86  0
-38  -20  66  0
-45  -24  -58  0
83  100  -90  0
29  -16  65  0
-16  -74  -76  0
-4  7  20  0
-2  37  62  0
-38  30  19  0
-15  82  25  0
-50  -83  85  0
56  77  -22  0
50  1  22  0
24  53  11  0
21  -99  24  0
21  -75  78  0
-61  47  67  0
-23  21  -97  0
-18  -20  -42  0
90  -18  -19  0
60  92  -26  0
-76  -64  -99  0
-72  -85  -75  0
96  3  12  0
36  -93  15  0
57  72  45  0
47  46  -93  0
16  -95  60  0
25  46  38  0
13  -18  100  0
15  6  -61  0
-14  -51  75  0
6  -22  2  0
16  52  -84  0
12  100  71  0
50  -22  49  0
-85  78  -5  0
70  14  -54  0
6  -98  43  0
41  -21  86  0
-65  76  26  0
-91  -48  9  0
-69  -70  -33  0
-50  -14  95  0
-86  19  -27  0
-23  -73  46  0
38  43  10  0
6  -12  48  0
