c mkcnf random cnf with seed 44406, max clause length 3
c FORCED SATISFIABLE
c 
p cnf 100  430
39  87  -26  0
-25  76  -78  0
40  -76  -2  0
-78  96  41  0
14  93  56  0
89  -34  43  0
80  5  40  0
10  22  31  0
-1  -34  -89  0
70  -52  17  0
-20  90  -81  0
30  -67  13  0
-91  -99  -68  0
81  76  37  0
53  -47  29  0
92  17  40  0
-7  49  -45  0
-66  94  -63  0
-36  -30  -85  0
83  98  -18  0
74  -22  72  0
98  100  -25  0
98  -5  -58  0
-53  86  -54  0
-48  -70  32  0
60  -97  -52  0
-86  29  88  0
93  -68  -8  0
-55  -36  9  0
-85  -84  -18  0
21  73  -4  0
39  78  31  0
-58  -52  73  0
-81  91  41  0
-99  -34  -17  0
-35  -90  83  0
-78  -36  71  0
-51  54  -82  0
1  -3  100  0
-16  -25  -30  0
38  67  19  0
30  -95  -66  0
82  -56  3  0
-95  -27  24  0
10  -81  -65  0
69  53  56  0
-50  -58  -2  0
-42  29  32  0
-47  86  -46  0
74  -77  40  0
-51  77  1  0
-15  -11  -14  0
100  -74  -56  0
-60  -98  52  0
-69  28  23  0
-26  22  7  0
-51  -24  62  0
-16  13  74  0
-41  28  43  0
-7  85  18  0
50  89  74  0
-92  19  -6  0
-46  33  -75  0
64  48  -94  0
-53  -88  -39  0
70  -51  78  0
13  57  -51  0
-95  97  48  0
42  -77  -84  0
-6  -65  59  0
-21  -47  20  0
-37  56  53  0
89  -66  -4  0
-1  41  20  0
-41  91  72  0
-77  -55  41  0
-62  20  -32  0
29  20  36  0
-67  -83  -4  0
8  55  35  0
7  33  -6  0
67  -14  -83  0
-8  -62  21  0
78  46  45  0
-43  52  -44  0
-80  -48  -73  0
77  38  47  0
-61  54  75  0
21  62  -40  0
-72  -85  -96  0
95  -51  2  0
48  21  55  0
21  15  -27  0
-28  66  -96  0
27  8  94  0
57  66  -70  0
-83  15  7  0
-38  -24  32  0
-74  80  81  0
54  23  60  0
-22  33  72  0
-99  87  93  0
11  -12  -66  0
-16  9  -97  0
-67  -51  22  0
61  -62  40  0
-66  -81  58  0
-45  -69  41  0
66  -80  -48  0
70  55  35  0
69  -55  -22  0
-54  -17  -65  0
-22  -65  70  0
-57  -2  -92  0
-26  -25  9  0
98  59  -78  0
26  81  4  0
63  -28  26  0
85  71  -8  0
-51  30  -70  0
-64  56  -25  0
-22  -44  90  0
-69  39  68  0
47  90  -72  0
1  8  29  0
-79  -25  90  0
91  -21  -17  0
78  -40  77  0
-58  43  -6  0
-68  33  63  0
-59  -11  -13  0
58  14  11  0
55  84  9  0
40  79  45  0
-100  -88  -42  0
57  -89  -21  0
-12  80  6  0
85  -28  23  0
18  10  44  0
40  -4  -17  0
-51  -7  -38  0
91  47  92  0
-5  46  99  0
80  -16  34  0
48  -10  -17  0
-56  -72  81  0
14  -100  88  0
-74  -96  75  0
-12  50  -13  0
-94  2  69  0
86  13  20  0
-28  19  96  0
54  -26  43  0
68  -96  25  0
88  15  24  0
-86  -6  87  0
-20  12  -33  0
46  -100  22  0
61  -16  -4  0
59  84  50  0
-26  91  25  0
18  89  -5  0
75  86  8  0
21  -56  -83  0
64  -93  -25  0
-52  90  -29  0
-49  -3  -39  0
-10  -12  23  0
7  -24  32  0
43  23  -92  0
-49  51  14  0
91  -75  9  0
34  -64  18  0
-93  -45  -9  0
-72  84  10  0
78  -47  -68  0
-21  91  11  0
-45  -58  -41  0
-61  -43  -20  0
64  -54  -1  0
-89  -67  20  0
-77  72  -17  0
27  -66  -84  0
57  -74  50  0
40  28  -3  0
66  29  -90  0
-30  -2  44  0
-70  77  -65  0
55  99  81  0
-11  35  1  0
-59  7  -85  0
-27  74  -73  0
51  -88  -31  0
27  -31  -34  0
-97  99  -48  0
-61  -73  58  0
-81  45  -56  0
-66  -2  1  0
87  68  99  0
84  39  -52  0
6  29  -94  0
-92  -68  93  0
4  -23  6  0
90  12  93  0
27  -79  32  0
-54  55  -57  0
-86  -21  24  0
9  63  26  0
86  37  77  0
10  -17  -41  0
-3  -97  32  0
74  -1  -16  0
-32  37  97  0
-75  -37  24  0
21  -87  17  0
-21  -54  29  0
-58  46  8  0
-8  -26  60  0
50  18  -35  0
-14  -97  35  0
-98  77  -24  0
-10  61  -67  0
-92  -77  -8  0
33  -75  49  0
61  87  65  0
73  47  -95  0
83  -14  -18  0
-38  -40  63  0
-67  37  -31  0
-60  -51  -18  0
90  87  9  0
90  81  94  0
22  -6  -17  0
-57  -81  -97  0
5  94  98  0
-62  71  -18  0
-94  -35  -1  0
-69  53  50  0
43  29  -25  0
87  -65  -44  0
-83  -68  -9  0
48  20  35  0
87  -41  15  0
50  -85  80  0
-51  6  19  0
72  5  83  0
-80  -17  -48  0
-58  -97  -40  0
83  -67  -65  0
64  -5  66  0
38  -20  5  0
58  84  -65  0
36  -48  95  0
-49  84  -16  0
65  -70  75  0
-93  -1  -67  0
-18  82  100  0
-63  -62  33  0
-93  -60  32  0
-15  64  11  0
-31  -2  68  0
-9  -41  38  0
-81  -65  -92  0
-1  -60  72  0
-21  -8  -88  0
30  44  -21  0
63  45  -3  0
33  88  49  0
4  37  27  0
-28  -59  -19  0
-4  -3  -9  0
-88  9  -63  0
77  3  -89  0
-35  24  -88  0
-5  -12  -57  0
21  -80  7  0
-97  36  -63  0
-26  63  -19  0
25  77  -60  0
12  -28  73  0
92  -10  11  0
-43  -70  71  0
-60  -62  -21  0
-86  -53  56  0
93  -53  -29  0
-4  69  -34  0
64  -91  9  0
52  51  3  0
-60  84  94  0
-68  -11  -32  0
28  92  -56  0
46  71  87  0
34  -51  70  0
-40  3  64  0
36  65  61  0
48  -76  -52  0
58  -33  49  0
-76  92  -39  0
-14  -8  -78  0
-7  38  64  0
45  -96  85  0
-13  -51  -45  0
-43  20  8  0
59  -50  42  0
62  -46  30  0
85  15  -22  0
76  93  37  0
81  90  32  0
17  -27  -42  0
-40  79  -12  0
16  -22  -68  0
-92  50  -93  0
77  99  -42  0
-1  -48  4  0
46  45  -7  0
42  -14  27  0
76  -15  25  0
67  56  -46  0
41  93  -63  0
-3  -85  12  0
94  -13  75  0
-86  -87  10  0
-67  -60  -54  0
-60  58  -42  0
-59  -77  -20  0
-88  67  -93  0
29  -47  -57  0
-10  61  -53  0
11  -8  66  0
52  21  76  0
-94  -91  59  0
-34  -70  -54  0
62  6  54  0
-25  -60  -13  0
-31  23  25  0
-2  -88  26  0
82  -96  -6  0
47  -100  -39  0
76  -64  44  0
-73  -91  -10  0
-8  1  6  0
91  -61  -92  0
-16  46  19  0
-83  21  -100  0
2  53  -74  0
-94  -59  -97  0
1  -32  53  0
-78  -12  -85  0
-72  -67  77  0
22  32  87  0
-100  -33  -39  0
-100  38  9  0
22  21  55  0
-19  -98  -95  0
43  -88  1  0
-36  88  -66  0
-2  46  26  0
-81  64  80  0
67  -48  73  0
89  -5  -23  0
79  4  35  0
-19  -80  16  0
50  18  -61  0
67  -86  49  0
-38  79  3  0
16  -44  -15  0
73  -92  -72  0
86  13  -3  0
26  9  33  0
-88  31  -79  0
25  41  30  0
-51  -18  80  0
-3  -98  -50  0
-29  -93  17  0
-86  -63  -81  0
56  -90  -75  0
80  59  73  0
71  88  40  0
-46  42  -38  0
-45  -37  55  0
-53  -91  41  0
28  61  -16  0
81  36  -46  0
25  19  -2  0
-64  72  -10  0
-41  -43  -58  0
-9  -49  -98  0
87  -61  -76  0
-61  93  -87  0
-67  28  -97  0
67  65  -82  0
85  -63  72  0
56  -84  -98  0
-19  -23  -78  0
-77  -64  -32  0
41  -38  46  0
12  -36  25  0
52  -76  -39  0
-90  -80  -12  0
95  -99  -4  0
90  -94  36  0
25  -76  5  0
79  24  -17  0
-33  -25  45  0
48  47  -52  0
-13  -55  -99  0
-52  -67  -31  0
39  -20  76  0
-91  59  -58  0
3  -72  -17  0
-16  19  51  0
82  -71  -47  0
38  -86  -27  0
35  -93  66  0
-96  28  83  0
-28  3  78  0
-15  -98  -31  0
-13  -17  57  0
-4  80  31  0
80  -78  72  0
60  93  -18  0
22  -36  9  0
-78  37  -55  0
68  39  1  0
69  -80  -56  0
-72  -82  64  0
-18  46  -52  0
-57  94  7  0
38  60  43  0
-49  77  18  0
