c mkcnf random cnf with seed 44433, max clause length 3
c FORCED SATISFIABLE
c 
p cnf 100  430
-95  9  -35  0
-27  -25  29  0
27  6  -54  0
-75  -67  42  0
62  34  -35  0
43  81  -89  0
-53  54  -26  0
-10  40  81  0
35  -86  -53  0
-37  14  34  0
88  -89  95  0
74  -76  -49  0
-49  32  -52  0
-53  -78  61  0
-95  -21  -85  0
45  85  82  0
57  85  49  0
-6  -75  99  0
-27  -5  -1  0
91  98  40  0
95  -69  -11  0
-97  74  6  0
93  -41  -48  0
79  -63  91  0
-7  26  67  0
-5  -9  -4  0
9  52  -35  0
-31  14  13  0
37  18  -43  0
-42  -73  -6  0
63  76  41  0
-73  -63  -88  0
-32  -43  5  0
1  46  -48  0
-2  26  -45  0
-17  -83  71  0
-24  97  68  0
79  75  -51  0
44  51  40  0
-22  -18  -5  0
-9  16  85  0
-44  47  70  0
-16  -44  -51  0
-61  75  50  0
-61  -96  91  0
58  -97  40  0
57  -2  -77  0
-81  37  -42  0
71  55  23  0
-18  -5  -46  0
47  -36  -62  0
-36  -94  -74  0
-64  45  51  0
64  -87  84  0
53  45  -94  0
76  84  -100  0
-86  97  67  0
-21  62  -32  0
-72  27  -3  0
-58  15  6  0
18  82  63  0
-71  -63  -18  0
-33  -15  -42  0
41  -64  -82  0
-37  -48  -80  0
8  -47  55  0
-100  84  20  0
65  -56  -22  0
-34  -22  89  0
-62  47  1  0
-53  -57  39  0
16  -100  -65  0
32  -67  -64  0
-25  7  -21  0
-54  97  41  0
46  73  -16  0
37  -80  -43  0
65  -11  3  0
-93  70  31  0
-1  -97  -76  0
100  -48  -61  0
41  93  57  0
53  -96  16  0
-13  40  70  0
75  -36  -79  0
-22  98  -70  0
28  98  -4  0
34  75  46  0
31  -69  -97  0
-4  57  80  0
-84  -7  68  0
-6  -75  -86  0
-19  -38  -28  0
-81  28  30  0
-100  -70  -95  0
-64  -40  25  0
-26  -95  -69  0
10  -90  32  0
-25  -74  28  0
88  -98  -74  0
-18  17  69  0
-86  -44  78  0
-87  75  22  0
-54  34  9  0
73  6  -72  0
7  -24  -77  0
-30  89  -61  0
-86  83  -20  0
-25  -45  -63  0
-90  53  79  0
60  74  29  0
86  -70  -35  0
10  71  -62  0
34  17  55  0
85  -60  100  0
-94  7  -50  0
15  76  -66  0
-26  99  -12  0
76  -85  83  0
3  94  -85  0
10  77  48  0
-39  -81  70  0
12  55  -75  0
-95  44  -38  0
-77  6  53  0
-51  19  33  0
-6  31  87  0
-40  -69  -57  0
-94  72  -54  0
-27  -80  23  0
91  66  -72  0
-50  -92  55  0
61  -4  42  0
-75  -71  53  0
3  -14  -7  0
69  -86  82  0
-95  -97  68  0
-91  28  16  0
83  75  -20  0
-78  98  47  0
-56  47  -40  0
-73  34  10  0
16  -4  28  0
60  -94  47  0
60  22  36  0
18  -96  76  0
-82  -32  -64  0
-30  -4  28  0
9  -68  -90  0
13  -42  -38  0
71  -99  38  0
-22  36  -60  0
-42  48  -55  0
-7  -68  -71  0
-91  76  77  0
68  67  -32  0
-42  -54  82  0
-89  -71  9  0
-96  -56  -70  0
-46  -40  -63  0
29  4  -51  0
21  -28  13  0
58  89  66  0
24  -95  78  0
33  -11  75  0
6  56  -43  0
-36  91  -1  0
-51  -100  67  0
9  -58  46  0
-55  -10  -78  0
39  -74  -37  0
-2  -89  32  0
71  -22  47  0
-86  -23  5  0
-87  -22  86  0
-11  46  -17  0
55  79  52  0
59  68  -91  0
-18  56  60  0
35  72  3  0
-8  -97  -70  0
27  91  -50  0
32  95  46  0
7  96  12  0
-68  -70  -77  0
-84  -93  -76  0
96  43  -1  0
2  -23  -96  0
-23  32  -7  0
62  -100  98  0
33  73  29  0
25  21  76  0
92  90  21  0
43  -59  33  0
-50  39  -91  0
93  20  -1  0
95  6  -77  0
-31  -22  -9  0
13  93  -3  0
31  -95  -80  0
-57  -47  83  0
-59  -68  -37  0
37  -30  55  0
-44  84  74  0
-69  83  -53  0
57  83  -89  0
46  65  45  0
-1  32  -49  0
80  78  -58  0
15  -86  -83  0
-81  -37  53  0
-43  -59  -48  0
89  44  95  0
60  -42  6  0
-1  -36  86  0
-7  86  2  0
-73  72  45  0
88  -92  -18  0
97  -53  31  0
-42  44  -57  0
-56  -100  58  0
16  -70  29  0
85  78  73  0
-32  59  -76  0
17  -54  48  0
-43  18  36  0
58  31  -64  0
58  -68  -9  0
-41  -15  -89  0
-94  57  46  0
79  -11  -59  0
73  -84  -78  0
-41  11  90  0
1  61  92  0
-68  73  71  0
92  30  57  0
32  -4  -30  0
36  -42  -68  0
1  11  95  0
-100  7  -55  0
68  -46  -90  0
-46  99  24  0
32  -30  -53  0
51  73  -61  0
-64  -94  -45  0
-57  32  -27  0
-61  55  -96  0
77  65  -28  0
-93  -21  19  0
-36  51  73  0
71  65  -14  0
-52  -73  94  0
-71  56  98  0
73  -21  8  0
16  -37  -11  0
-7  13  25  0
-16  31  24  0
74  43  11  0
-84  -94  -22  0
-42  -20  37  0
31  95  -40  0
56  -87  30  0
28  94  23  0
-75  79  17  0
86  -69  -44  0
-5  25  96  0
60  -77  -38  0
-77  -87  -4  0
4  -66  -12  0
49  -93  -36  0
18  87  63  0
-68  96  -33  0
-83  80  35  0
-99  -51  25  0
-21  -99  -58  0
93  -14  -25  0
-57  -10  -40  0
-13  -83  -39  0
-86  61  -73  0
-35  -65  64  0
32  -67  56  0
-36  89  -18  0
69  15  45  0
55  53  -36  0
-66  -2  22  0
82  -44  57  0
-62  -19  -81  0
61  19  -13  0
52  15  81  0
61  -79  86  0
87  83  65  0
99  100  -85  0
-93  13  54  0
50  45  21  0
81  74  2  0
74  -54  87  0
-72  -9  -14  0
77  -13  1  0
22  42  32  0
46  82  22  0
81  -79  12  0
-82  26  -50  0
-22  -4  25  0
-58  80  -22  0
92  -15  82  0
-51  -9  3  0
-95  -41  45  0
-98  -1  -72  0
-56  93  -83  0
65  -24  -91  0
45  -3  -47  0
-71  -7  65  0
46  -34  -32  0
-78  45  64  0
27  -48  -80  0
48  -29  86  0
73  52  98  0
-46  16  76  0
-96  94  -82  0
76  91  90  0
76  72  90  0
20  -93  26  0
31  -82  -30  0
28  -14  -40  0
17  -50  -82  0
23  60  -65  0
17  -23  -75  0
-61  3  -45  0
75  38  -90  0
-22  66  -15  0
60  -69  -89  0
35  38  -91  0
-79  -20  -15  0
-91  -56  -68  0
81  15  -3  0
-66  -78  54  0
35  -75  -62  0
-53  -47  87  0
-86  -65  75  0
-59  7  66  0
-29  -52  7  0
96  5  19  0
-69  88  -20  0
-79  39  42  0
40  -74  20  0
-55  74  -70  0
-38  85  31  0
36  -16  57  0
-69  94  42  0
-24  21  39  0
-36  44  54  0
-23  -99  25  0
11  22  -66  0
66  22  45  0
-61  88  -34  0
53  16  -88  0
-70  44  -21  0
71  -30  83  0
-80  70  78  0
13  -77  -39  0
-30  -80  -94  0
52  64  18  0
-38  30  1  0
97  20  -82  0
83  -52  20  0
-51  81  41  0
-16  -18  -32  0
-59  33  -2  0
94  -27  39  0
-60  40  2  0
-91  43  18  0
72  -76  -64  0
-63  54  -20  0
33  77  87  0
57  -82  63  0
-20  2  5  0
-73  76  37  0
52  30  90  0
-47  38  -86  0
21  -34  28  0
-67  -98  -50  0
82  -48  -96  0
5  -83  11  0
64  47  -55  0
-22  -21  53  0
14  -66  93  0
-86  96  32  0
-97  -71  78  0
-7  -17  -39  0
78  28  80  0
-16  50  37  0
97  32  39  0
-4  79  22  0
54  -31  -82  0
-55  99  7  0
35  84  75  0
-57  43  24  0
83  -7  -46  0
29  4  -88  0
-22  93  -77  0
11  80  -35  0
60  -23  63  0
64  94  -17  0
4  82  95  0
94  -75  58  0
85  -94  -20  0
-76  -32  48  0
-66  -78  -94  0
76  -19  -90  0
27  57  69  0
49  40  55  0
55  99  -60  0
-19  -32  37  0
96  -97  2  0
61  5  -70  0
38  72  -76  0
14  -18  66  0
7  -53  94  0
39  33  53  0
-42  -58  -83  0
-20  -54  5  0
-98  -73  -66  0
-8  -18  -31  0
42  14  60  0
46  38  -26  0
9  80  39  0
63  -51  -58  0
-35  -39  -28  0
79  78  -81  0
-28  98  -2  0
