c mkcnf random cnf with seed 44372, max clause length 3
c FORCED SATISFIABLE
c 
p cnf 100  430
-28  -48  26  0
-72  19  -68  0
-1  -82  39  0
-51  -48  -28  0
-56  -4  -77  0
-82  -52  59  0
33  -71  91  0
-27  -7  -33  0
68  45  -41  0
-97  -70  -11  0
-3  -36  -4  0
-23  -96  63  0
-16  -42  62  0
99  65  -55  0
26  57  -78  0
-18  75  -77  0
-97  46  -92  0
67  -100  -22  0
44  15  63  0
95  98  79  0
64  -76  81  0
-31  59  -88  0
60  49  -20  0
63  -1  12  0
77  -55  49  0
-11  -36  60  0
-39  24  -68  0
-60  70  48  0
-7  76  35  0
70  -86  -9  0
48  -20  -97  0
-98  11  -74  0
5  73  51  0
10  -49  -45  0
-64  -9  -53  0
56  78  62  0
-9  44  99  0
-49  54  -68  0
-58  -16  -76  0
52  17  2  0
-25  -58  69  0
72  51  -58  0
97  -49  42  0
-58  -40  -6  0
92  -9  -81  0
59  -57  73  0
69  -75  -71  0
69  -39  -48  0
-29  6  -51  0
-81  -82  52  0
75  -57  4  0
65  -59  -94  0
-86  -1  -80  0
-31  35  50  0
64  -56  74  0
22  -38  -68  0
-15  -91  33  0
-55  -65  -34  0
-46  -36  -60  0
36  -45  -25  0
-23  -27  -48  0
-71  -57  -68  0
-25  -65  76  0
18  -11  55  0
41  23  62  0
21  55  -14  0
85  57  69  0
-98  -4  28  0
8  97  -44  0
82  -44  -15  0
-23  72  69  0
57  39  -71  0
-53  -14  -21  0
75  21  -90  0
-12  99  38  0
-68  -85  -62  0
-30  -71  -35  0
55  -58  -95  0
72  7  -58  0
-3  60  -59  0
30  -11  20  0
19  53  -50  0
-98  52  -90  0
6  31  -73  0
-6  57  -64  0
71  -81  87  0
-35  -1  -37  0
35  57  27  0
67  -4  -6  0
62  64  58  0
87  43  37  0
100  85  30  0
-5  -23  -90  0
-98  57  41  0
35  78  -29  0
58  -92  -18  0
-42  13  99  0
-31  37  -52  0
59  56  13  0
-43  -51  45  0
-33  -62  13  0
-63  -52  -8  0
26  90  -39  0
88  28  18  0
96  37  -79  0
-60  42  63  0
-12  15  64  0
9  37  -36  0
-77  45  -43  0
36  26  -14  0
-58  65  -77  0
34  -61  16  0
-53  86  33  0
-2  -77  91  0
-2  16  -61  0
-78  -41  -32  0
43  12  -51  0
28  -3  -45  0
45  82  11  0
77  -27  58  0
52  -82  -88  0
8  75  53  0
93  -63  -47  0
36  76  49  0
-51  95  -24  0
-68  67  62  0
-67  77  2  0
10  89  24  0
87  -44  -43  0
83  73  99  0
-79  -1  -44  0
-9  7  71  0
-4  -42  54  0
19  -45  3  0
83  56  -51  0
-94  15  -48  0
-46  -55  -95  0
-75  16  70  0
94  -15  75  0
95  58  24  0
-95  -78  2  0
96  -82  51  0
45  -66  -53  0
-35  -48  -59  0
-45  -30  -40  0
76  -78  58  0
-69  12  55  0
65  -30  -33  0
-94  -18  84  0
-94  33  48  0
-32  -92  42  0
-29  -88  91  0
-80  -56  2  0
32  21  -76  0
28  40  64  0
-27  -16  -100  0
-8  70  37  0
-87  -41  35  0
47  6  -26  0
87  -52  2  0
31  -5  75  0
-34  -78  -82  0
29  -82  38  0
46  -55  75  0
64  -17  -76  0
2  9  -53  0
55  -85  8  0
59  1  -83  0
-36  82  77  0
35  38  3  0
-40  -61  -88  0
-11  -89  -87  0
44  81  82  0
11  -16  -98  0
99  -6  24  0
-6  86  99  0
66  28  -90  0
15  -38  85  0
38  -4  -20  0
39  -25  86  0
-2  -75  19  0
-31  93  79  0
77  73  -99  0
69  -33  14  0
89  -79  -11  0
20  -70  34  0
-22  -12  -30  0
-69  -90  25  0
86  6  57  0
-17  51  21  0
78  -88  -73  0
-64  31  -42  0
78  -79  -31  0
-99  1  -83  0
76  -70  -87  0
-35  78  27  0
-53  7  24  0
26  7  29  0
-66  -74  -50  0
93  15  -58  0
-6  62  49  0
10  -27  40  0
-37  78  -87  0
10  28  -37  0
-16  -63  -52  0
-36  -48  -14  0
79  -3  -100  0
8  -39  83  0
58  -97  -86  0
-7  84  24  0
-75  -70  -25  0
-46  -7  -15  0
-42  -29  -48  0
-81  -44  35  0
54  -2  52  0
92  43  -11  0
12  89  -10  0
-71  43  -46  0
61  46  -48  0
-76  -94  100  0
-47  29  -85  0
62  56  -14  0
-59  97  3  0
46  89  -100  0
-84  4  -56  0
12  83  29  0
28  -19  -38  0
87  -79  -25  0
57  38  -59  0
89  -46  -55  0
-37  1  12  0
15  -60  8  0
-50  -29  38  0
-69  64  -55  0
40  60  -9  0
27  84  -31  0
43  29  88  0
9  39  17  0
-22  17  -15  0
-13  36  -21  0
34  62  48  0
27  -46  -82  0
98  62  78  0
-15  -55  -29  0
97  64  -87  0
-19  -44  65  0
-97  -91  -8  0
-67  -37  77  0
5  -74  -76  0
32  -33  -64  0
33  94  21  0
48  -12  67  0
-32  -57  -18  0
37  -78  91  0
46  -12  -70  0
-82  98  -43  0
31  -5  38  0
73  3  -59  0
-72  -51  -30  0
17  49  75  0
-66  84  1  0
-80  58  45  0
-67  -28  53  0
98  -92  -8  0
-70  -57  47  0
31  -10  16  0
-71  -10  -6  0
35  44  13  0
99  -81  57  0
38  90  -91  0
-51  72  -85  0
-31  -87  -74  0
49  -68  -53  0
26  63  -10  0
73  -36  62  0
26  59  14  0
43  -67  -30  0
57  98  53  0
-76  24  -9  0
93  -13  51  0
92  -33  -56  0
34  36  -33  0
-10  -6  -95  0
-6  36  10  0
-25  49  -82  0
73  -63  -53  0
-90  10  80  0
-80  31  -42  0
63  95  31  0
-49  52  5  0
-5  52  -37  0
-92  -27  -71  0
-14  52  56  0
-82  69  88  0
-21  -36  -71  0
22  -59  -99  0
2  46  -77  0
30  16  5  0
-36  -22  -71  0
75  -12  78  0
-18  45  -40  0
28  -3  41  0
-18  77  -52  0
60  -24  -89  0
67  -40  73  0
62  -50  -1  0
79  35  -20  0
-69  -66  65  0
55  -59  51  0
-52  -28  -56  0
-49  86  52  0
76  -100  -31  0
-87  -28  88  0
-48  -9  -14  0
-32  -42  30  0
-40  -82  41  0
-100  78  8  0
-80  2  -40  0
4  -98  44  0
-47  78  -68  0
-91  51  37  0
-75  14  -8  0
21  -13  -22  0
39  -35  -100  0
-67  91  -22  0
90  -88  -76  0
51  43  83  0
-94  -47  44  0
67  26  31  0
30  75  -9  0
25  -70  32  0
-1  -29  -11  0
78  -43  51  0
-60  -9  33  0
-61  20  25  0
-38  24  -52  0
14  -29  -61  0
67  -76  -63  0
-19  68  -74  0
50  -32  53  0
-21  82  -81  0
48  24  -51  0
93  -27  -30  0
-32  -10  19  0
-74  12  29  0
-93  7  89  0
-16  39  53  0
-98  95  -96  0
-49  -1  61  0
73  38  -47  0
95  77  56  0
94  -92  -91  0
-98  46  95  0
-58  99  -83  0
-43  -71  28  0
48  34  61  0
17  45  96  0
-22  60  40  0
63  13  73  0
-66  53  -65  0
-43  90  30  0
-41  -87  -57  0
-11  90  -69  0
47  -32  71  0
78  -96  19  0
-56  -33  7  0
70  60  21  0
-16  -64  -55  0
-14  42  51  0
23  -53  -2  0
18  90  30  0
42  22  72  0
-23  45  20  0
-13  40  -28  0
42  -78  4  0
12  -92  -59  0
29  100  -11  0
-50  -52  -59  0
43  62  -27  0
50  -27  -77  0
-39  -20  -50  0
96  58  -30  0
-50  -44  -2  0
8  86  -64  0
-59  -42  -22  0
65  76  -98  0
16  -55  -74  0
-39  55  22  0
5  -6  12  0
-60  25  85  0
-71  -44  48  0
68  14  18  0
-15  -21  95  0
43  -82  -60  0
43  -34  -14  0
-75  -27  24  0
69  -97  56  0
-6  12  -38  0
-31  54  44  0
-38  51  -28  0
58  -42  -21  0
36  21  53  0
-35  13  5  0
13  -43  -33  0
26  -38  -70  0
76  -16  -23  0
-13  -31  -8  0
49  25  79  0
-18  85  73  0
28  21  90  0
27  51  -100  0
49  65  -30  0
-100  -1  -8  0
78  73  -99  0
19  -76  43  0
95  -80  4  0
-75  -18  77  0
71  99  -78  0
55  24  50  0
81  -70  -78  0
95  -12  -2  0
80  62  36  0
63  73  69  0
38  -92  -81  0
38  88  -83  0
75  4  44  0
79  30  -1  0
44  97  -70  0
-97  73  47  0
89  86  -19  0
