c mkcnf random cnf with seed 44460, max clause length 3
c FORCED SATISFIABLE
c 
p cnf 100  430
-51  31  -44  0
-20  67  1  0
57  -97  -58  0
56  43  -90  0
-40  -1  83  0
-35  41  27  0
-6  -58  39  0
84  47  -20  0
93  -13  19  0
-81  6  39  0
-64  -56  -98  0
39  -88  74  0
10  77  58  0
-40  4  35  0
41  -2  -28  0
30  66  39  0
-59  -58  -90  0
22  76  37  0
-61  11  -26  0
-37  -22  96  0
52  79  46  0
-7  24  2  0
1  33  57  0
49  100  -72  0
31  -41  36  0
48  -91  77  0
84  -70  -77  0
75  -22  -58  0
-41  -28  68  0
16  81  23  0
69  -59  2  0
84  6  -21  0
-45  67  97  0
-20  -67  9  0
88  98  -60  0
-42  35  29  0
8  48  90  0
30  -3  -38  0
-4  8  64  0
40  8  -27  0
-35  90  -18  0
62  -84  39  0
10  87  -79  0
-2  -55  -98  0
87  56  28  0
-24  43  56  0
-21  50  27  0
-36  69  82  0
-34  67  -35  0
64  76  -12  0
-42  9  -88  0
52  -76  -53  0
-95  -40  7  0
-14  -8  74  0
34  -28  83  0
32  6  16  0
71  98  84  0
-83  74  11  0
14  -59  88  0
86  -83  -71  0
100  53  -99  0
21  34  78  0
24  -47  -35  0
-38  -94  33  0
65  -96  68  0
31  6  56  0
-15  -23  -78  0
-3  -85  79  0
-48  -68  -67  0
68  -33  96  0
-58  20  89  0
44  34  70  0
-94  18  -9  0
90  -21  -31  0
47  -84  2  0
50  71  11  0
-9  -90  41  0
32  72  -36  0
-82  -47  41  0
33  -37  -10  0
77  -90  46  0
73  -10  46  0
-18  -60  -40  0
-92  -9  58  0
-19  -31  -27  0
-78  73  -46  0
-13  30  -88  0
93  18  -58  0
-99  22  33  0
-27  13  82  0
-44  -98  -66  0
-28  11  -90  0
-69  -81  36  0
-16  4  48  0
51  -14  8  0
84  -27  97  0
90  67  -84  0
80  -100  41  0
86  -81  -33  0
93  -88  44  0
-22  -21  46  0
-27  -15  -61  0
33  56  -37  0
99  19  -12  0
-56  -50  -76  0
-12  -57  96  0
-17  -54  88  0
26  -94  84  0
-1  33  -5  0
-41  64  -38  0
12  6  -10  0
5  -22  -69  0
15  3  -82  0
21  6  -15  0
67  18  79  0
-48  46  99  0
50  26  -41  0
56  -82  -2  0
-79  -45  99  0
54  -44  -83  0
-38  49  59  0
30  -68  -73  0
-12  -40  -43  0
59  -1  -37  0
10  30  -2  0
67  78  58  0
5  -45  12  0
-62  -70  94  0
15  75  -4  0
-6  79  -30  0
22  -23  -13  0
-67  -32  -52  0
55  18  44  0
-33  -48  32  0
-15  28  -49  0
-45  -27  -42  0
-61  24  -36  0
8  55  -19  0
-54  59  -27  0
-29  -87  -25  0
56  -13  -45  0
40  -77  35  0
67  -26  2  0
80  41  87  0
94  -75  -81  0
-18  -19  -72  0
-81  -92  41  0
-86  -48  -72  0
30  94  78  0
-35  76  97  0
-10  21  13  0
72  -99  -45  0
31  -67  47  0
-20  -23  -94  0
63  87  -40  0
-36  -86  -85  0
-94  56  -59  0
5  -73  -23  0
94  12  46  0
100  12  -93  0
-75  60  -88  0
-24  36  -61  0
30  6  92  0
-70  -99  -79  0
-49  -60  39  0
-74  -2  42  0
3  -26  35  0
1  -60  7  0
-17  16  -53  0
-41  -75  47  0
-9  -97  -1  0
-72  1  -48  0
4  -7  -53  0
-25  -53  96  0
-29  -89  39  0
-45  50  -84  0
-68  53  -14  0
-55  -86  -52  0
51  34  -49  0
-78  81  -16  0
36  81  -15  0
62  -18  -65  0
94  -40  13  0
-21  44  73  0
-76  -62  -21  0
-91  -35  74  0
-53  -74  -82  0
-14  -28  -24  0
-50  -19  -16  0
100  -54  -3  0
39  93  -36  0
-43  92  27  0
41  20  -98  0
52  -47  -50  0
-93  -69  25  0
39  75  -33  0
86  80  66  0
12  -15  -5  0
44  -51  93  0
96  31  14  0
73  92  -28  0
-74  86  64  0
-52  40  6  0
4  -64  -1  0
62  43  -89  0
35  -6  -100  0
68  -21  -78  0
-10  96  -18  0
-6  62  13  0
62  81  94  0
73  -44  -84  0
-37  -28  -14  0
11  32  -62  0
28  -61  49  0
7  -27  -98  0
79  -21  -93  0
-79  -61  -88  0
48  -5  35  0
-68  69  -43  0
70  33  -94  0
-26  -96  92  0
7  37  -23  0
86  67  94  0
-34  -74  37  0
79  -6  -61  0
82  38  92  0
-30  -88  -32  0
-8  -11  13  0
-6  -39  4  0
-15  -78  -47  0
62  -16  48  0
39  94  67  0
59  -21  36  0
59  -83  -91  0
31  -65  64  0
89  -69  20  0
-36  -57  17  0
69  42  78  0
24  46  48  0
-70  -89  -97  0
63  -27  69  0
-99  16  -19  0
7  -95  -65  0
20  63  -43  0
-85  -33  -8  0
-3  99  48  0
-21  -41  -75  0
30  41  56  0
90  41  14  0
-83  66  -57  0
-37  20  63  0
-72  -85  30  0
-91  -86  -48  0
11  -7  56  0
49  -91  -1  0
-87  56  -69  0
-35  17  8  0
-80  -38  -78  0
57  26  -44  0
17  44  -4  0
57  -44  26  0
65  -50  -3  0
62  15  -86  0
30  -53  59  0
-51  -83  43  0
20  -98  -82  0
91  35  -63  0
-78  28  38  0
-21  85  -74  0
97  14  -68  0
-38  -5  -87  0
-96  65  34  0
-59  -31  -16  0
72  -34  -98  0
56  -50  -69  0
-82  14  -100  0
66  63  -35  0
24  -16  29  0
-19  -65  31  0
9  -62  -77  0
25  -53  6  0
32  52  61  0
-69  12  32  0
-35  21  42  0
-79  -63  20  0
-59  39  -9  0
81  -95  -88  0
-10  73  -56  0
-83  -16  86  0
-28  45  26  0
3  81  90  0
14  56  73  0
-23  -2  95  0
-39  76  100  0
53  -17  -97  0
21  -25  60  0
-45  53  28  0
-84  -75  67  0
-1  -46  -29  0
18  -40  -44  0
-11  -88  -84  0
-89  -60  26  0
13  -63  -85  0
-33  77  21  0
14  -61  42  0
63  -54  57  0
-87  7  -79  0
89  -16  -77  0
71  -95  26  0
40  44  15  0
-55  72  57  0
37  -8  29  0
-83  -58  -67  0
92  87  -54  0
51  -58  -63  0
70  21  48  0
-1  99  77  0
21  27  -87  0
-84  -25  76  0
36  -82  54  0
-89  -27  -48  0
-23  14  5  0
-58  -1  23  0
-56  12  17  0
-35  -8  71  0
-87  5  -48  0
-61  -97  -56  0
-3  39  67  0
-10  99  70  0
43  -47  81  0
82  42  -45  0
-69  -95  79  0
76  30  43  0
52  -50  -90  0
66  48  -93  0
30  71  62  0
91  2  41  0
-34  54  59  0
-10  64  -68  0
-23  -35  -30  0
-20  13  -72  0
-29  -1  78  0
-22  -99  85  0
-72  -78  60  0
80  16  27  0
-62  -15  65  0
21  -77  -8  0
-52  -14  4  0
95  49  33  0
73  -85  28  0
23  -58  -17  0
-47  -75  -61  0
-25  -56  -52  0
82  -17  -67  0
-51  98  78  0
34  -50  48  0
-21  -43  47  0
95  -98  -78  0
-44  -43  60  0
-49  22  -67  0
-63  -13  -78  0
-79  -48  -52  0
-70  -12  82  0
43  26  29  0
-61  10  13  0
-86  100  -58  0
-18  -72  70  0
55  -7  -66  0
-27  83  64  0
-38  65  61  0
61  -98  -31  0
-74  82  37  0
15  -31  -75  0
-38  45  43  0
-83  68  10  0
-23  71  35  0
46  66  -50  0
-70  66  8  0
-42  -32  55  0
85  9  6  0
30  12  -92  0
-5  81  14  0
-44  -98  31  0
-94  -56  8  0
-60  77  44  0
-7  -31  100  0
100  57  82  0
-46  -100  4  0
-91  97  94  0
-74  91  88  0
95  -67  -64  0
-74  57  1  0
57  -59  -3  0
-3  -61  -88  0
-17  -22  78  0
29  -69  -14  0
-60  9  -40  0
57  -92  -28  0
-70  -96  57  0
65  56  16  0
30  74  -56  0
31  -13  34  0
-96  42  68  0
-63  33  98  0
-1  -86  -69  0
66  35  38  0
88  -41  -62  0
-97  -61  9  0
-48  -60  -37  0
-34  100  58  0
-11  70  -71  0
49  -1  -30  0
-9  16  40  0
-38  53  8  0
73  34  -24  0
-73  17  98  0
46  -84  -55  0
36  -98  37  0
60  14  -59  0
62  -99  -72  0
-3  92  -74  0
97  -79  -25  0
-77  -58  -88  0
-11  53  87  0
89  73  -99  0
-1  -87  -13  0
72  88  -28  0
-59  14  51  0
-75  6  -52  0
-81  64  -29  0
