c mkcnf random cnf with seed 44444, max clause length 3
c FORCED SATISFIABLE
c 
p cnf 100  430
11  7  50  0
58  65  -97  0
-64  -61  -38  0
79  -6  -14  0
10  19  -88  0
51  -12  -14  0
-84  80  56  0
-2  16  -87  0
47  54  -26  0
-96  -99  86  0
15  -73  93  0
-76  3  73  0
59  -60  46  0
-93  -33  19  0
-100  -40  -82  0
-82  -9  -53  0
74  -64  99  0
37  -42  93  0
-35  -68  69  0
92  -52  61  0
85  98  32  0
-96  27  -93  0
-87  -12  64  0
-20  78  87  0
11  -6  -35  0
-88  32  22  0
70  25  -89  0
92  4  78  0
31  -82  -86  0
-97  -94  -93  0
-94  8  1  0
22  -64  -27  0
-24  -36  -44  0
34  -61  -67  0
32  26  -7  0
-42  -38  -58  0
-11  75  -96  0
-26  18  -76  0
-77  58  -90  0
92  51  99  0
16  -58  -51  0
13  -67  -84  0
-19  40  79  0
5  86  -67  0
-39  -43  26  0
57  -94  -76  0
-33  27  35  0
92  43  16  0
-61  -29  58  0
-51  5  -60  0
21  13  -24  0
65  -62  -12  0
-92  -39  66  0
-30  90  -13  0
-2  -46  -66  0
98  -59  56  0
69  57  86  0
-68  52  13  0
-96  -70  -12  0
-64  22  81  0
-15  -40  98  0
46  -97  58  0
-54  -17  93  0
37  -20  -22  0
82  43  64  0
-99  -84  -51  0
55  3  -39  0
-31  98  -71  0
-73  -56  -34  0
-91  6  -100  0
68  87  75  0
72  -68  92  0
42  -44  45  0
-65  7  40  0
-41  -73  99  0
22  -65  67  0
-12  54  33  0
-83  -69  -5  0
43  -1  72  0
9  -84  -63  0
-21  -62  61  0
-28  92  98  0
52  86  -64  0
73  -72  -70  0
-63  -97  -3  0
57  -11  45  0
-18  75  78  0
-69  -72  46  0
-26  -15  72  0
38  28  37  0
66  -84  -17  0
41  79  64  0
-32  -42  -36  0
-31  -95  78  0
37  -78  60  0
-78  53  -13  0
3  -27  54  0
-46  62  70  0
70  -16  31  0
-100  -40  -95  0
-58  -64  -97  0
-18  36  -28  0
-17  -86  -82  0
-99  -9  -62  0
-61  16  87  0
55  -20  -90  0
-81  55  5  0
-58  46  -34  0
64  -4  -93  0
77  59  8  0
55  -38  -96  0
-82  -39  -32  0
-90  -32  43  0
29  52  -80  0
-74  61  -79  0
45  16  77  0
-81  -25  -45  0
-49  1  17  0
-76  49  -48  0
80  -4  60  0
-5  -12  39  0
52  24  -73  0
68  -18  -79  0
-71  10  -83  0
89  15  -26  0
-61  -94  77  0
-91  -69  -86  0
45  56  6  0
57  4  -35  0
36  45  -27  0
-91  -3  -93  0
-88  -55  -3  0
88  -31  3  0
43  97  -22  0
-42  57  7  0
-14  4  59  0
78  -81  76  0
78  -20  9  0
-1  -56  -43  0
-82  9  6  0
60  -85  22  0
30  48  94  0
-61  20  9  0
44  -8  -41  0
-91  -22  39  0
-83  15  35  0
36  -8  -58  0
-76  13  91  0
9  64  -17  0
56  65  14  0
-82  21  76  0
-61  -76  64  0
-4  -63  76  0
-93  81  58  0
95  -83  -70  0
-98  -83  -47  0
36  43  -30  0
-76  -40  93  0
91  -48  40  0
82  -64  63  0
60  92  30  0
-71  -92  90  0
-74  -89  -49  0
34  -51  -14  0
42  46  -76  0
-57  -95  -78  0
-17  -67  -8  0
70  88  91  0
-14  20  -53  0
13  20  4  0
12  39  -92  0
-89  2  -54  0
-16  54  4  0
19  -47  -10  0
-55  -94  93  0
-41  50  -87  0
-84  -32  60  0
-67  -26  -34  0
75  67  -7  0
-13  -82  17  0
-27  54  90  0
-19  78  32  0
17  12  -82  0
-80  -83  -96  0
31  72  -22  0
38  -94  63  0
16  35  30  0
96  100  -14  0
1  -59  35  0
-35  -46  59  0
1  10  83  0
56  75  -12  0
18  85  -37  0
90  -95  -77  0
20  -26  -96  0
-25  48  -29  0
97  -10  -95  0
-100  85  -89  0
-58  59  -51  0
-67  37  -73  0
41  82  -58  0
21  91  94  0
-18  -13  -8  0
-61  5  11  0
56  -57  -5  0
64  6  32  0
21  93  42  0
-79  -30  99  0
95  57  -40  0
15  -60  88  0
49  35  -89  0
-58  -6  74  0
36  20  92  0
-58  -21  -82  0
-94  -5  -45  0
-6  56  -49  0
49  -59  -90  0
-36  -64  63  0
62  -4  -82  0
91  6  -86  0
79  -32  36  0
85  -54  -47  0
95  -55  -14  0
-69  77  90  0
-14  -75  55  0
-99  -81  -71  0
-58  33  25  0
3  -77  30  0
-81  18  92  0
29  -17  82  0
-63  56  -60  0
-83  -91  -96  0
-83  -3  48  0
-25  -12  -16  0
10  -61  -14  0
48  81  99  0
-39  -53  -65  0
72  -28  51  0
56  -41  -33  0
-53  -96  -87  0
-92  65  54  0
61  70  -81  0
-60  36  -78  0
-95  68  -15  0
29  -87  75  0
2  75  42  0
-30  68  -31  0
58  -91  -93  0
-47  -48  -81  0
94  73  72  0
-83  -93  -66  0
-25  -46  21  0
-35  48  91  0
-3  6  -96  0
-52  58  -93  0
-59  -89  52  0
38  35  9  0
-3  90  55  0
-62  -88  -94  0
78  -13  83  0
59  12  -42  0
-46  -57  14  0
-15  28  -45  0
-44  82  98  0
-63  66  3  0
-40  98  -32  0
-58  -39  -32  0
-4  -63  -41  0
-57  68  -16  0
7  -85  -26  0
-27  5  -33  0
2  -35  13  0
51  21  77  0
-59  63  -47  0
-51  37  -2  0
-49  40  -37  0
79  28  -70  0
-23  -63  -16  0
-71  89  63  0
71  -56  88  0
-35  -27  -8  0
-91  -23  19  0
26  20  -30  0
-34  -95  65  0
-81  -4  1  0
49  15  -19  0
-91  -36  -85  0
44  62  -64  0
-22  71  -68  0
12  42  -17  0
-4  15  92  0
-57  -44  -30  0
44  15  -99  0
75  -1  -97  0
48  64  100  0
84  86  -51  0
23  100  35  0
-39  -98  76  0
-74  51  68  0
-71  -57  79  0
-67  99  63  0
-97  59  91  0
5  -75  33  0
-72  -92  -63  0
-3  -23  -74  0
71  57  75  0
-46  69  88  0
24  -96  -67  0
-19  -12  -68  0
-25  -88  74  0
-2  38  25  0
26  -49  25  0
-49  96  18  0
-74  -82  -2  0
-50  22  -23  0
-4  -40  65  0
-78  69  -94  0
-84  -85  -44  0
12  77  -7  0
-3  8  14  0
45  -94  -3  0
-10  -54  -15  0
35  41  59  0
-57  55  -93  0
46  65  56  0
-3  -25  -1  0
-60  15  53  0
69  40  -80  0
-76  79  29  0
1  88  -32  0
3  84  -58  0
66  -7  87  0
-91  -81  29  0
90  49  18  0
54  -51  -14  0
-67  -92  48  0
92  12  67  0
-49  -63  -4  0
73  74  -2  0
-87  3  -98  0
-74  13  51  0
79  84  -88  0
50  -1  62  0
19  -78  4  0
-13  -63  -65  0
-15  -47  37  0
-8  -78  -14  0
-19  -2  -52  0
-34  64  -1  0
74  33  10  0
-1  -4  -99  0
4  92  29  0
-62  58  74  0
5  -18  -84  0
-55  57  47  0
-53  11  -90  0
81  71  96  0
-15  54  -35  0
68  65  -95  0
40  11  41  0
-31  -44  -17  0
50  69  56  0
-28  -1  -56  0
-4  3  -41  0
84  99  78  0
80  52  -85  0
-46  -11  -68  0
43  90  -12  0
-99  4  59  0
-47  74  -78  0
-32  86  -89  0
-50  54  88  0
-88  -6  10  0
-49  84  -99  0
57  2  9  0
-51  52  -23  0
9  64  -66  0
80  -99  -97  0
88  17  -24  0
85  74  -21  0
25  -85  87  0
-73  -2  -92  0
64  69  -36  0
27  -70  -46  0
-20  -96  -55  0
-72  1  49  0
-94  41  -40  0
-14  -11  69  0
29  -89  53  0
36  -35  -13  0
24  -47  78  0
45  -65  52  0
30  80  -99  0
-83  -61  -68  0
70  -60  34  0
31  -85  78  0
-36  -11  -58  0
11  -48  44  0
61  97  -2  0
-4  7  -29  0
-30  -95  74  0
-75  -18  62  0
-15  77  37  0
60  12  90  0
5  -95  -58  0
-80  21  35  0
23  -34  -58  0
69  37  7  0
-56  49  96  0
34  -23  21  0
8  -32  58  0
-5  -1  72  0
53  14  83  0
-47  37  91  0
-71  -31  8  0
18  -20  -19  0
23  35  -93  0
-78  46  88  0
-26  69  73  0
-81  -32  44  0
30  -85  -59  0
-2  -33  92  0
98  -65  38  0
57  93  89  0
83  33  21  0
27  -97  -50  0
41  -72  67  0
83  10  94  0
-73  90  -50  0
4  43  -13  0
