c mkcnf random cnf with seed 44445, max clause length 3
c FORCED SATISFIABLE
c 
p cnf 100  430
76  52  5  0
88  -92  17  0
85  6  -41  0
99  93  -100  0
-56  76  93  0
45  -18  11  0
6  -80  68  0
-57  -99  -24  0
-51  -26  -33  0
3  -1  53  0
14  -31  54  0
-35  40  33  0
-18  -36  3  0
43  57  -35  0
-79  -11  -56  0
-55  98  -84  0
33  -7  -42  0
70  58  -43  0
-40  13  -94  0
-72  -97  -26  0
-32  -4  57  0
95  11  -48  0
34  44  12  0
67  -33  50  0
-37  -79  -33  0
-46  26  -27  0
81  18  -36  0
96  48  -16  0
-93  100  72  0
3  -18  -2  0
-82  88  49  0
12  26  -46  0
53  57  13  0
99  -45  -47  0
-96  -70  30  0
66  18  -73  0
-84  96  22  0
67  45  -50  0
-42  35  -66  0
53  61  82  0
47  45  51  0
78  -49  -33  0
86  10  67  0
-8  46  -16  0
-42  -39  -19  0
-34  -42  -57  0
-55  49  8  0
-71  43  -3  0
21  69  97  0
-86  43  57  0
-89  -70  -68  0
49  55  54  0
81  60  11  0
62  -20  28  0
-1  -62  -44  0
94  35  -87  0
-64  -9  -27  0
-96  70  -38  0
58  -2  13  0
-25  -19  91  0
26  46  -50  0
2  31  -10  0
-62  -70  15  0
-74  -56  -20  0
-59  -95  9  0
65  -21  -93  0
-5  -69  -70  0
-92  -34  15  0
68  97  -60  0
45  86  62  0
-26  37  -99  0
55  43  9  0
65  98  -26  0
-61  -41  52  0
-40  -36  54  0
-58  -4  40  0
-5  41  -46  0
-5  -15  -17  0
60  -85  64  0
46  89  -71  0
41  50  13  0
-17  -40  -79  0
-45  -44  -36  0
5  61  -17  0
-89  -53  -47  0
88  -61  -80  0
-78  100  60  0
-20  -76  -3  0
42  -73  -22  0
98  73  46  0
33  12  -4  0
-11  100  98  0
46  -13  55  0
-48  29  -62  0
51  -84  -47  0
-14  66  70  0
-49  -64  58  0
-94  -71  16  0
19  -5  -6  0
-14  -87  5  0
-93  -58  44  0
2  68  43  0
-89  -70  -11  0
69  46  47  0
54  -77  72  0
66  56  -80  0
97  29  -73  0
-50  91  -19  0
-43  67  -65  0
-63  -90  72  0
-38  -92  -93  0
93  -44  11  0
-57  55  70  0
77  31  98  0
43  -98  62  0
29  36  59  0
46  7  -1  0
-5  -15  85  0
67  32  35  0
-5  80  39  0
81  -44  66  0
86  -28  23  0
7  19  32  0
86  -90  -26  0
-82  10  -52  0
77  55  -70  0
11  -84  69  0
73  40  -70  0
94  19  -74  0
64  -62  -22  0
-86  -75  17  0
-39  41  -72  0
3  99  48  0
29  -67  99  0
57  89  -74  0
59  -93  90  0
16  89  -23  0
-82  65  -9  0
-67  33  -2  0
55  64  47  0
94  -52  -26  0
48  96  32  0
55  -30  -26  0
93  -89  -11  0
58  -100  30  0
-64  -99  -70  0
-49  -8  16  0
49  -2  19  0
13  -66  51  0
73  59  -22  0
-20  38  9  0
-38  -86  5  0
45  98  28  0
-46  -41  89  0
-2  20  74  0
-29  -17  13  0
-25  28  11  0
60  -62  73  0
-74  56  52  0
-45  -61  89  0
-66  44  -32  0
70  51  49  0
55  71  27  0
37  -44  64  0
-41  -64  -92  0
67  -31  -44  0
-45  -62  63  0
-94  45  95  0
-32  25  59  0
37  88  -7  0
-29  67  74  0
53  -80  -25  0
-56  15  -54  0
-29  -42  12  0
-7  28  -90  0
-26  59  19  0
-49  97  -93  0
32  -73  -5  0
17  1  -30  0
-74  52  49  0
-58  95  78  0
18  66  -84  0
-11  -37  71  0
-23  35  27  0
21  -61  42  0
-88  25  -36  0
-48  -25  -96  0
-28  -60  -18  0
32  -51  -28  0
-2  48  6  0
-20  -2  -76  0
-81  -3  -54  0
-86  19  -18  0
-91  50  74  0
-75  -82  -61  0
40  -44  61  0
21  1  3  0
82  69  -96  0
-100  -59  -4  0
7  25  4  0
-57  -34  12  0
-73  98  79  0
30  100  -10  0
58  -95  -35  0
-63  94  89  0
17  -50  28  0
60  -61  11  0
30  33  -27  0
96  -70  -13  0
52  12  16  0
-36  -24  -96  0
-83  -2  -49  0
-56  67  5  0
24  38  73  0
-16  -18  -38  0
-75  -15  -56  0
10  54  -18  0
-11  58  -46  0
18  83  -92  0
-60  53  -79  0
90  -28  39  0
21  -84  40  0
68  80  -30  0
75  44  -41  0
-18  -34  19  0
-1  -48  65  0
15  -68  5  0
-27  100  -12  0
35  64  3  0
55  12  21  0
-65  30  -26  0
-66  -30  3  0
-4  70  22  0
2  -6  -17  0
-17  -89  -70  0
-58  38  84  0
18  -21  -57  0
-80  -21  -76  0
-4  43  -41  0
22  68  11  0
-53  -36  75  0
-19  -12  -66  0
16  -5  -50  0
-100  89  18  0
-22  -34  100  0
-89  30  -48  0
58  -68  24  0
93  19  77  0
87  19  38  0
53  26  54  0
93  -44  60  0
58  80  45  0
-13  -71  -81  0
-61  -48  5  0
-83  -59  -78  0
83  37  -67  0
-18  -70  -37  0
91  -28  73  0
25  51  24  0
4  16  59  0
58  27  -6  0
17  -77  -35  0
-29  65  40  0
-6  -99  -9  0
-86  -50  6  0
86  55  -73  0
-44  -52  91  0
-36  28  65  0
-77  70  6  0
6  33  -41  0
-86  -44  -41  0
-68  -40  -96  0
-17  -6  -87  0
-96  -53  -70  0
-83  -54  -25  0
24  -43  -29  0
88  -65  -78  0
97  17  -67  0
-67  2  -21  0
-74  25  39  0
2  -66  -15  0
79  15  48  0
87  -13  -58  0
-30  -75  67  0
86  61  -2  0
-14  7  21  0
4  69  -70  0
31  99  -69  0
-26  -52  -86  0
-69  -28  -14  0
75  91  80  0
-17  47  -97  0
-95  64  86  0
12  -10  71  0
99  62  1  0
49  -94  -27  0
26  -62  21  0
-72  -11  -10  0
-49  43  -98  0
83  -71  -21  0
30  -24  -21  0
85  -14  51  0
-33  98  79  0
9  5  92  0
-68  89  -80  0
26  5  74  0
-22  16  45  0
20  -59  31  0
20  14  67  0
40  -55  -79  0
-13  90  2  0
74  33  -66  0
-86  -92  65  0
-67  -63  -11  0
86  -3  8  0
2  -15  32  0
75  -30  -51  0
-24  87  -5  0
-6  -91  17  0
-6  50  -77  0
-84  -23  -49  0
88  -69  9  0
27  96  -59  0
29  -63  -37  0
-66  7  -76  0
33  -37  12  0
66  88  -69  0
64  63  61  0
-17  67  -98  0
38  69  97  0
-85  76  67  0
-45  91  36  0
-85  -76  48  0
50  -66  44  0
69  -8  7  0
-93  -78  5  0
-15  23  55  0
100  -82  35  0
-37  -90  13  0
-4  2  -10  0
20  57  -4  0
12  14  -39  0
88  21  -86  0
100  -58  -92  0
-96  -39  100  0
-56  83  -26  0
43  75  -15  0
31  57  52  0
85  -6  45  0
-39  78  11  0
8  -95  96  0
-47  -3  66  0
-27  -25  -87  0
76  -41  -3  0
50  -18  43  0
-7  -60  -29  0
45  -90  88  0
-95  66  -69  0
-67  65  -90  0
58  71  42  0
-27  88  42  0
44  5  -26  0
42  -93  -49  0
84  -45  44  0
20  85  40  0
-62  -93  -46  0
27  20  57  0
-45  -28  -91  0
-62  -14  -46  0
-78  41  22  0
-23  47  30  0
-81  -92  60  0
-48  -10  99  0
40  54  -87  0
-73  12  93  0
12  14  -86  0
9  8  40  0
40  75  -31  0
44  42  -90  0
65  100  -63  0
-72  28  17  0
38  74  15  0
-75  63  19  0
68  -99  -62  0
28  -42  -24  0
-92  14  -25  0
21  -25  66  0
-47  -69  -52  0
62  -16  -26  0
98  -91  -6  0
69  -87  31  0
-99  59  21  0
-96  -8  31  0
43  -19  73  0
24  38  23  0
51  -83  -63  0
23  39  -82  0
97  47  -35  0
13  14  -71  0
-37  93  -72  0
60  -30  7  0
-17  100  -36  0
-37  -62  4  0
68  -33  -46  0
42  -34  44  0
-62  16  86  0
-52  -56  -96  0
-2  57  -25  0
-100  -24  -11  0
16  -93  46  0
-32  34  27  0
53  34  86  0
59  18  95  0
21  -91  -52  0
34  17  47  0
44  -91  -62  0
-32  -84  -48  0
87  -74  58  0
56  -42  27  0
72  95  -82  0
-63  67  11  0
67  -37  91  0
-14  -87  -21  0
45  -72  -31  0
97  57  59  0
-32  -45  -97  0
-18  77  -13  0
47  98  -18  0
-79  -15  91  0
40  36  59  0
