c mkcnf random cnf with seed 44375, max clause length 3
c FORCED SATISFIABLE
c 
p cnf 100  430
-23  84  94  0
-83  57  96  0
-3  -58  -70  0
74  48  -16  0
-82  -56  29  0
-56  58  -66  0
-68  -31  -41  0
-73  100  -96  0
-79  75  -69  0
-85  60  2  0
-81  -10  -23  0
-91  39  -38  0
14  13  2  0
53  21  -10  0
-76  34  -91  0
60  92  -91  0
-85  63  -70  0
60  51  -15  0
-11  -62  54  0
-3  -20  -98  0
-58  -31  -12  0
-69  85  -42  0
-51  -28  -27  0
-55  -15  -26  0
-3  -7  -98  0
4  -83  41  0
5  -30  -36  0
37  -92  54  0
-82  5  11  0
-76  -70  -92  0
98  97  53  0
34  -70  69  0
21  68  -97  0
41  -79  47  0
67  -82  -44  0
95  44  -76  0
39  -62  -31  0
-39  -42  -96  0
44  12  54  0
65  -32  54  0
34  -51  -48  0
-4  -100  -71  0
-28  58  29  0
12  -21  78  0
-75  27  87  0
-23  63  54  0
25  -38  59  0
94  -6  55  0
-78  -95  -82  0
-34  -15  99  0
72  -21  18  0
-51  -50  -9  0
18  -57  74  0
59  60  -58  0
23  -69  -50  0
67  82  -53  0
-34  87  -22  0
76  6  -47  0
-12  -35  47  0
81  -24  44  0
1  17  -18  0
10  -90  70  0
91  -24  -75  0
-47  68  78  0
-54  -81  89  0
38  -69  84  0
100  -97  -10  0
88  3  48  0
19  -53  -66  0
94  -20  1  0
92  25  3  0
84  -47  -45  0
27  -96  79  0
-35  45  -97  0
76  8  87  0
-88  -16  -72  0
-58  -46  23  0
11  -3  10  0
5  16  -40  0
-49  -26  5  0
-61  -54  -60  0
64  -76  -67  0
-76  -28  -89  0
53  92  -40  0
97  42  -99  0
-1  60  -24  0
-18  -26  61  0
76  18  45  0
82  30  -64  0
18  -99  73  0
60  -65  -56  0
-89  -60  -50  0
-50  -94  62  0
45  -58  -6  0
-59  60  -87  0
7  -100  59  0
73  85  8  0
-75  86  -47  0
61  -72  87  0
69  -96  90  0
78  18  -2  0
86  -84  -36  0
-56  -5  -11  0
-36  -19  -1  0
11  -79  -60  0
11  -3  78  0
51  -40  -77  0
-10  -48  -99  0
-10  -67  -41  0
36  -48  70  0
23  -48  66  0
-17  -51  70  0
-19  31  55  0
-33  80  -46  0
-45  -54  81  0
-88  23  66  0
67  57  74  0
-72  -55  64  0
-17  -55  79  0
-26  -22  -16  0
-57  -66  -76  0
-71  83  29  0
-81  -17  6  0
-95  -85  37  0
77  82  79  0
-17  20  61  0
88  42  -36  0
-21  48  71  0
-45  26  11  0
-44  12  -15  0
39  -3  -59  0
94  13  82  0
38  -30  -70  0
-76  3  -28  0
-72  -26  -36  0
-59  52  31  0
95  67  -20  0
6  28  88  0
-29  4  50  0
-69  -35  -58  0
-91  -63  11  0
-34  65  3  0
85  -69  -19  0
15  92  81  0
-55  -2  20  0
-68  -7  -53  0
73  -79  36  0
68  -42  83  0
15  -53  -35  0
7  88  9  0
-3  1  -22  0
99  -19  97  0
48  -11  -93  0
-93  8  -85  0
18  -85  -78  0
24  13  -17  0
48  -17  -1  0
19  -14  -27  0
13  54  33  0
-5  -32  -73  0
8  -91  82  0
11  -80  10  0
21  87  -31  0
56  100  -34  0
78  70  38  0
-77  -72  -8  0
-16  49  -22  0
-77  52  -20  0
100  -99  -85  0
-38  64  -50  0
-29  74  -85  0
88  66  -92  0
66  95  48  0
-29  -59  -99  0
78  66  29  0
5  69  60  0
-86  98  38  0
-26  98  1  0
1  -17  36  0
2  -40  21  0
87  38  -65  0
-67  13  -89  0
80  83  37  0
82  44  -54  0
14  17  -8  0
-37  -92  2  0
-84  -77  -26  0
-52  65  -50  0
-36  -33  -75  0
-38  90  2  0
-42  -53  -85  0
-28  -55  74  0
51  -90  48  0
81  51  -44  0
27  93  -32  0
14  -76  100  0
-17  -64  30  0
-94  18  68  0
35  71  54  0
58  42  -67  0
-15  -11  34  0
87  -14  -43  0
68  13  7  0
65  76  -46  0
43  83  3  0
-17  -99  32  0
77  -42  86  0
-16  -38  62  0
-60  91  -94  0
-6  86  87  0
-65  -9  -79  0
-50  -88  -72  0
37  -57  -91  0
49  -97  56  0
-28  -77  -96  0
-81  -48  -73  0
-17  -49  75  0
-43  1  -83  0
19  10  51  0
-8  84  -97  0
31  53  29  0
-37  -47  -15  0
-31  -69  26  0
41  -18  -24  0
-17  -29  -13  0
74  -88  -32  0
-68  -16  46  0
-30  -48  -43  0
-93  -25  -58  0
76  56  -61  0
-32  47  -80  0
35  -9  93  0
-97  6  -67  0
62  -25  -43  0
99  76  83  0
-10  82  -45  0
71  9  13  0
-93  -69  -79  0
-51  -71  70  0
38  -86  8  0
-68  56  -89  0
-40  -55  -98  0
57  -95  76  0
-94  3  13  0
26  65  67  0
100  -47  97  0
-20  -45  42  0
71  -55  -35  0
-67  45  80  0
50  -48  -2  0
6  98  -44  0
31  -28  54  0
-52  -99  87  0
-31  -26  -40  0
94  -17  11  0
-100  95  -67  0
60  -63  -47  0
91  -29  4  0
-32  -85  50  0
63  -60  66  0
75  34  94  0
99  -93  -75  0
58  -52  -60  0
-68  41  -26  0
33  -18  -56  0
77  12  29  0
-29  5  -83  0
-50  79  1  0
61  -77  20  0
-40  73  -37  0
79  77  11  0
93  94  27  0
56  80  26  0
12  -39  -33  0
24  -95  37  0
-65  -39  74  0
-43  23  -68  0
-2  -70  -11  0
90  5  -89  0
57  8  15  0
45  72  -56  0
4  44  -11  0
-36  -88  72  0
31  -34  5  0
30  -79  -21  0
-81  42  -61  0
94  -68  -53  0
-17  -33  -23  0
-88  -6  -57  0
24  -78  18  0
67  -61  -53  0
-46  83  -57  0
-54  -42  -94  0
2  11  63  0
-54  -65  -20  0
-29  -3  50  0
-80  -90  -22  0
-83  57  52  0
6  60  -25  0
-28  -99  26  0
-81  -21  -6  0
-1  -67  8  0
-63  57  -91  0
14  -41  -80  0
1  -95  54  0
23  -44  -34  0
-82  -1  92  0
-25  -57  -26  0
15  -92  11  0
-72  24  62  0
-16  48  -62  0
-83  66  60  0
-36  -60  -98  0
-33  -31  -20  0
-11  69  35  0
-11  93  -12  0
45  59  -77  0
-22  -93  -59  0
24  -46  57  0
30  35  5  0
-70  72  8  0
53  -51  -50  0
66  5  -70  0
99  -45  -29  0
15  26  -52  0
-28  75  -77  0
-3  -75  -4  0
-95  84  72  0
-4  84  81  0
-45  -87  -34  0
26  92  66  0
79  6  85  0
21  13  -20  0
23  84  -60  0
-71  6  35  0
41  -83  -28  0
-41  -14  -86  0
62  7  -42  0
72  82  -57  0
-29  87  43  0
30  53  49  0
-58  -78  85  0
-84  58  -86  0
-51  64  99  0
-28  -49  -63  0
-97  22  -51  0
-24  32  -21  0
88  -7  -47  0
59  -3  -77  0
-84  -80  3  0
-93  61  49  0
36  -7  35  0
26  -99  36  0
-26  -92  -45  0
60  -58  8  0
-30  36  66  0
-5  100  39  0
-30  -37  -94  0
97  93  45  0
60  39  28  0
-28  22  -29  0
-17  33  20  0
-7  25  21  0
-48  -32  57  0
-77  46  54  0
-26  -78  -22  0
-79  -85  -27  0
-100  -28  77  0
75  26  83  0
-59  -52  -3  0
84  -56  88  0
-14  44  -61  0
11  -2  -23  0
-43  -12  -17  0
35  28  -1  0
90  41  68  0
21  -47  13  0
-35  -61  -100  0
-35  -26  94  0
4  -82  89  0
86  -5  -53  0
-47  78  -5  0
-19  -37  -59  0
-6  4  -55  0
55  73  38  0
-30  -27  93  0
34  69  5  0
-21  35  -50  0
-21  92  -50  0
-74  -46  -97  0
1  -73  -41  0
10  -31  -19  0
-68  -19  91  0
-64  71  45  0
-83  -69  59  0
96  -75  97  0
-59  32  39  0
37  -69  -77  0
92  -26  37  0
4  18  -26  0
41  -91  30  0
63  74  75  0
48  -30  36  0
-32  9  57  0
3  -15  -21  0
-89  90  32  0
-40  8  -29  0
28  75  -58  0
11  51  -78  0
36  -39  3  0
87  -61  44  0
53  35  -98  0
17  40  24  0
-37  17  12  0
70  98  3  0
-37  -12  85  0
35  -37  -78  0
71  -72  -79  0
-86  -44  12  0
-96  83  9  0
92  57  -55  0
83  39  4  0
-67  -91  -89  0
-99  -54  -72  0
-90  -57  68  0
57  56  34  0
-16  -44  74  0
17  42  -90  0
60  -95  -19  0
-87  -49  10  0
