c mkcnf random cnf with seed 44402, max clause length 3
c FORCED SATISFIABLE
c 
p cnf 100  430
-79  6  3  0
-36  69  12  0
91  -1  94  0
64  -70  -28  0
-86  -3  -16  0
-19  77  -2  0
-14  51  1  0
62  -50  -56  0
35  -60  -74  0
-13  89  95  0
54  -36  7  0
-43  4  -19  0
-75  -61  26  0
56  -23  -16  0
-10  4  -24  0
25  -11  -56  0
-59  41  -100  0
-84  -6  25  0
12  64  -23  0
-22  -73  -63  0
25  -97  66  0
79  -9  -84  0
5  -17  -32  0
-96  -35  89  0
-96  -79  55  0
21  50  -91  0
54  -86  -90  0
-15  -37  48  0
-69  -13  -83  0
90  95  -52  0
-64  91  60  0
51  -87  6  0
-64  21  -50  0
70  20  50  0
-47  -43  72  0
-61  73  -62  0
10  38  37  0
-60  -14  39  0
-21  70  8  0
-93  68  78  0
-57  -48  28  0
60  -74  49  0
32  -87  -31  0
28  -57  27  0
-88  73  -62  0
82  97  8  0
-48  54  -89  0
77  30  24  0
-19  71  -35  0
-6  -88  50  0
46  -88  50  0
-27  -42  -50  0
-67  -69  -37  0
-50  -72  -69  0
94  82  15  0
-96  -54  44  0
-21  -37  -3  0
-15  -74  -72  0
-23  -79  -2  0
42  11  30  0
-56  33  -54  0
-43  -42  -62  0
-20  -34  -68  0
74  69  -49  0
-11  69  20  0
-12  100  59  0
-56  -38  -78  0
77  -69  58  0
-24  -79  84  0
88  -6  27  0
53  40  98  0
83  -18  -68  0
69  -22  -100  0
12  -44  -8  0
52  -5  -78  0
-98  65  -54  0
-47  75  82  0
22  -51  -82  0
20  -9  -39  0
83  -81  51  0
-75  31  5  0
-26  21  -81  0
-63  -7  23  0
-99  -96  3  0
-88  17  23  0
51  -70  61  0
-72  -35  68  0
-18  28  53  0
2  -65  44  0
-35  -71  91  0
-35  -34  -98  0
-12  -46  13  0
33  -26  -3  0
-49  75  -9  0
-95  97  -6  0
68  23  -84  0
44  89  -28  0
77  38  91  0
-74  12  -50  0
79  -1  83  0
-70  -22  98  0
-7  -64  -34  0
-18  -36  -68  0
-53  -19  -4  0
95  61  59  0
-94  -10  -43  0
47  -63  -53  0
-82  79  -87  0
56  -18  88  0
-37  92  -35  0
-14  33  -19  0
83  -59  45  0
-74  -20  8  0
-46  -90  -8  0
-1  -81  71  0
12  -2  25  0
-56  -62  76  0
-24  -83  63  0
57  -44  -100  0
22  41  78  0
68  -18  87  0
96  -55  77  0
36  -80  -18  0
10  56  -87  0
20  91  96  0
-7  19  86  0
-94  -56  -32  0
-58  18  -46  0
-24  36  84  0
37  -21  -44  0
-94  27  16  0
-57  59  86  0
-52  83  -69  0
-13  73  -4  0
42  -58  36  0
82  -16  -95  0
75  -94  -28  0
14  -75  -32  0
-52  100  -50  0
-19  8  12  0
-39  -15  64  0
-27  -6  -100  0
-6  -100  -79  0
19  -45  97  0
-16  -43  82  0
-8  -93  49  0
29  4  -51  0
3  -27  59  0
-12  -80  -65  0
-57  -24  30  0
7  58  -56  0
-63  -50  27  0
20  -17  81  0
-44  29  55  0
32  -36  73  0
-37  -57  -95  0
9  -35  22  0
22  -25  -71  0
80  45  34  0
3  -27  -22  0
-90  -36  19  0
70  99  -53  0
74  -95  43  0
8  -61  59  0
-52  -15  -88  0
-98  -56  -63  0
-78  53  40  0
20  -14  -82  0
-58  88  -81  0
79  -43  -85  0
-17  -35  -63  0
-33  -1  12  0
-20  69  16  0
-94  91  24  0
-95  -25  -40  0
51  -45  83  0
-9  -1  -13  0
11  42  2  0
-62  -82  -69  0
8  76  88  0
-87  -94  -85  0
1  -75  -38  0
27  -58  56  0
72  -59  -67  0
47  72  77  0
65  -58  -13  0
94  79  97  0
-49  70  17  0
53  70  72  0
71  -28  84  0
-69  24  -3  0
8  -98  15  0
18  -54  -34  0
4  -53  61  0
-64  96  -26  0
-21  49  -47  0
18  90  21  0
-49  87  -77  0
56  -97  40  0
2  68  36  0
-35  -81  -94  0
61  -38  -89  0
-72  19  -75  0
-93  82  -32  0
-66  -75  -98  0
94  36  -10  0
-3  15  -97  0
-32  61  -44  0
-23  13  -59  0
3  69  57  0
-6  -39  -50  0
23  18  12  0
-66  -61  16  0
-69  55  -71  0
52  63  -67  0
52  -58  85  0
-90  -23  33  0
65  -20  68  0
-88  -56  51  0
-33  42  15  0
37  -9  -7  0
-96  -38  -66  0
97  99  -9  0
97  -76  73  0
42  -29  -74  0
-98  -94  12  0
-64  -67  4  0
-1  35  -5  0
37  -35  -54  0
14  75  -6  0
93  -36  -84  0
14  -54  41  0
41  30  17  0
-83  -7  6  0
-56  3  -31  0
86  89  40  0
19  91  62  0
-95  45  20  0
-40  73  22  0
54  -71  65  0
10  -1  98  0
-72  -49  -40  0
-66  -11  -78  0
-94  9  66  0
-31  -54  62  0
-69  67  32  0
16  91  50  0
48  67  43  0
-8  -89  73  0
33  -41  -26  0
-94  55  14  0
-5  -21  1  0
57  -26  7  0
43  30  -58  0
-89  -62  -6  0
97  -82  66  0
50  40  54  0
-22  -63  -99  0
-79  -54  -74  0
38  82  -90  0
-13  -36  93  0
44  -2  -54  0
-43  -70  -58  0
-6  33  38  0
-61  -60  68  0
57  62  13  0
-96  90  -26  0
-82  50  -71  0
8  -42  95  0
-95  -41  51  0
-100  -67  -52  0
-2  -56  63  0
-57  -94  -32  0
20  -25  63  0
80  88  -79  0
-33  -43  -32  0
9  32  -99  0
-24  41  1  0
4  56  25  0
86  -13  -94  0
7  -89  64  0
100  -36  82  0
-71  -80  -74  0
-55  64  47  0
-51  57  4  0
-57  -31  -49  0
-16  -9  -12  0
92  73  -5  0
66  36  92  0
-27  -11  80  0
-92  33  -25  0
-71  21  39  0
29  16  77  0
31  -51  -26  0
-46  1  74  0
-32  -65  -47  0
27  20  43  0
66  83  -78  0
54  -41  79  0
-39  51  -83  0
-58  -51  60  0
51  -6  -11  0
4  -65  58  0
40  -45  68  0
18  -30  -22  0
-39  57  69  0
40  38  -51  0
31  -59  23  0
-65  64  -63  0
-71  -7  58  0
-35  48  32  0
41  77  60  0
9  -74  -83  0
5  -42  23  0
-47  -44  57  0
-41  31  -74  0
29  -95  66  0
-67  61  -18  0
80  -3  -57  0
61  -86  -37  0
26  62  52  0
48  34  -63  0
87  -29  17  0
-61  56  -54  0
-75  66  25  0
-51  -45  -59  0
57  64  -39  0
79  10  -39  0
-76  -13  -89  0
-13  89  -90  0
-33  67  -84  0
89  -79  4  0
-3  -58  -7  0
-25  -18  67  0
56  -45  3  0
77  -5  7  0
-71  94  67  0
-71  -29  -44  0
-78  -89  45  0
-6  56  -95  0
74  -93  -66  0
-90  -100  -27  0
-88  -32  28  0
-43  -82  54  0
-86  -74  56  0
7  58  12  0
48  -6  -73  0
-10  -83  34  0
9  81  -87  0
23  99  16  0
86  -47  -18  0
-67  6  21  0
22  55  -6  0
-61  -87  8  0
-24  25  65  0
89  -47  23  0
-11  -73  89  0
75  36  -84  0
64  -80  -60  0
54  67  39  0
41  -25  85  0
-38  60  -72  0
-33  -51  29  0
15  86  -35  0
24  -79  14  0
-28  32  39  0
-94  -100  -77  0
78  44  12  0
-41  -23  28  0
25  66  -85  0
70  -3  90  0
-59  90  -14  0
-76  -64  97  0
-19  56  81  0
-7  -8  -24  0
42  -74  -17  0
-61  21  -55  0
55  47  -15  0
57  39  -78  0
67  -58  -70  0
33  -53  -22  0
35  32  -82  0
-93  91  -100  0
-52  -68  -93  0
63  -9  91  0
-87  84  68  0
-80  -83  -61  0
6  62  -33  0
-73  -66  -94  0
-47  -42  66  0
22  34  -43  0
68  -41  98  0
4  -35  16  0
-61  29  -60  0
47  -33  -60  0
82  -23  88  0
-64  45  79  0
-37  40  87  0
28  -21  62  0
30  69  71  0
-99  -46  -66  0
-65  32  43  0
-97  -61  79  0
64  -77  38  0
-16  34  -87  0
19  69  48  0
-45  -69  76  0
-55  34  -100  0
-28  90  61  0
97  -49  -85  0
24  94  -1  0
94  -19  -39  0
17  66  54  0
-45  15  70  0
46  -56  -72  0
37  -98  3  0
44  -9  -95  0
28  -98  -25  0
5  -64  -58  0
61  98  60  0
-1  94  -54  0
65  -80  -17  0
19  87  58  0
-54  84  8  0
-6  83  -90  0
-99  37  -53  0
98  -47  46  0
-39  -18  -78  0
-48  -22  -37  0
63  -6  92  0
