c mkcnf random cnf with seed 44462, max clause length 3
c FORCED SATISFIABLE
c 
p cnf 100  430
-81  -22  -55  0
64  70  -72  0
79  -27  -41  0
18  49  8  0
58  -94  4  0
82  67  -32  0
-45  -1  -21  0
27  32  -42  0
10  -65  -64  0
-54  27  37  0
100  -29  -97  0
51  -37  13  0
59  75  -10  0
3  95  -8  0
87  88  100  0
83  70  -24  0
49  -64  58  0
-47  -73  12  0
81  -20  56  0
93  -60  80  0
15  -49  71  0
1  -81  99  0
74  -5  25  0
59  61  -68  0
-17  -64  -97  0
88  -45  70  0
-43  -9  -85  0
-97  -26  -29  0
-59  65  -58  0
60  -58  35  0
-28  61  92  0
-76  49  -60  0
87  45  54  0
-26  100  92  0
51  -32  -99  0
-33  3  -58  0
-68  -88  -86  0
98  78  -13  0
90  -17  -80  0
-31  3  -94  0
28  -84  90  0
-84  -32  97  0
-46  -72  -100  0
-68  36  80  0
34  88  -51  0
-79  -71  -17  0
-40  -56  33  0
-10  72  -60  0
-7  -14  -80  0
2  -46  11  0
-13  -93  -66  0
-1  -37  88  0
-89  -18  100  0
31  47  -63  0
64  -98  -21  0
6  20  -61  0
-55  -80  52  0
31  95  93  0
69  36  -8  0
-66  41  -62  0
89  -62  -72  0
-39  24  68  0
19  -46  31  0
-60  -43  -82  0
-93  22  -7  0
32  -58  -37  0
88  87  76  0
-55  -18  95  0
81  -45  10  0
71  -69  78  0
-59  38  83  0
-66  21  -19  0
24  -65  81  0
-6  -73  51  0
39  14  63  0
89  -66  -69  0
17  42  -13  0
34  -84  43  0
74  27  -26  0
65  -24  -28  0
22  -54  -98  0
6  -27  -85  0
-64  -92  57  0
-82  7  -41  0
64  83  45  0
-88  22  1  0
-88  -86  -68  0
90  26  99  0
77  42  58  0
49  -35  47  0
-91  38  -48  0
-44  79  -64  0
-67  -98  -34  0
-20  55  57  0
-69  -93  63  0
-38  71  -87  0
-10  -80  -59  0
-6  -98  20  0
88  33  13  0
68  70  -61  0
63  -77  26  0
47  -45  -87  0
42  -1  -95  0
-2  -90  -23  0
-39  31  -82  0
26  53  65  0
-85  -2  35  0
56  44  74  0
-80  -44  -50  0
-69  -14  27  0
-73  -67  25  0
55  62  -87  0
-1  -82  100  0
84  61  -17  0
80  -39  -35  0
-84  -29  34  0
89  47  -65  0
-7  39  -30  0
-29  -38  -26  0
71  -92  19  0
-45  -89  86  0
-43  11  42  0
-62  81  -70  0
-96  -68  -44  0
-91  -18  -65  0
47  -29  78  0
-82  37  15  0
-10  -62  -42  0
43  53  -16  0
-76  -59  -4  0
-11  -14  3  0
89  -28  68  0
76  -62  16  0
-41  51  49  0
41  74  68  0
-58  -77  -32  0
80  28  48  0
28  -93  -23  0
34  -39  66  0
67  -63  61  0
-70  99  -69  0
51  -48  66  0
96  -32  68  0
-95  -6  80  0
-2  -88  -29  0
-39  76  -40  0
-46  33  -37  0
24  58  38  0
-46  -78  34  0
-6  -49  74  0
30  68  -74  0
100  -24  28  0
-49  -46  84  0
44  42  20  0
68  -26  32  0
63  95  -23  0
-1  100  -22  0
-43  37  -11  0
46  68  -69  0
-78  -27  -46  0
94  -25  30  0
-1  21  16  0
95  -13  -52  0
92  25  -2  0
-30  18  -9  0
8  -23  -3  0
-26  -41  -37  0
17  -95  90  0
11  -21  53  0
-62  77  7  0
-47  -12  100  0
30  -70  98  0
-34  92  91  0
-16  -96  -38  0
-57  -54  -65  0
5  -99  95  0
8  93  17  0
35  46  96  0
-74  -16  86  0
27  36  -91  0
4  -45  53  0
67  -59  58  0
-64  -53  -40  0
-82  14  63  0
-62  -26  49  0
22  79  69  0
-74  100  48  0
-19  96  70  0
71  32  13  0
81  70  4  0
71  78  -46  0
-53  63  11  0
-50  -73  -17  0
78  -3  -91  0
-70  91  76  0
68  -43  -19  0
-42  64  10  0
-36  -40  -39  0
17  33  15  0
58  -44  -5  0
-99  19  62  0
99  74  -65  0
-34  86  7  0
43  48  29  0
-30  26  -29  0
-81  -90  -20  0
40  70  47  0
25  95  62  0
-64  68  17  0
-66  -4  20  0
68  -41  -47  0
-39  40  51  0
98  -16  33  0
-49  84  -20  0
-38  -93  -75  0
-87  -25  6  0
20  -19  59  0
-55  52  -44  0
-32  -73  -47  0
36  -59  81  0
-66  -93  21  0
93  41  27  0
-4  -54  77  0
11  30  26  0
52  24  -31  0
-33  -56  -89  0
60  87  55  0
-52  -49  -37  0
-4  5  78  0
-64  88  91  0
22  59  -76  0
-87  -56  -34  0
64  -60  72  0
3  84  95  0
73  35  -88  0
67  78  -10  0
-95  1  23  0
-71  -42  -2  0
95  73  -11  0
-39  -65  -45  0
75  -70  -71  0
67  -73  85  0
20  65  12  0
-25  14  -96  0
-27  43  14  0
65  15  11  0
17  89  -59  0
74  90  11  0
77  -35  88  0
13  -41  34  0
74  94  -76  0
-57  -26  -74  0
-94  63  73  0
42  2  -43  0
65  -33  -41  0
67  -83  -69  0
-48  21  -96  0
-33  -80  -17  0
78  -25  -99  0
-40  2  -9  0
-6  -74  -82  0
-65  35  95  0
-73  -96  10  0
93  -32  87  0
-51  5  85  0
19  -62  54  0
-94  -13  -52  0
-78  57  -21  0
-25  69  -87  0
-56  62  77  0
-54  56  53  0
-31  -6  15  0
30  -28  -84  0
-61  -94  33  0
-64  -24  -62  0
-75  64  -97  0
31  14  25  0
85  84  19  0
-84  -30  1  0
-14  -67  26  0
95  19  -28  0
-37  47  62  0
-4  92  61  0
-81  38  40  0
-58  9  -57  0
43  82  -5  0
58  86  -82  0
-45  21  25  0
78  -41  92  0
10  -62  -39  0
-41  28  -52  0
-79  -41  -75  0
-8  12  15  0
-32  40  81  0
47  -10  89  0
-96  38  -22  0
-62  -69  -43  0
-65  -94  -20  0
-3  76  75  0
-7  -60  -19  0
-43  53  60  0
76  -60  -69  0
39  78  24  0
23  -36  2  0
-5  67  -37  0
-39  -88  4  0
-39  48  69  0
-28  -41  -99  0
55  53  82  0
61  -77  -79  0
11  75  -45  0
91  -80  -65  0
-27  -42  74  0
21  -91  -9  0
-85  -26  -13  0
31  95  90  0
34  -23  -33  0
93  -25  -41  0
-72  -98  4  0
69  -12  -7  0
-59  -67  -30  0
-17  -44  -89  0
59  -11  93  0
-49  -87  98  0
78  8  52  0
-94  28  72  0
-71  -26  -98  0
92  -65  -96  0
24  -16  -99  0
95  -61  -87  0
-48  86  66  0
23  98  80  0
29  -13  94  0
-17  -4  42  0
-8  46  31  0
-29  -5  -81  0
32  60  17  0
33  -88  -36  0
22  75  -12  0
-18  42  56  0
-52  -100  39  0
89  -88  -7  0
-44  81  -73  0
-57  80  -32  0
86  68  -16  0
57  61  7  0
12  -41  35  0
-22  -99  -8  0
12  -81  -87  0
34  -7  52  0
-15  1  -55  0
30  -56  9  0
-51  -94  33  0
33  -37  -44  0
-16  -88  -50  0
-35  -62  -29  0
94  -73  -48  0
17  98  64  0
-39  -42  -95  0
-98  27  52  0
-10  7  19  0
75  8  -79  0
-60  66  -57  0
-63  94  -81  0
-6  98  15  0
-7  -8  89  0
-98  -23  80  0
87  -89  -45  0
84  39  -95  0
-51  27  89  0
27  -40  -45  0
-49  97  39  0
64  -85  -38  0
-97  59  69  0
35  -25  -43  0
-73  52  42  0
-9  23  -79  0
30  -100  68  0
-55  -5  -62  0
-73  -68  -28  0
-16  -80  21  0
-75  39  49  0
60  72  -76  0
-34  46  88  0
26  19  -83  0
32  -21  -94  0
-20  89  -79  0
52  -38  19  0
39  44  55  0
53  87  31  0
76  -37  -13  0
-70  2  -33  0
-48  65  13  0
3  81  -67  0
42  -87  28  0
38  66  -70  0
-5  23  38  0
-84  50  -14  0
92  45  -35  0
21  28  -44  0
-75  86  -47  0
41  -63  33  0
-57  -52  37  0
49  52  25  0
72  -52  -13  0
-51  -54  29  0
26  77  65  0
-54  85  -93  0
-23  97  29  0
54  37  94  0
-70  -15  -74  0
31  -44  -62  0
-66  -63  93  0
-26  -68  -50  0
-28  -90  -33  0
72  -49  91  0
-5  87  -99  0
-6  -43  97  0
81  31  98  0
34  -81  19  0
-23  58  72  0
-70  -10  -75  0
21  -15  36  0
45  -44  61  0
-17  -54  64  0
76  82  -50  0
-66  -42  44  0
-25  -65  -100  0
-56  10  29  0
-4  87  -75  0
