c mkcnf random cnf with seed 44412, max clause length 3
c FORCED SATISFIABLE
c 
p cnf 100  430
30  -58  -61  0
23  25  39  0
66  -36  -34  0
51  -54  -98  0
83  54  -86  0
94  34  97  0
-15  -35  -99  0
84  -6  -35  0
25  91  -98  0
-70  68  -47  0
9  -100  54  0
-28  59  16  0
64  -34  -73  0
40  45  22  0
51  -10  -38  0
-47  82  -39  0
94  -69  49  0
-3  91  -33  0
-14  -34  -79  0
-89  88  -40  0
-50  -31  -16  0
8  -62  87  0
19  67  50  0
-25  72  56  0
74  -26  -4  0
-57  -28  2  0
61  88  92  0
-70  -98  78  0
-99  54  -21  0
11  36  17  0
56  34  32  0
3  32  -84  0
99  67  80  0
73  -70  -53  0
-85  26  13  0
-46  28  76  0
-32  -68  -65  0
-60  55  18  0
-89  -47  53  0
12  -22  -54  0
21  -7  -10  0
84  94  90  0
12  -94  -14  0
-9  74  94  0
28  -10  36  0
-77  21  -78  0
100  89  -59  0
88  -39  -83  0
-73  -1  93  0
63  46  -34  0
-84  -36  57  0
70  -66  -95  0
-28  43  -2  0
-80  -88  -45  0
11  -36  -55  0
97  -39  -27  0
81  99  -40  0
58  -17  -87  0
83  93  38  0
36  87  -90  0
-75  -65  -71  0
31  -19  55  0
23  -22  -63  0
-43  -69  12  0
86  78  -44  0
-86  -35  -54  0
49  61  -29  0
-57  77  -18  0
-77  99  -36  0
94  -13  50  0
-93  61  90  0
-35  -55  -7  0
67  8  14  0
-1  47  -56  0
-64  -12  -79  0
-66  6  100  0
99  -70  84  0
62  25  -57  0
37  -100  -45  0
81  -18  30  0
-48  -50  77  0
-87  -34  -57  0
5  65  -39  0
88  -45  -26  0
22  73  7  0
49  -45  -71  0
9  76  -71  0
22  -71  -96  0
40  -61  -31  0
97  -99  26  0
-71  -48  16  0
-91  74  -88  0
27  -73  -53  0
-77  -58  27  0
-60  68  -84  0
-13  -86  -42  0
-58  -14  67  0
78  -49  43  0
36  -43  -22  0
-3  88  94  0
39  -40  -81  0
-100  -27  19  0
-67  4  -63  0
-16  72  -47  0
-46  38  12  0
-5  54  56  0
-48  -4  98  0
-56  -66  -21  0
-31  87  -73  0
35  -56  3  0
-77  44  -23  0
-76  93  58  0
89  84  -80  0
-98  -56  -38  0
-73  -81  67  0
-15  -32  -48  0
-84  17  52  0
-1  -92  -12  0
-39  56  49  0
-37  -42  -92  0
40  -36  91  0
-81  23  -18  0
49  -55  -36  0
24  52  87  0
73  64  15  0
-38  -15  -46  0
-49  -24  -19  0
-65  86  -37  0
61  47  -24  0
-25  19  91  0
97  -46  40  0
-7  -49  -38  0
25  72  -96  0
24  66  -79  0
39  36  -33  0
30  -10  -13  0
-13  36  -12  0
-95  9  -58  0
15  24  72  0
-40  -75  -63  0
14  -69  -95  0
-38  11  81  0
59  77  -1  0
7  -56  -97  0
21  -93  -30  0
-43  45  -11  0
15  -33  -36  0
-8  -61  18  0
-89  16  -15  0
33  -60  38  0
-65  57  -94  0
20  -93  -41  0
24  70  54  0
-65  -5  -100  0
32  16  -100  0
-84  -62  -96  0
-36  3  57  0
70  71  -74  0
-28  -60  -51  0
47  83  58  0
-65  58  -92  0
-44  1  -97  0
-43  31  9  0
79  -15  -56  0
-37  80  -29  0
75  90  40  0
80  -41  83  0
92  -19  -20  0
49  -26  -100  0
46  100  21  0
-71  -47  29  0
47  -16  34  0
55  82  42  0
34  -21  -73  0
52  1  48  0
100  -9  -76  0
68  89  -62  0
-74  -84  2  0
79  11  -5  0
-9  12  -57  0
-13  54  50  0
-96  -74  -39  0
-81  74  26  0
-98  25  81  0
71  -9  -85  0
-52  -89  38  0
-14  71  74  0
-86  59  10  0
31  -54  38  0
-22  83  -5  0
-83  -67  85  0
-100  -41  -23  0
97  6  -21  0
25  -43  95  0
76  23  27  0
97  2  -37  0
70  -27  83  0
-100  54  76  0
-2  -37  -33  0
-59  -78  -9  0
100  70  46  0
-73  -39  -9  0
-82  24  -67  0
-5  11  27  0
-12  93  91  0
-66  -31  -5  0
-26  51  50  0
27  12  93  0
95  -47  -86  0
-65  64  -14  0
44  -94  -51  0
-64  -38  2  0
38  -73  -37  0
-75  11  5  0
88  -99  93  0
-85  -62  -23  0
95  -50  -97  0
23  24  56  0
11  -92  17  0
-62  30  25  0
53  -71  40  0
27  1  -36  0
-16  -87  33  0
-32  -23  -47  0
79  -89  -95  0
-63  -23  -87  0
12  -85  -29  0
90  -6  15  0
9  3  -100  0
-71  74  -73  0
-86  -56  -53  0
-58  -59  -1  0
-75  82  -87  0
24  -61  -32  0
55  46  -77  0
24  -32  -51  0
87  -21  98  0
-4  51  46  0
-58  -42  4  0
-81  8  77  0
-12  -42  54  0
18  -4  -91  0
-48  42  -75  0
-21  -53  45  0
27  47  -19  0
-79  24  67  0
-38  -93  -69  0
-94  -11  -39  0
-39  -74  9  0
-55  -42  34  0
58  -48  7  0
-10  -55  -43  0
17  -47  -66  0
-55  -52  90  0
-54  44  66  0
-60  41  -9  0
-98  -25  -91  0
94  -22  -35  0
9  -37  -83  0
-20  62  -19  0
-30  86  -84  0
-87  -94  -36  0
-6  -50  -20  0
18  -79  32  0
97  10  55  0
-51  -8  -44  0
-24  12  10  0
-89  -26  95  0
-72  -8  -85  0
13  -41  -16  0
86  -31  -41  0
-19  -87  -23  0
-47  -75  -95  0
-56  -6  -61  0
-22  -41  53  0
-9  50  -23  0
78  75  25  0
34  -68  59  0
94  -77  21  0
69  -54  95  0
-89  -33  58  0
-44  87  2  0
-81  -19  -64  0
97  31  84  0
-45  -13  18  0
33  -18  31  0
84  -62  53  0
-88  -72  43  0
11  47  15  0
-62  -5  83  0
-32  63  -76  0
91  -81  -67  0
-89  76  -4  0
-68  82  -67  0
-46  -54  -9  0
-48  90  -83  0
-6  -76  51  0
87  -54  3  0
-1  -93  -9  0
-14  -72  49  0
-88  50  -60  0
15  41  -80  0
91  21  -33  0
56  95  -49  0
-65  -56  73  0
-46  75  -38  0
-19  27  71  0
40  20  5  0
-46  22  37  0
-54  27  52  0
42  -51  48  0
-12  96  -77  0
15  -50  -96  0
-60  6  85  0
-37  94  -67  0
-93  12  -48  0
-41  -30  32  0
46  16  54  0
-66  41  -96  0
-30  70  95  0
55  37  -57  0
-47  16  7  0
46  -6  -36  0
-12  79  92  0
20  88  30  0
91  34  -53  0
52  5  57  0
30  -79  -68  0
-26  -65  19  0
-81  -74  90  0
40  -48  -81  0
33  67  49  0
-42  -96  28  0
-77  -46  -59  0
-96  -16  97  0
88  16  -56  0
-10  8  -51  0
52  97  14  0
-86  -71  -5  0
-71  4  -6  0
8  38  98  0
79  -15  -91  0
67  -28  69  0
26  -8  -33  0
20  64  39  0
-12  7  85  0
-46  3  26  0
17  48  28  0
-14  58  -89  0
86  49  -20  0
50  66  -61  0
78  74  8  0
-6  55  -63  0
92  -27  45  0
-77  60  75  0
94  65  88  0
-76  -80  55  0
-44  -67  -30  0
-69  -40  -44  0
-68  30  41  0
31  30  -4  0
-23  -89  -99  0
47  -40  99  0
-30  47  16  0
-66  55  69  0
-59  -8  -32  0
83  76  -64  0
70  46  -5  0
-3  -22  -64  0
-27  -75  -5  0
-38  -51  -58  0
86  -67  26  0
-9  17  -53  0
29  59  -8  0
-16  -52  -27  0
-52  -34  -22  0
-65  44  -98  0
42  67  -7  0
66  -53  -17  0
94  -9  -37  0
-57  -60  -93  0
48  43  -95  0
27  -89  -63  0
-4  1  6  0
73  91  58  0
-38  14  -4  0
55  4  -76  0
-16  -15  77  0
40  14  18  0
26  -35  -51  0
-17  -89  -77  0
-32  9  18  0
-73  86  53  0
11  26  8  0
-36  2  -15  0
95  18  34  0
34  -20  29  0
52  60  -49  0
99  -49  -60  0
-84  66  86  0
89  -61  11  0
-37  -31  85  0
15  -28  -42  0
54  75  43  0
-80  -91  -5  0
-55  -85  31  0
-18  32  -91  0
100  -25  -89  0
57  83  -12  0
-39  26  7  0
45  3  -83  0
-71  58  1  0
-77  -72  -12  0
85  50  3  0
9  -39  -72  0
38  -66  57  0
81  -4  -73  0
-74  67  18  0
-3  17  54  0
60  63  -8  0
32  92  65  0
-72  -80  -14  0
-49  25  6  0
-18  1  48  0
40  83  97  0
55  -22  13  0
30  63  -1  0
61  -58  84  0
87  -42  50  0
27  52  44  0
