c mkcnf random cnf with seed 44383, max clause length 3
c FORCED SATISFIABLE
c 
p cnf 100  430
-44  46  41  0
15  -87  -9  0
-60  -10  -44  0
99  27  24  0
-52  -33  53  0
-53  87  -93  0
-53  47  -57  0
84  -56  -96  0
71  -12  22  0
-12  -57  -22  0
28  17  -6  0
14  94  -17  0
16  89  -77  0
67  84  5  0
-47  -76  -99  0
-81  -42  8  0
-65  -8  50  0
-4  35  56  0
-89  -18  58  0
-3  54  32  0
-60  -1  39  0
-49  -92  -38  0
-23  -78  -44  0
-23  -90  25  0
15  63  -86  0
51  93  -3  0
-87  -74  -31  0
8  75  -51  0
21  52  -95  0
5  -54  -28  0
25  -71  -33  0
70  28  42  0
-44  -54  -92  0
-68  8  -100  0
10  91  -54  0
-39  -26  -81  0
-75  -62  -17  0
-98  64  77  0
58  26  -92  0
93  73  -48  0
3  45  -16  0
44  -55  60  0
89  49  -40  0
-79  34  78  0
-68  74  -51  0
33  -45  -9  0
20  16  34  0
-80  -26  78  0
79  46  -87  0
-83  46  -33  0
-51  -54  -36  0
41  -57  -82  0
-16  68  42  0
31  49  -11  0
42  95  51  0
80  59  78  0
34  16  -97  0
55  94  39  0
-72  -73  44  0
-68  12  -99  0
10  37  85  0
-52  -53  -41  0
68  -52  67  0
39  44  74  0
-82  56  -41  0
-66  23  -68  0
-45  -96  66  0
-23  -29  -86  0
-15  29  80  0
-64  57  77  0
83  -21  -19  0
-33  69  21  0
13  -25  17  0
53  67  49  0
-10  98  40  0
83  -48  39  0
38  82  -9  0
36  14  72  0
-52  -79  -82  0
-8  18  71  0
12  94  -48  0
10  -13  89  0
28  69  25  0
76  84  -71  0
-74  -71  83  0
-30  98  -46  0
63  -4  56  0
-95  56  -9  0
-56  -23  61  0
-71  -75  65  0
-76  -43  49  0
53  1  -56  0
95  -51  55  0
49  -23  -88  0
33  65  -100  0
-27  89  47  0
76  -4  -31  0
-30  94  87  0
-86  -4  -76  0
-15  61  -32  0
-62  -79  49  0
-78  -99  -1  0
2  31  9  0
-32  -23  11  0
54  36  -3  0
-74  44  -47  0
93  5  84  0
35  -15  93  0
-43  -72  -80  0
-52  -17  66  0
-82  25  52  0
77  -4  -28  0
81  -14  -61  0
8  47  -28  0
-68  56  40  0
-46  -26  -22  0
26  -84  -58  0
-69  8  -36  0
26  -98  65  0
-64  -87  -28  0
20  97  -80  0
16  100  -89  0
-43  -1  28  0
-26  24  87  0
-6  86  -80  0
-17  -75  21  0
60  -4  66  0
-9  -91  63  0
28  70  90  0
93  37  -6  0
-33  67  99  0
64  3  61  0
89  18  -17  0
-45  48  -70  0
-74  84  1  0
-20  -38  -42  0
49  37  -29  0
24  -92  -22  0
-17  -58  -39  0
-4  58  51  0
83  47  -90  0
-43  -36  89  0
-100  31  85  0
10  21  -49  0
-84  -22  1  0
78  -59  20  0
52  -16  -57  0
-71  -75  50  0
-36  43  88  0
-5  -36  -62  0
-96  47  -8  0
-30  -94  100  0
40  74  38  0
71  -99  4  0
-87  77  43  0
40  -28  -21  0
68  -15  2  0
28  -14  -76  0
23  -84  -75  0
-90  -37  79  0
17  85  -22  0
4  -57  -48  0
-87  6  42  0
52  15  -2  0
-79  51  -100  0
-77  41  3  0
-27  -89  -84  0
-67  32  62  0
-100  -73  -52  0
74  21  -93  0
-96  62  -45  0
100  -95  -17  0
-36  -7  -54  0
33  73  -7  0
50  -54  44  0
-53  -14  59  0
65  13  17  0
44  -18  -22  0
-36  76  -80  0
-71  78  -10  0
-27  -17  50  0
-34  89  -84  0
-46  -5  40  0
-31  -39  97  0
-26  44  75  0
-28  -13  9  0
-39  -90  66  0
83  86  -21  0
9  -81  95  0
54  -2  31  0
40  -96  8  0
-17  -42  71  0
-45  40  -70  0
7  38  49  0
54  -17  8  0
-95  30  -23  0
-4  5  -53  0
15  -36  11  0
-31  67  47  0
-7  -89  -77  0
85  51  -56  0
27  -32  -2  0
-64  -86  57  0
65  24  -12  0
48  25  -43  0
20  72  -41  0
10  73  82  0
-93  -19  91  0
-42  -6  -37  0
-79  -9  -35  0
-78  -36  90  0
37  -13  -22  0
-73  -39  -98  0
-87  -88  23  0
-97  5  35  0
16  41  -27  0
-39  -37  -16  0
94  -26  5  0
-41  -96  50  0
70  2  6  0
-22  59  -67  0
-92  89  -3  0
-5  57  78  0
63  73  -78  0
8  -49  -20  0
42  -78  -60  0
26  -79  -33  0
-91  97  71  0
-90  55  68  0
77  -48  -75  0
22  -27  59  0
78  -53  32  0
36  65  -50  0
-50  94  -48  0
-48  26  56  0
-28  24  96  0
16  -71  -57  0
40  -2  92  0
16  -33  -35  0
-19  -89  18  0
-58  -45  36  0
-48  71  -28  0
85  -48  -99  0
-78  -90  -47  0
-79  -51  3  0
80  -7  90  0
44  -11  -8  0
49  84  67  0
-49  -37  -5  0
-96  81  -72  0
23  -69  75  0
9  -20  -3  0
-24  9  55  0
-60  90  62  0
60  -70  19  0
81  28  -89  0
-28  12  63  0
8  -91  97  0
-24  3  -53  0
59  19  100  0
-49  -57  22  0
-55  41  -18  0
-88  -93  4  0
37  53  -47  0
3  26  -17  0
16  -53  -63  0
-57  100  -47  0
-47  -100  -90  0
64  -78  -87  0
-18  3  -73  0
15  -12  -19  0
-67  -9  71  0
42  1  -4  0
-94  60  53  0
-62  -54  -33  0
73  -26  88  0
-97  -15  -22  0
-37  -19  -13  0
48  72  98  0
8  16  -5  0
-44  52  9  0
35  -15  -98  0
4  98  85  0
12  66  87  0
45  -72  -43  0
24  29  -3  0
92  -39  63  0
-12  19  -10  0
-9  20  -47  0
-99  -66  -10  0
-98  19  -33  0
96  76  81  0
52  -79  91  0
84  50  93  0
-48  -67  52  0
22  -13  12  0
-39  -54  -50  0
-77  6  11  0
10  -76  12  0
83  49  -94  0
100  46  25  0
-14  -21  94  0
-23  48  -7  0
-99  -95  -43  0
24  11  -87  0
80  21  56  0
91  13  -94  0
-82  10  43  0
50  65  43  0
-11  9  -75  0
92  -85  -78  0
-70  6  -85  0
-10  67  35  0
-27  22  13  0
51  54  -92  0
9  -11  14  0
-83  31  72  0
41  42  51  0
2  -43  -22  0
37  -99  -32  0
55  76  -70  0
-38  86  50  0
-40  57  97  0
-96  -36  -33  0
56  -26  6  0
99  78  39  0
10  79  80  0
42  67  71  0
-73  -48  70  0
80  21  68  0
-60  -58  -79  0
-74  72  71  0
-57  -58  12  0
-6  47  52  0
-87  4  -43  0
-98  83  -19  0
42  93  -29  0
-30  -22  -77  0
-34  73  -83  0
37  -84  10  0
-94  83  93  0
20  -77  10  0
-78  34  8  0
31  23  92  0
-76  -66  78  0
16  -54  -19  0
-14  -37  -54  0
92  -83  26  0
-56  -96  55  0
-45  -70  -84  0
53  -5  10  0
-90  -97  -98  0
21  11  -38  0
86  66  55  0
72  -70  78  0
-74  -75  -56  0
91  -6  -78  0
-12  -3  -38  0
-58  -87  -54  0
26  -29  94  0
-13  -72  22  0
18  73  -82  0
10  34  -70  0
1  20  -85  0
-59  62  30  0
98  -8  81  0
-72  62  -78  0
-46  6  -62  0
11  90  81  0
36  41  -9  0
-41  -15  -58  0
55  69  -16  0
-31  -80  14  0
92  41  88  0
17  71  -57  0
7  73  48  0
-71  -63  83  0
88  59  -37  0
66  30  22  0
63  26  -42  0
-26  -78  -38  0
-1  -98  9  0
73  86  -95  0
-8  47  -98  0
22  -54  -92  0
73  89  12  0
-86  -72  79  0
49  91  12  0
79  74  -66  0
-30  -73  -12  0
-76  16  78  0
75  -19  46  0
50  53  -8  0
-79  56  69  0
-22  6  -68  0
13  74  53  0
-40  -56  -79  0
82  -61  -68  0
-71  -42  -7  0
10  -56  81  0
18  84  45  0
-7  47  86  0
39  -31  -12  0
15  68  -62  0
59  38  82  0
100  -15  -56  0
-56  80  89  0
-34  56  -45  0
-18  90  -8  0
-28  3  68  0
-71  4  -1  0
-40  37  -21  0
-54  -28  42  0
81  -38  -94  0
-16  -71  -36  0
44  -12  87  0
63  97  -69  0
79  -64  -9  0
-16  4  -65  0
-99  73  52  0
-45  -38  -69  0
-25  59  85  0
-33  44  91  0
-32  -53  -80  0
31  45  76  0
66  -63  8  0
-56  48  16  0
5  -62  -77  0
-8  -15  -37  0
-57  42  53  0
