c mkcnf random cnf with seed 44420, max clause length 3
c FORCED SATISFIABLE
c 
p cnf 100  430
-50  -21  8  0
-34  -100  77  0
83  -68  3  0
-91  2  92  0
-20  65  55  0
46  -4  -10  0
-10  37  69  0
49  -68  8  0
-50  -19  75  0
61  -58  67  0
6  21  -5  0
78  39  47  0
41  45  -22  0
-90  43  46  0
-83  95  59  0
43  23  80  0
-15  -75  72  0
-26  64  -87  0
29  15  74  0
-71  -65  -29  0
75  15  -78  0
-75  -88  -20  0
33  89  74  0
-6  -68  -53  0
-37  46  69  0
-54  79  55  0
-57  90  -16  0
-53  -71  77  0
-43  -46  -85  0
-60  -67  -38  0
-35  -91  -3  0
64  -8  69  0
-50  79  -53  0
90  32  77  0
-73  60  23  0
99  12  36  0
27  -45  23  0
-36  -62  39  0
11  -25  13  0
50  -93  -10  0
-44  75  64  0
95  -70  88  0
-23  88  -54  0
69  -90  13  0
-44  -54  -50  0
85  -54  -32  0
42  -8  34  0
23  62  -36  0
94  36  -91  0
-85  -11  -43  0
-91  63  48  0
-22  29  -23  0
-5  25  -9  0
18  85  -77  0
71  33  81  0
74  1  87  0
-91  6  -92  0
97  -85  -88  0
41  82  -16  0
-4  -15  8  0
23  81  62  0
-71  33  97  0
-83  48  26  0
35  58  68  0
20  -25  35  0
97  -59  65  0
64  36  -14  0
-71  -96  -69  0
-36  -96  99  0
-99  70  90  0
-81  -65  -79  0
-50  45  -33  0
-96  -5  70  0
47  -61  -28  0
91  96  -33  0
-46  -69  89  0
88  43  15  0
-45  -15  -33  0
-55  -86  -87  0
-83  7  -61  0
67  -72  41  0
72  -25  18  0
41  46  -15  0
-5  -67  -61  0
-56  44  -51  0
-98  65  89  0
-70  -44  -20  0
30  50  -78  0
-37  26  48  0
87  -52  56  0
24  42  -71  0
-6  -50  20  0
85  2  -49  0
98  63  13  0
49  -31  76  0
-74  -30  -50  0
-84  8  87  0
-6  44  95  0
1  15  -57  0
-31  91  79  0
-12  7  -95  0
55  -27  11  0
54  29  22  0
77  -64  23  0
-17  26  12  0
19  -47  -49  0
-73  33  47  0
30  91  -61  0
-38  5  67  0
82  25  100  0
52  -84  -2  0
-24  18  -83  0
71  -81  95  0
43  38  -33  0
-88  91  59  0
23  -4  -65  0
35  20  71  0
7  75  96  0
-16  -83  17  0
89  93  44  0
-90  -96  -37  0
50  -60  -78  0
91  -80  49  0
11  45  -33  0
91  -38  -68  0
-58  76  -83  0
37  -65  31  0
-21  79  -96  0
-11  93  94  0
-4  60  69  0
100  34  -91  0
97  54  -50  0
2  38  73  0
84  2  67  0
-100  -74  42  0
47  69  -42  0
72  92  -54  0
2  27  48  0
-84  -85  -90  0
-88  -90  31  0
49  -92  16  0
-73  -31  -17  0
-75  57  -55  0
-23  -81  54  0
-100  -64  4  0
77  -31  53  0
91  59  83  0
-31  46  11  0
26  71  -7  0
-91  -28  -46  0
61  -33  34  0
-22  75  -35  0
60  21  87  0
-62  -89  -19  0
68  -82  -93  0
3  18  -37  0
100  86  -65  0
27  36  -86  0
-44  42  -99  0
-23  6  -56  0
56  7  -64  0
14  -36  -16  0
61  50  -62  0
-96  -67  -75  0
-39  -1  20  0
74  65  92  0
81  11  -44  0
-100  80  21  0
88  89  -84  0
32  18  -47  0
-26  4  -96  0
-61  9  -90  0
-88  43  31  0
55  37  -63  0
65  -85  -55  0
-92  90  57  0
36  12  15  0
-14  -56  -1  0
-54  -70  -99  0
-31  -17  16  0
-70  91  -8  0
-14  -38  -77  0
42  -69  -92  0
-9  63  -24  0
5  -19  -93  0
-19  1  -4  0
41  -74  -5  0
-1  -64  -69  0
-57  -93  -90  0
42  64  -36  0
38  -52  -15  0
13  78  -21  0
38  -31  -34  0
-45  28  100  0
22  -5  -79  0
51  -13  63  0
-81  -20  -50  0
-30  -38  6  0
25  73  -57  0
70  19  69  0
83  74  -47  0
-19  65  -73  0
-32  27  33  0
41  -5  28  0
-42  -61  40  0
-90  75  -81  0
9  -2  -39  0
76  74  88  0
-53  -75  91  0
-82  71  22  0
-33  -41  -34  0
41  -12  31  0
14  -23  72  0
-67  -18  -45  0
-67  23  80  0
-46  -28  51  0
33  -85  -80  0
19  -26  -60  0
95  -64  90  0
56  -61  47  0
-28  19  -83  0
52  -85  -91  0
-28  -100  30  0
-31  -69  -91  0
-70  -100  -63  0
-38  -26  78  0
-46  48  70  0
-4  -8  70  0
23  -72  73  0
1  -18  -36  0
35  -55  -81  0
-46  89  -29  0
52  97  -41  0
78  -77  46  0
-61  43  -21  0
-54  -49  -30  0
12  -21  22  0
-46  80  32  0
-69  -12  -82  0
11  -81  61  0
7  72  -43  0
-100  39  -25  0
20  5  6  0
49  -15  42  0
-45  -68  39  0
6  -82  29  0
95  25  74  0
-80  -32  -98  0
-25  87  63  0
29  98  -28  0
66  -96  -34  0
-23  -53  94  0
47  -35  25  0
5  47  57  0
-97  58  -15  0
-22  -89  12  0
24  -22  8  0
15  -9  -35  0
-7  -18  21  0
-95  84  -46  0
94  -55  -91  0
-88  31  8  0
19  -47  -76  0
-73  58  -71  0
76  -11  -88  0
25  76  36  0
52  -85  -99  0
28  -24  -80  0
91  17  -16  0
73  -93  -9  0
-88  -94  70  0
41  54  -45  0
41  -19  76  0
47  49  35  0
8  3  -39  0
-41  -92  -66  0
11  3  -94  0
-53  -58  -36  0
90  95  -38  0
-74  2  60  0
94  -82  48  0
-18  -96  -37  0
-6  41  -87  0
2  63  -92  0
-89  -37  -82  0
55  -31  71  0
22  96  -64  0
-13  -22  -30  0
71  -17  8  0
-71  34  27  0
16  -70  85  0
38  77  -58  0
29  -47  45  0
-25  -22  -37  0
41  -35  -93  0
5  94  -16  0
-71  11  -88  0
37  11  80  0
26  -82  1  0
33  -55  85  0
63  -56  92  0
96  -40  -54  0
96  90  55  0
-64  -69  25  0
50  1  -88  0
47  51  -15  0
25  84  -90  0
40  -41  -90  0
-44  -9  67  0
-70  -42  -32  0
37  -43  -60  0
31  97  78  0
5  -48  53  0
-100  -17  7  0
45  95  -21  0
81  44  67  0
-88  80  -100  0
-54  -48  81  0
30  16  -54  0
71  -59  -48  0
15  -57  99  0
78  -11  93  0
20  -68  46  0
30  -92  71  0
-92  -34  -89  0
10  29  -54  0
-10  -32  24  0
-60  27  -47  0
58  11  -35  0
60  -76  -75  0
-52  51  -47  0
34  -1  -24  0
-32  -21  -71  0
27  47  61  0
97  9  48  0
55  -35  25  0
-11  -34  -17  0
-56  -61  -81  0
26  -55  49  0
91  -69  -88  0
-83  -54  -14  0
70  -100  -73  0
2  60  45  0
-45  94  -65  0
-39  -54  -63  0
-58  70  -52  0
42  -58  53  0
21  40  -79  0
-79  -13  69  0
7  54  77  0
-47  51  -85  0
65  -13  76  0
68  -89  -48  0
24  -69  95  0
-20  -35  -5  0
100  44  39  0
-82  22  -18  0
-58  89  -61  0
-91  47  5  0
9  -80  -59  0
54  24  27  0
-96  -98  -9  0
44  15  96  0
42  75  89  0
69  12  22  0
-67  83  27  0
-47  44  -85  0
2  4  20  0
-76  -51  50  0
49  69  -60  0
-8  -20  35  0
34  -75  16  0
-55  -82  -25  0
31  -100  -7  0
83  100  32  0
-39  74  44  0
-75  -42  -96  0
-19  -79  35  0
-94  -42  96  0
-92  10  34  0
4  21  37  0
-83  -35  -4  0
-31  21  -15  0
41  -64  37  0
6  23  -3  0
-64  -33  -70  0
-83  -44  -21  0
-19  18  -58  0
-71  -25  -82  0
84  -94  -52  0
-1  -36  84  0
-37  -6  -50  0
77  -49  -41  0
52  -43  63  0
-88  76  -55  0
99  46  -72  0
40  -61  -95  0
-3  -35  77  0
-34  -90  -94  0
9  -48  19  0
41  -96  -49  0
99  -21  -60  0
72  -66  25  0
47  -54  49  0
-40  -11  -93  0
-40  93  82  0
-60  -77  -95  0
-17  -45  24  0
2  20  -42  0
-20  85  -41  0
-94  6  35  0
63  -98  -89  0
-49  -31  96  0
-92  -52  46  0
-87  65  -48  0
39  41  21  0
-91  -93  50  0
-98  -56  -57  0
-33  -21  36  0
-56  -70  -17  0
-95  88  -53  0
7  -14  -86  0
-28  32  -5  0
-14  78  -86  0
-83  -72  30  0
41  14  -42  0
31  -4  -93  0
83  -25  59  0
-27  35  -61  0
63  -78  -49  0
