c mkcnf random cnf with seed 44377, max clause length 3
c FORCED SATISFIABLE
c 
p cnf 100  430
53  74  6  0
83  -77  -96  0
-59  8  -7  0
96  24  -59  0
-85  -8  -84  0
36  -96  45  0
41  28  54  0
42  -11  -76  0
3  90  -61  0
89  -38  86  0
-23  88  81  0
46  -64  48  0
-96  67  -88  0
-83  23  74  0
-72  85  -18  0
-55  42  19  0
-10  -89  28  0
84  -53  50  0
76  -28  -57  0
-71  87  -66  0
13  -57  -48  0
56  28  1  0
-50  -73  95  0
-18  17  -77  0
74  -28  23  0
49  -95  -72  0
-45  67  -83  0
-58  19  -41  0
73  -24  91  0
-66  -46  -1  0
-32  97  -51  0
31  8  -99  0
19  24  -12  0
43  -6  58  0
6  2  5  0
-3  -64  98  0
58  -32  12  0
-51  10  36  0
-61  27  -91  0
-56  49  -22  0
-88  69  -83  0
-13  -92  8  0
-57  59  24  0
82  37  -69  0
-77  -48  -28  0
-93  90  55  0
42  -81  65  0
-29  -92  -16  0
93  -52  59  0
64  -69  -96  0
89  68  -3  0
-67  30  34  0
60  -88  12  0
-65  -47  -91  0
72  -78  66  0
18  39  93  0
-100  56  -53  0
32  19  12  0
86  69  81  0
65  96  -77  0
28  -19  -67  0
-36  -68  -90  0
14  95  90  0
75  -86  -70  0
47  -69  36  0
-51  82  35  0
28  33  7  0
-90  -42  58  0
9  -65  27  0
56  83  -78  0
-38  70  -67  0
-41  89  35  0
-32  -26  59  0
-26  -96  60  0
-55  -94  -38  0
-6  17  91  0
-27  -72  32  0
-51  13  89  0
38  32  80  0
-95  -39  98  0
88  56  65  0
-48  86  -50  0
42  67  -30  0
4  -30  -95  0
-74  -98  -73  0
67  -4  68  0
10  28  31  0
-40  4  93  0
-79  85  -68  0
70  21  38  0
-48  -78  69  0
-15  7  83  0
39  -11  67  0
-70  -48  23  0
41  82  46  0
62  19  38  0
-14  99  6  0
35  61  95  0
35  -76  67  0
-86  11  53  0
80  -18  -6  0
55  65  70  0
75  -49  13  0
-15  90  -100  0
81  -11  -19  0
-5  -6  57  0
6  58  -5  0
36  67  -54  0
-38  91  100  0
-95  58  17  0
-33  -44  17  0
89  57  66  0
42  -89  -12  0
29  -56  90  0
86  -16  58  0
50  26  44  0
-30  74  27  0
-52  53  -70  0
-6  64  68  0
21  -94  -60  0
3  -59  73  0
48  -17  -35  0
-13  -22  62  0
22  39  61  0
-82  -78  -32  0
-46  -75  49  0
34  -1  -49  0
13  -9  -68  0
58  5  79  0
-73  35  -24  0
-28  -20  26  0
-58  -97  -95  0
52  44  22  0
78  -94  -17  0
-96  -30  -6  0
-69  -33  -27  0
-32  -23  -74  0
-90  -53  81  0
-85  69  34  0
-7  -20  43  0
-68  60  -71  0
39  -65  51  0
24  -70  -33  0
87  57  -22  0
74  71  48  0
97  88  -48  0
78  3  14  0
7  -54  63  0
-85  -49  91  0
-86  -85  20  0
13  32  20  0
-4  38  93  0
-76  52  11  0
-36  -84  -51  0
68  -54  -35  0
-57  -65  -89  0
74  33  -35  0
65  -11  -47  0
24  -84  100  0
15  59  -76  0
86  -7  -32  0
5  -19  -68  0
26  61  37  0
-6  -17  100  0
67  43  29  0
-17  100  -7  0
43  96  -82  0
-43  -37  70  0
85  5  -79  0
38  -75  -23  0
-71  -62  5  0
-76  19  99  0
31  73  -81  0
63  -87  85  0
-8  -51  7  0
81  -12  -8  0
79  -2  -47  0
13  -97  -33  0
99  -10  11  0
75  -95  -98  0
-41  -38  16  0
-11  59  -69  0
100  81  19  0
95  90  28  0
-61  -2  -26  0
10  -79  -90  0
-34  39  58  0
-72  -87  -91  0
-59  79  -37  0
-16  -59  81  0
-13  56  -29  0
-97  -17  55  0
-46  45  -2  0
-25  -75  72  0
-21  49  35  0
99  -82  -66  0
52  -11  -29  0
78  -82  33  0
56  9  22  0
49  74  43  0
94  17  -10  0
-47  -51  56  0
1  -26  79  0
-43  77  64  0
-42  -100  27  0
-89  99  67  0
-61  -92  96  0
29  -72  53  0
52  51  -70  0
17  -51  96  0
40  -8  -97  0
14  75  12  0
-3  85  -59  0
34  23  20  0
1  45  50  0
-78  -71  -9  0
34  85  -66  0
53  -13  -82  0
-80  18  10  0
-26  -48  64  0
76  -35  23  0
39  32  45  0
8  23  48  0
96  98  -20  0
22  99  -34  0
-75  81  -52  0
9  -18  -20  0
-29  -50  91  0
32  51  93  0
2  28  41  0
-18  -86  92  0
-66  4  61  0
-70  -18  -30  0
7  2  84  0
-64  38  -16  0
42  -39  3  0
-25  1  42  0
35  66  19  0
45  62  69  0
-51  5  49  0
-99  66  -19  0
-17  -52  22  0
57  -92  -89  0
99  83  16  0
97  -39  10  0
83  -13  92  0
28  47  40  0
96  99  -97  0
-15  42  -67  0
39  11  48  0
-15  -38  -91  0
45  -93  -34  0
-66  54  -52  0
-31  10  20  0
47  79  94  0
53  -11  -13  0
79  85  -21  0
2  -87  34  0
25  88  -9  0
-75  9  -78  0
-86  92  -55  0
-61  -49  -77  0
26  -96  44  0
77  78  97  0
-21  -1  -70  0
71  96  51  0
-87  -81  48  0
-57  71  -76  0
-62  95  -45  0
78  48  86  0
-54  29  63  0
-24  -84  30  0
-13  58  14  0
41  93  87  0
82  -43  -48  0
95  -71  -92  0
-67  65  15  0
-86  -22  69  0
-25  46  16  0
39  9  91  0
-99  71  -56  0
25  -10  -96  0
67  -26  -46  0
41  -56  -83  0
-10  -29  35  0
28  74  -56  0
61  -89  67  0
-5  -26  32  0
51  13  -99  0
81  54  12  0
45  58  -6  0
93  -92  -98  0
-75  -61  6  0
-52  5  85  0
75  68  84  0
-96  13  -91  0
-33  32  -92  0
19  -92  18  0
3  -74  -18  0
-76  -65  -24  0
-53  -15  54  0
100  17  -62  0
-14  49  -13  0
77  -35  -48  0
85  -80  -35  0
74  -45  86  0
58  81  -82  0
95  10  -88  0
4  26  54  0
-89  11  77  0
-7  -4  47  0
-72  -40  100  0
7  78  -43  0
-23  61  -46  0
32  25  -94  0
-83  -19  79  0
-33  51  -79  0
-59  -15  -20  0
70  -22  -54  0
39  -41  -95  0
36  48  35  0
52  -74  -85  0
62  56  -98  0
-100  -78  -95  0
-36  30  48  0
93  81  61  0
-16  60  29  0
-74  -18  -96  0
71  -85  -41  0
-23  11  -22  0
-71  -47  -39  0
100  -24  89  0
26  67  83  0
-44  -13  -1  0
-83  39  -76  0
-67  -70  -97  0
-56  12  1  0
-57  -95  -87  0
-89  -4  97  0
43  65  74  0
39  5  38  0
-88  51  -70  0
-48  -65  24  0
-35  63  78  0
-89  46  -75  0
-28  97  -16  0
-14  47  -33  0
-42  41  -64  0
-10  -43  -35  0
22  98  -28  0
-11  -25  -38  0
84  -9  -33  0
36  91  9  0
-77  -76  -39  0
-11  -60  -42  0
67  -20  -37  0
-31  -63  -83  0
86  59  -69  0
-68  1  33  0
90  89  84  0
-13  46  69  0
-66  63  -53  0
-87  -35  79  0
82  -9  -40  0
47  -90  97  0
42  -53  -91  0
6  88  -36  0
-24  -25  -95  0
70  -58  40  0
-23  34  66  0
-30  -48  -27  0
53  -6  -81  0
-58  -38  69  0
36  -3  78  0
-41  -13  68  0
-25  -31  54  0
87  3  37  0
-8  -40  23  0
-43  73  -97  0
-43  -79  73  0
47  -87  -68  0
5  -93  77  0
44  -43  -40  0
-97  -20  50  0
-100  27  20  0
-74  -88  -8  0
-44  -51  -9  0
-3  39  29  0
23  -6  28  0
19  46  45  0
78  -14  -47  0
-31  21  93  0
11  -97  67  0
-41  49  -50  0
86  -70  -56  0
-53  13  -20  0
-85  -35  -56  0
-78  -22  -36  0
-39  -78  75  0
70  -11  89  0
-55  73  59  0
-1  -24  -26  0
-11  -50  9  0
10  -7  32  0
-93  -72  83  0
-36  78  -5  0
-99  44  -78  0
85  -74  -84  0
25  15  62  0
-98  54  -63  0
-50  12  -61  0
17  -10  77  0
87  19  52  0
-69  -91  33  0
24  32  23  0
-64  36  -66  0
12  -29  -1  0
-49  52  31  0
-53  75  83  0
46  -58  -38  0
-57  -92  10  0
32  -23  29  0
63  15  -95  0
80  -18  -88  0
-79  1  85  0
72  15  32  0
-16  67  35  0
1  20  4  0
84  32  2  0
-23  56  82  0
