c mkcnf random cnf with seed 44443, max clause length 3
c FORCED SATISFIABLE
c 
p cnf 100  430
46  62  -94  0
57  79  -20  0
-42  -17  34  0
21  -45  76  0
-59  -78  13  0
20  5  83  0
89  -21  -17  0
63  -72  54  0
26  -82  -69  0
-94  80  -26  0
57  79  -23  0
-73  -44  89  0
-85  -2  62  0
-9  -77  -41  0
-44  -41  -30  0
51  -33  -22  0
15  62  19  0
-40  99  38  0
-21  -57  99  0
-1  66  99  0
1  -55  -93  0
-61  59  98  0
13  59  -61  0
51  -30  26  0
27  -44  6  0
10  22  -83  0
72  -44  9  0
57  -43  47  0
90  -42  48  0
-73  -31  43  0
-18  19  -79  0
41  69  -19  0
-33  -24  93  0
48  -90  1  0
90  42  93  0
-21  89  -41  0
64  -2  60  0
-37  86  52  0
-13  43  -49  0
-17  78  71  0
-36  -25  1  0
98  -95  26  0
8  70  -67  0
56  28  82  0
90  -75  48  0
-27  4  -6  0
-39  79  56  0
-21  100  9  0
3  -16  -58  0
83  -27  -48  0
67  -1  53  0
-3  -65  58  0
-30  -56  72  0
18  -22  91  0
-94  -29  -72  0
-23  53  60  0
-17  -5  -87  0
-20  -95  15  0
38  88  30  0
34  -20  -49  0
-5  -78  -24  0
11  81  36  0
35  68  13  0
19  44  -72  0
66  90  -93  0
45  -65  71  0
22  -61  -47  0
58  -14  75  0
73  -71  43  0
53  99  84  0
-72  80  -39  0
70  -62  -27  0
-32  20  -49  0
-4  71  -65  0
-16  -79  -59  0
-7  -44  57  0
-26  19  36  0
-56  -9  15  0
88  85  -10  0
35  -49  55  0
-83  75  -31  0
74  89  -44  0
-87  -45  71  0
59  -21  12  0
43  -56  83  0
4  -74  33  0
99  77  -17  0
-19  89  -2  0
85  -7  11  0
-37  86  -100  0
-34  22  54  0
73  57  51  0
10  -50  47  0
46  -10  15  0
-86  84  19  0
18  74  60  0
98  92  -91  0
78  48  -5  0
83  42  -50  0
42  -23  -40  0
-18  -69  -78  0
69  -7  30  0
34  -26  -98  0
18  78  11  0
63  91  92  0
47  55  52  0
51  -50  73  0
-98  48  -38  0
91  96  32  0
47  60  -91  0
-69  81  -58  0
59  95  -73  0
-63  -6  -5  0
77  -86  -51  0
-39  -93  34  0
54  -20  53  0
80  -95  -55  0
-41  57  56  0
-46  41  -70  0
-26  99  47  0
-41  -35  -37  0
-51  84  -66  0
31  65  -17  0
46  -61  76  0
-77  -44  76  0
-16  66  -90  0
59  -12  -81  0
-61  -16  -43  0
-7  28  36  0
14  -12  85  0
-42  6  -61  0
48  -8  -69  0
-1  -41  -71  0
3  95  12  0
-96  42  -57  0
28  -23  59  0
40  99  7  0
-39  -64  49  0
-16  -89  -42  0
69  -83  -35  0
-51  -75  -2  0
-74  -88  -42  0
85  94  57  0
67  -15  17  0
-13  23  -58  0
-11  55  45  0
-44  64  -41  0
56  -71  -67  0
-83  39  4  0
92  -82  85  0
-74  11  -87  0
43  -87  58  0
74  -7  -82  0
89  34  31  0
-98  -21  100  0
-45  84  8  0
15  -5  -24  0
41  -95  -28  0
41  86  -62  0
-66  75  -83  0
82  -28  -15  0
-81  45  72  0
-37  44  -52  0
16  53  -54  0
29  24  -97  0
-96  -99  17  0
71  98  -87  0
59  90  -93  0
58  -39  -33  0
93  82  91  0
77  -85  -67  0
7  -77  -35  0
-28  83  24  0
-62  -39  -4  0
86  -19  -61  0
-17  60  44  0
5  15  -63  0
-57  -83  -32  0
-25  -69  32  0
-27  -95  -33  0
50  -66  -32  0
57  -25  -94  0
-82  -42  44  0
92  -32  -67  0
-74  52  72  0
-80  57  88  0
-100  99  -94  0
45  52  62  0
32  -30  76  0
47  -85  12  0
67  75  31  0
84  -25  -4  0
67  -12  20  0
-73  87  -84  0
-98  74  65  0
29  89  53  0
40  -24  -94  0
-92  -80  81  0
38  -52  78  0
50  -10  15  0
32  -87  44  0
-64  -57  -43  0
74  -90  -86  0
3  60  72  0
-60  -96  62  0
-76  80  -82  0
-80  32  77  0
-53  -68  -83  0
2  -28  -57  0
25  58  70  0
-1  -4  57  0
-94  17  -40  0
-19  -57  -53  0
38  -77  -89  0
-4  -6  -51  0
-62  80  -98  0
-95  24  -8  0
-55  99  -76  0
-39  -96  -62  0
42  55  89  0
43  -87  27  0
-99  -14  24  0
-57  12  56  0
-88  -89  90  0
25  -11  -44  0
42  -99  96  0
59  98  80  0
-19  17  54  0
86  -2  -70  0
15  -13  48  0
19  12  -44  0
-100  89  -63  0
-26  -22  -86  0
-19  79  68  0
92  -73  65  0
5  29  58  0
-2  38  -19  0
43  30  -58  0
-81  22  28  0
47  91  66  0
75  48  17  0
52  -28  65  0
23  2  86  0
77  -78  41  0
4  -99  -67  0
-45  -99  -86  0
-48  -70  -34  0
25  -49  -23  0
-39  65  -68  0
-7  21  -91  0
4  -29  -47  0
48  -94  80  0
19  -21  -83  0
34  91  65  0
49  -39  68  0
75  46  -4  0
-12  96  70  0
63  -61  90  0
-66  -61  89  0
-56  97  -67  0
56  -86  -54  0
32  94  -99  0
-43  86  7  0
-29  -28  -10  0
45  74  -5  0
-21  8  43  0
57  58  62  0
-47  64  -89  0
-55  -28  -73  0
-51  -15  -18  0
-30  14  92  0
-17  78  27  0
-80  -81  -15  0
18  -73  -79  0
77  88  -86  0
87  -58  -90  0
97  71  -66  0
-96  98  11  0
-44  22  -30  0
-42  10  -84  0
-30  -21  40  0
-66  -23  -96  0
15  71  -69  0
-24  -49  62  0
60  -67  -64  0
100  -12  69  0
-98  3  -90  0
-89  -60  77  0
79  8  69  0
9  54  -14  0
58  -33  -16  0
-24  -58  70  0
60  -38  35  0
-5  39  90  0
-99  74  95  0
63  65  96  0
-90  13  89  0
70  -9  90  0
80  43  -94  0
22  -15  90  0
40  -56  28  0
14  -75  -79  0
5  9  69  0
52  -77  -96  0
100  -45  74  0
-17  -27  -46  0
41  -96  -73  0
-3  2  78  0
-94  77  -2  0
86  24  -20  0
24  -18  -94  0
-95  -77  87  0
-44  18  -39  0
-58  -77  22  0
14  -98  86  0
-16  35  61  0
-36  -46  -84  0
-37  -36  75  0
28  75  -29  0
42  18  28  0
80  -16  46  0
-4  -76  -10  0
10  96  -46  0
12  64  75  0
98  28  71  0
-78  15  -35  0
36  -45  -47  0
-22  41  50  0
90  -68  -2  0
-71  -16  -45  0
66  -54  81  0
-48  -9  -2  0
77  -86  53  0
75  96  -84  0
2  65  23  0
-30  -13  6  0
57  79  2  0
-55  -25  -46  0
-81  -36  -50  0
2  -41  95  0
-52  35  72  0
55  90  -62  0
95  21  98  0
-91  -14  -54  0
76  -5  -77  0
-64  -63  16  0
-84  -83  -42  0
-95  -86  -29  0
97  -38  -2  0
39  22  35  0
51  43  -11  0
72  -88  2  0
52  67  -41  0
59  37  84  0
-63  -47  64  0
36  58  37  0
-79  -62  -39  0
-1  13  -15  0
-90  -64  -87  0
53  34  -26  0
97  47  7  0
79  22  3  0
92  -59  63  0
-100  -31  39  0
-45  -85  72  0
69  49  -51  0
-11  93  -4  0
30  99  44  0
25  -34  47  0
38  -72  -74  0
97  -94  64  0
49  -5  -2  0
-84  9  34  0
-20  -100  23  0
-48  13  -69  0
-41  -52  90  0
-85  36  -88  0
-26  1  86  0
-57  -100  17  0
32  -37  -89  0
51  -40  -58  0
-91  -97  38  0
30  34  -29  0
15  -18  -30  0
-93  27  -19  0
55  97  -36  0
71  -92  -97  0
37  97  7  0
-56  -91  79  0
70  27  20  0
5  10  -14  0
76  -54  -78  0
-29  33  63  0
-83  45  -28  0
-41  3  -99  0
-38  99  -95  0
-14  58  81  0
-78  77  62  0
-37  -49  4  0
-46  -6  4  0
9  -24  -41  0
-17  94  9  0
65  92  37  0
86  38  -44  0
-83  -18  -72  0
-40  -74  -56  0
21  -8  -71  0
-20  25  -54  0
90  -33  89  0
-28  67  20  0
-33  90  -31  0
-12  -85  91  0
-81  70  -41  0
-28  -70  -64  0
52  6  26  0
-5  -83  -93  0
65  -58  -74  0
40  6  -4  0
-16  78  81  0
-94  42  16  0
-51  -23  -13  0
-64  -59  -34  0
-98  36  -1  0
98  -85  -90  0
7  -86  32  0
42  -71  -49  0
20  -79  -90  0
-29  -95  92  0
71  63  -66  0
70  36  46  0
