c mkcnf random cnf with seed 44464, max clause length 3
c FORCED SATISFIABLE
c 
p cnf 100  430
11  -12  67  0
-80  -77  33  0
59  -22  -7  0
-4  43  -41  0
83  -43  -2  0
-35  -18  11  0
-18  -93  88  0
-50  55  -73  0
-74  10  -72  0
43  92  81  0
87  -55  -35  0
33  6  -18  0
35  -15  68  0
85  -68  -45  0
-81  -70  4  0
28  58  -63  0
49  39  -1  0
-4  -37  -29  0
16  59  -47  0
-67  53  -1  0
34  -29  75  0
96  -89  -50  0
-39  54  70  0
58  35  14  0
-63  -79  78  0
89  -3  84  0
93  -77  -24  0
35  -65  -31  0
-79  -57  -24  0
-73  43  62  0
-18  30  -62  0
27  -11  65  0
-3  13  -48  0
69  89  8  0
96  29  25  0
94  -19  -6  0
-9  -13  -38  0
59  30  -38  0
-79  -19  96  0
96  -87  19  0
43  -29  87  0
-72  -95  -4  0
100  -93  94  0
-22  15  -33  0
36  48  -93  0
-24  -86  -79  0
-44  -79  87  0
14  18  -63  0
-81  91  86  0
11  91  -83  0
-97  83  -29  0
16  -45  61  0
-16  54  8  0
-94  86  -49  0
-45  41  -67  0
71  18  -41  0
-86  -2  -85  0
87  -8  -81  0
54  16  53  0
19  49  -57  0
-32  31  34  0
3  -45  -64  0
-53  33  84  0
-79  66  -54  0
-95  -32  12  0
-59  56  87  0
-10  -38  17  0
-66  88  -32  0
80  -15  79  0
-8  -95  -90  0
-8  -82  -58  0
-75  55  -80  0
7  -22  -17  0
26  70  75  0
-29  90  -39  0
3  -38  64  0
5  36  -40  0
-35  -99  25  0
-83  85  -41  0
82  32  90  0
-100  -33  12  0
94  3  57  0
-22  30  -47  0
64  -58  86  0
62  -8  -37  0
94  10  -89  0
56  74  32  0
68  -84  -71  0
27  93  20  0
-20  24  92  0
43  30  33  0
91  -64  -25  0
-51  -72  87  0
2  -47  81  0
-75  92  53  0
63  -77  76  0
32  74  9  0
51  -44  79  0
-18  79  -60  0
94  -52  12  0
-15  60  -67  0
-93  -48  67  0
-31  -9  -94  0
68  39  -87  0
-42  40  -9  0
-71  79  -85  0
-10  44  -88  0
70  -24  64  0
39  75  98  0
12  -84  -21  0
-21  30  -12  0
88  -41  -96  0
-49  63  68  0
-99  -75  14  0
-53  -10  -73  0
73  4  -59  0
50  19  -83  0
75  -47  51  0
-79  28  43  0
34  -42  96  0
-19  -18  15  0
-49  -88  99  0
25  -76  -69  0
-34  -55  -90  0
-32  96  20  0
-81  -75  7  0
-59  98  -44  0
-49  -63  10  0
71  89  -57  0
81  -16  68  0
-52  -28  88  0
51  -76  -4  0
11  85  17  0
-4  31  45  0
-5  -22  41  0
-42  -3  77  0
-29  -74  -57  0
-52  79  -27  0
-8  50  -86  0
-42  -16  -15  0
-76  13  63  0
60  -100  -12  0
-17  20  -53  0
14  46  97  0
-25  -67  87  0
10  -65  40  0
86  -78  -30  0
34  22  -69  0
27  -66  76  0
86  96  64  0
-36  -15  -2  0
-99  -73  26  0
81  22  -43  0
34  68  27  0
48  99  97  0
35  59  -40  0
-93  -23  65  0
-43  -64  -84  0
70  -20  -96  0
-31  -1  2  0
42  -50  7  0
13  -12  -91  0
32  10  -89  0
-99  1  -42  0
70  -30  95  0
-29  -9  72  0
-66  23  -8  0
27  92  -62  0
39  71  13  0
-38  85  -28  0
51  42  -10  0
-89  -72  -17  0
-51  89  -71  0
-14  -1  82  0
1  42  -21  0
97  -75  -49  0
65  -51  -22  0
-44  -63  -59  0
-41  94  -89  0
48  71  93  0
31  85  -36  0
-53  -77  -75  0
5  -68  88  0
-84  81  -86  0
34  -42  10  0
63  94  -66  0
-99  -9  -3  0
58  -83  -51  0
-13  -3  23  0
-17  93  95  0
-77  51  -88  0
-75  36  78  0
56  57  -79  0
48  21  14  0
-18  11  -37  0
54  -100  -23  0
26  41  -91  0
40  71  -53  0
9  -54  -91  0
-72  4  70  0
50  -70  -76  0
37  13  -61  0
-52  60  76  0
81  -24  100  0
-20  90  47  0
31  79  90  0
82  -6  -33  0
-69  17  31  0
-93  7  -73  0
-42  82  -1  0
49  -34  -95  0
-54  -33  -83  0
39  -70  17  0
89  57  -51  0
25  55  -92  0
-92  -88  -74  0
31  -94  75  0
70  48  -56  0
-51  -9  76  0
99  81  -7  0
47  99  3  0
69  -11  78  0
44  -74  69  0
70  53  10  0
-21  38  98  0
-61  -33  90  0
59  -76  -1  0
-75  51  69  0
-71  -15  -68  0
71  36  64  0
73  -75  -88  0
18  75  60  0
11  3  -72  0
-42  -67  -78  0
18  -52  51  0
-96  10  -91  0
22  24  28  0
98  91  68  0
-35  31  -66  0
2  -32  -68  0
-15  86  -39  0
25  -15  -74  0
38  91  54  0
-44  -71  -79  0
-36  85  34  0
52  68  20  0
55  -79  17  0
-93  -38  64  0
28  48  6  0
-26  71  88  0
-15  79  -34  0
-32  -50  -15  0
78  90  -39  0
1  -100  76  0
27  56  -61  0
-10  92  -48  0
-77  44  -3  0
-36  -72  4  0
73  -97  67  0
-47  8  88  0
35  -2  48  0
95  10  -86  0
-20  -37  19  0
78  60  -83  0
25  72  16  0
-78  44  -93  0
-76  -62  -18  0
82  16  -96  0
92  70  29  0
21  64  -28  0
-64  29  99  0
76  50  56  0
90  -32  -14  0
-19  39  -55  0
89  87  -26  0
89  90  97  0
8  73  56  0
58  49  86  0
85  -61  -11  0
96  97  -77  0
61  -96  99  0
-33  77  -84  0
-2  21  52  0
61  -31  23  0
-19  72  -42  0
3  -89  29  0
4  25  -28  0
-56  -47  44  0
91  53  -87  0
-13  29  -10  0
20  -35  47  0
90  -33  -70  0
83  43  70  0
-6  -82  -47  0
-100  35  1  0
72  -48  44  0
41  86  53  0
78  2  76  0
-69  27  -90  0
-92  70  -46  0
-18  -9  -94  0
27  34  -16  0
8  -7  75  0
72  99  85  0
-27  50  21  0
4  -69  31  0
85  -42  17  0
78  88  40  0
-87  -16  -9  0
-44  98  72  0
-25  41  -85  0
-59  98  91  0
-85  -91  -8  0
32  -91  17  0
20  -86  35  0
-27  95  -41  0
11  47  -18  0
-27  -48  17  0
59  -63  -37  0
-59  84  96  0
80  -98  86  0
-88  7  35  0
-80  -71  14  0
-15  50  43  0
-43  -78  30  0
25  87  2  0
93  87  71  0
-24  -98  5  0
-7  13  61  0
-75  49  57  0
53  -87  67  0
-84  -54  62  0
-21  -35  -64  0
56  49  79  0
100  76  -34  0
-67  91  30  0
-92  -90  13  0
93  53  62  0
-28  21  -70  0
-81  -93  42  0
42  25  -72  0
62  83  91  0
-51  89  -24  0
-100  -63  -66  0
28  22  -93  0
88  -70  -69  0
68  -73  -49  0
-84  -87  66  0
-86  50  -14  0
4  -36  66  0
95  -25  -14  0
74  68  33  0
-49  -90  4  0
-8  62  77  0
-25  35  -64  0
71  67  -57  0
34  -7  13  0
54  -24  -81  0
85  49  66  0
-73  49  -5  0
-90  -37  -68  0
37  23  -75  0
95  87  -97  0
-4  31  -63  0
91  60  96  0
30  -52  -26  0
-37  -35  -94  0
-90  52  -6  0
4  13  64  0
79  21  -58  0
1  59  -8  0
51  -26  -17  0
31  77  14  0
70  -84  21  0
-17  -4  -36  0
87  86  31  0
-62  31  97  0
-77  -74  -86  0
91  14  55  0
11  86  -75  0
-28  98  21  0
-81  25  -55  0
24  -89  64  0
88  78  -33  0
-45  -62  -99  0
-56  -71  -62  0
6  58  56  0
64  -74  -19  0
-10  -54  -39  0
-54  -44  30  0
-5  -17  77  0
-97  24  -3  0
19  13  -71  0
-59  45  3  0
79  25  84  0
-22  -2  -41  0
91  86  82  0
-18  54  -61  0
-10  80  78  0
79  41  13  0
-26  -61  24  0
3  51  -86  0
67  31  10  0
92  91  84  0
-63  -60  -99  0
-64  -94  60  0
82  -69  -66  0
47  -60  -12  0
3  -28  57  0
-78  84  11  0
-8  -52  33  0
-68  88  74  0
-82  13  -67  0
-59  35  41  0
-93  85  -43  0
-23  45  -10  0
-73  -41  -84  0
-50  -77  98  0
32  -54  33  0
-38  -52  36  0
83  -30  48  0
-36  84  88  0
79  -21  -75  0
41  98  -72  0
-83  45  40  0
69  93  -92  0
93  -99  13  0
-12  3  19  0
53  25  -4  0
26  -72  17  0
