c mkcnf random cnf with seed 44394, max clause length 3
c FORCED SATISFIABLE
c 
p cnf 100  430
59  44  56  0
4  -84  56  0
29  99  -81  0
-21  -82  -22  0
-28  30  52  0
-34  73  -46  0
-51  48  44  0
97  -89  -35  0
-92  -41  52  0
31  76  83  0
-34  46  69  0
55  45  -76  0
1  94  -98  0
-64  -84  -72  0
-42  -27  96  0
-45  -35  -34  0
-45  62  93  0
-67  -80  -17  0
98  -3  53  0
-64  97  -57  0
29  30  48  0
-100  -62  -53  0
-20  32  -25  0
-48  76  -99  0
56  -91  12  0
-48  -32  68  0
-45  29  -61  0
28  -77  16  0
3  94  -74  0
29  -35  -24  0
-21  52  -77  0
-52  56  21  0
35  -84  -26  0
-78  -26  1  0
73  60  -58  0
-19  -70  -85  0
15  -80  54  0
-44  -46  5  0
32  -62  -30  0
6  -8  86  0
39  1  30  0
49  -40  -96  0
-90  75  -86  0
-98  11  38  0
57  -10  4  0
-29  -63  6  0
-23  63  -37  0
27  -3  84  0
-51  -27  14  0
-72  96  -74  0
17  -39  -32  0
-48  17  -60  0
-81  -2  -41  0
-54  23  -82  0
-15  83  76  0
34  -17  -7  0
-92  -6  38  0
42  57  -87  0
23  -95  21  0
-7  87  -29  0
74  35  47  0
-68  3  -70  0
-41  -33  -64  0
90  63  46  0
-61  -9  -76  0
-24  78  -69  0
33  -23  56  0
39  -35  -52  0
-60  -14  63  0
85  -5  -14  0
19  -22  15  0
-92  66  16  0
28  64  -49  0
82  -11  -3  0
9  -35  81  0
-72  -67  7  0
-92  -42  14  0
58  84  64  0
80  -78  6  0
-71  43  3  0
-2  -34  20  0
34  -10  -88  0
-76  12  -34  0
-10  -86  -33  0
93  44  -10  0
-69  4  74  0
42  -88  -2  0
-53  87  43  0
-79  -100  82  0
-20  63  42  0
-1  -25  -27  0
16  42  -7  0
55  37  10  0
-15  67  -64  0
49  4  37  0
45  70  -17  0
88  26  -72  0
100  -34  -15  0
-66  86  -93  0
56  -86  82  0
-38  -74  1  0
-12  23  -13  0
-51  41  -10  0
-73  46  11  0
-51  75  33  0
-73  -94  85  0
-49  -35  -48  0
-28  42  -38  0
-66  -16  -10  0
-7  -2  24  0
91  39  -2  0
-40  -82  -54  0
-41  29  4  0
71  41  75  0
32  -60  58  0
78  92  2  0
25  -53  50  0
-80  -22  90  0
-68  -84  80  0
-66  51  -3  0
-20  -55  61  0
-4  -95  -65  0
-43  -28  38  0
43  -20  29  0
-91  49  -65  0
77  64  38  0
51  21  -11  0
-59  22  -26  0
66  25  -2  0
87  -39  -82  0
98  5  92  0
-41  89  -34  0
74  -91  29  0
34  5  -28  0
96  -30  -71  0
77  -37  9  0
-14  -23  100  0
-4  64  18  0
16  -24  -1  0
-19  24  -37  0
2  24  62  0
6  52  -81  0
-1  15  -29  0
95  -84  68  0
85  69  -51  0
-80  14  38  0
-55  44  -13  0
-87  97  86  0
69  -29  -9  0
66  37  96  0
-97  75  12  0
71  26  28  0
19  -98  -54  0
13  15  81  0
-25  -97  73  0
74  56  91  0
42  -48  50  0
98  -84  12  0
-20  -10  -87  0
99  -26  -4  0
97  -69  54  0
-35  24  -59  0
-65  16  3  0
12  -85  51  0
-84  86  -7  0
-58  -47  -20  0
-55  72  97  0
-49  -6  10  0
-22  76  23  0
67  -60  56  0
8  13  -75  0
59  85  -78  0
-65  79  14  0
55  -82  -90  0
-73  -56  95  0
31  -72  40  0
43  -95  -15  0
-24  -26  9  0
36  20  72  0
-82  -30  47  0
-47  38  -3  0
-54  71  -87  0
-52  -69  -58  0
-30  69  20  0
-85  87  -52  0
49  -1  -70  0
2  15  -63  0
20  21  -3  0
29  26  -11  0
95  98  44  0
-9  -53  -46  0
-90  24  -82  0
30  -12  27  0
-21  -46  -100  0
34  23  -57  0
96  39  86  0
54  -41  76  0
-10  78  75  0
94  74  31  0
67  -36  -84  0
-68  18  -80  0
-63  -88  97  0
41  -54  -45  0
-10  -29  87  0
-72  -77  -49  0
-55  8  46  0
50  35  36  0
77  -99  97  0
-93  -61  -74  0
68  13  35  0
22  -62  8  0
30  23  -95  0
67  -41  45  0
43  24  53  0
-52  -12  -74  0
54  96  -30  0
44  52  2  0
-74  59  69  0
-18  -5  42  0
76  -43  23  0
-59  -37  -100  0
-70  45  44  0
-38  92  -35  0
85  10  -36  0
80  81  18  0
-76  -30  15  0
-92  -65  -44  0
-46  69  -71  0
-68  -30  32  0
-18  -29  51  0
-68  -39  27  0
10  24  -53  0
43  -23  -62  0
-51  -62  97  0
88  80  -33  0
-34  -66  -67  0
90  45  -62  0
40  9  -86  0
71  12  82  0
-99  82  77  0
-24  25  -77  0
-62  5  -64  0
-58  -77  -6  0
-43  -50  -55  0
-23  59  76  0
-99  -3  -11  0
39  12  -65  0
-74  -12  96  0
6  86  60  0
-2  88  38  0
-8  -18  -10  0
-89  -51  -24  0
23  -71  45  0
-87  39  -82  0
-3  -35  26  0
71  1  -53  0
-100  -58  -8  0
-41  29  -50  0
-55  8  -35  0
-80  -92  40  0
62  18  -24  0
-22  14  -62  0
-73  -36  -23  0
-50  -39  23  0
55  75  53  0
22  -33  -50  0
59  -56  84  0
-63  99  -52  0
62  74  21  0
18  48  -98  0
-41  -65  39  0
-43  70  25  0
63  -94  62  0
22  -98  91  0
19  100  -72  0
-65  50  -16  0
-45  -35  62  0
57  16  -2  0
68  -7  -8  0
-46  32  -69  0
-82  -34  -95  0
14  11  91  0
-74  50  81  0
-26  52  -6  0
-100  6  -1  0
-79  26  -90  0
9  -4  86  0
-2  35  -79  0
20  39  50  0
-11  100  -2  0
-75  -78  -67  0
-66  -8  39  0
31  45  3  0
68  -27  -43  0
-3  -35  -38  0
-34  -35  -49  0
-60  56  65  0
-81  -32  -87  0
-95  30  -24  0
-55  -69  -64  0
-44  53  -82  0
-91  -49  58  0
63  64  33  0
-41  22  -92  0
-13  5  -92  0
-82  -65  63  0
-41  69  -31  0
88  68  24  0
23  -7  80  0
52  -64  53  0
-42  -48  22  0
26  63  -97  0
-11  -42  68  0
-96  -39  -15  0
19  25  31  0
88  22  -39  0
-41  89  62  0
73  11  21  0
-69  65  -88  0
81  54  -76  0
45  75  74  0
20  -8  69  0
72  -49  52  0
-95  50  3  0
-89  31  56  0
-79  54  -97  0
-19  36  -59  0
20  13  29  0
-91  -4  -73  0
65  26  37  0
10  -43  30  0
-26  -18  30  0
30  24  -13  0
68  7  -17  0
10  -31  68  0
-15  -19  -35  0
-85  9  18  0
-67  -32  4  0
-87  -95  -72  0
65  11  72  0
3  71  7  0
-7  41  -100  0
36  48  -24  0
-77  -95  -37  0
49  -93  -4  0
42  61  89  0
-72  -47  28  0
79  -18  -65  0
49  -67  86  0
-80  95  -89  0
51  89  -99  0
-76  -83  -63  0
-10  -62  -47  0
14  -8  -97  0
-57  -3  -68  0
-99  -75  91  0
38  67  -90  0
23  16  -22  0
-86  -66  85  0
90  -67  92  0
65  -55  -11  0
-81  83  93  0
-12  -30  -89  0
37  -49  11  0
4  -3  -25  0
-61  -62  -71  0
72  -12  38  0
21  96  33  0
63  -91  93  0
-11  50  83  0
16  68  -5  0
86  -91  72  0
-33  50  93  0
-44  59  94  0
70  -60  -8  0
-6  -24  -31  0
47  -36  38  0
90  3  64  0
30  15  -19  0
96  16  -6  0
-33  -64  29  0
-41  -8  27  0
-5  -87  98  0
-31  -46  -86  0
91  -52  -51  0
-50  -7  -56  0
97  71  94  0
-20  -71  -80  0
-22  1  86  0
-20  31  -72  0
-95  -27  28  0
91  9  -82  0
81  -42  72  0
-80  -12  31  0
6  -89  -74  0
-42  45  -68  0
-46  8  54  0
-78  -79  97  0
88  10  78  0
89  -52  -56  0
17  -24  -23  0
-87  9  -27  0
-21  -3  76  0
24  -34  90  0
-52  89  -46  0
-24  99  -57  0
-87  17  -4  0
58  29  32  0
-40  -52  5  0
-53  -45  -77  0
-57  -34  -10  0
-89  -57  -95  0
72  70  86  0
6  53  -27  0
22  63  -46  0
12  8  -60  0
40  45  64  0
-27  54  -33  0
-22  -89  23  0
-97  -60  -93  0
-59  -50  -78  0
97  52  44  0
8  -39  2  0
-4  19  -10  0
-38  52  5  0
65  74  -62  0
53  -60  -32  0
-3  -46  -40  0
97  -31  81  0
-4  57  82  0
