c mkcnf random cnf with seed 44422, max clause length 3
c FORCED SATISFIABLE
c 
p cnf 100  430
80  11  -20  0
79  -3  -48  0
84  81  66  0
-91  -79  -62  0
-44  93  20  0
36  -34  -53  0
-96  31  -47  0
97  91  -88  0
-97  94  -72  0
-58  44  -23  0
25  91  1  0
-26  -52  42  0
-14  44  63  0
22  36  -60  0
45  72  26  0
-36  -78  -18  0
37  -83  28  0
-37  -64  68  0
-71  -4  -90  0
73  5  42  0
100  95  70  0
100  -11  37  0
100  69  9  0
-97  -43  55  0
-30  40  21  0
35  50  -13  0
96  -8  65  0
-51  -64  -72  0
96  55  18  0
84  64  29  0
-96  77  -10  0
79  -50  67  0
-49  -59  93  0
93  -61  6  0
22  -91  85  0
-78  50  89  0
-58  -96  -85  0
2  -63  95  0
59  -39  2  0
-92  -26  -18  0
82  -77  -8  0
20  17  -54  0
45  -74  -63  0
-76  -90  70  0
-59  -70  26  0
-36  15  -21  0
58  -64  -34  0
59  -44  62  0
-37  -4  -40  0
-18  -50  22  0
-83  -34  55  0
53  68  82  0
88  -33  -27  0
-43  -2  -98  0
40  77  39  0
-36  -78  -20  0
-73  44  100  0
85  70  -83  0
-2  -62  91  0
-88  -92  34  0
82  -55  -53  0
77  50  43  0
-77  18  -89  0
-34  87  -20  0
62  29  -65  0
95  68  -93  0
90  -57  94  0
-36  27  38  0
28  -62  -84  0
-98  -77  96  0
75  32  -10  0
-37  -76  -1  0
31  6  -4  0
-34  15  -65  0
-51  84  -90  0
47  -18  -87  0
45  28  1  0
-1  -84  37  0
-79  29  -86  0
11  18  55  0
-72  42  50  0
56  -66  27  0
-63  93  -78  0
-50  23  87  0
100  26  -70  0
72  2  -61  0
-5  -70  67  0
-21  12  79  0
76  68  87  0
-75  -14  71  0
85  12  18  0
87  -72  -18  0
39  59  -96  0
53  22  -3  0
-46  75  -93  0
-64  20  -23  0
4  -92  -7  0
85  -26  56  0
97  -14  -18  0
-79  58  -8  0
31  32  -91  0
-20  35  -97  0
90  52  74  0
-93  58  -28  0
87  -97  -13  0
48  -85  -28  0
10  26  33  0
-84  59  62  0
34  68  -40  0
91  -57  -72  0
93  -61  66  0
-87  -43  -97  0
31  -74  -39  0
76  -64  42  0
-20  -79  -93  0
24  86  94  0
61  70  13  0
-89  -72  -83  0
-53  21  -39  0
-23  -80  -55  0
77  40  -60  0
-55  -49  71  0
55  -93  95  0
-98  -19  -3  0
-50  -52  -35  0
-82  -77  27  0
-18  15  -69  0
64  41  -94  0
-65  -66  35  0
29  8  13  0
13  78  -51  0
1  82  -27  0
-11  92  33  0
-71  -65  66  0
-49  -85  -84  0
-92  -45  16  0
-34  86  -52  0
7  14  36  0
64  66  14  0
-46  48  -35  0
-75  39  50  0
-70  -78  72  0
40  77  -10  0
-81  72  -89  0
69  81  -83  0
77  14  -88  0
22  23  41  0
6  -100  -92  0
63  53  57  0
-100  80  -16  0
27  -69  -38  0
43  59  31  0
49  -94  4  0
4  72  79  0
-56  95  3  0
16  91  -86  0
9  74  14  0
-25  -32  -23  0
59  77  -55  0
84  -56  -16  0
22  85  -27  0
-31  -95  -19  0
49  97  -75  0
10  -57  6  0
12  -50  89  0
-17  82  88  0
-55  -33  65  0
-94  85  -80  0
-34  -33  -61  0
12  -83  8  0
-31  22  37  0
99  -17  42  0
-48  -8  -67  0
-97  73  -75  0
35  84  39  0
-75  -12  -62  0
-7  53  43  0
-27  -98  19  0
8  -7  42  0
-3  17  12  0
79  19  -40  0
29  6  -90  0
-42  -14  27  0
69  -98  -10  0
50  -96  54  0
78  77  58  0
-99  42  35  0
-99  -19  42  0
-81  -89  72  0
-18  92  -50  0
42  -21  71  0
-33  26  4  0
-13  24  -34  0
54  -55  90  0
75  -90  80  0
-2  13  4  0
39  -7  47  0
-31  -24  -85  0
-3  33  53  0
-94  14  -35  0
81  38  -43  0
-22  73  85  0
50  78  -77  0
88  71  41  0
-4  78  -84  0
-18  83  61  0
-8  -35  -68  0
-99  -68  24  0
-18  36  70  0
-10  -78  28  0
-10  59  -2  0
-8  93  85  0
-6  77  -82  0
-2  93  16  0
85  3  1  0
-92  -25  -62  0
20  -3  -74  0
89  -96  81  0
46  56  27  0
-41  98  -61  0
20  -21  -2  0
52  17  -96  0
20  -9  -63  0
16  71  21  0
13  -61  -42  0
-67  25  5  0
-3  10  36  0
97  -41  39  0
21  73  31  0
-50  56  -97  0
59  -86  -66  0
39  78  -99  0
55  -53  -40  0
-16  14  20  0
-56  55  -86  0
94  63  -34  0
6  -12  33  0
87  -67  -14  0
-79  49  70  0
-21  -53  78  0
-46  65  14  0
-44  -46  48  0
33  -70  -56  0
31  65  -67  0
-99  35  -33  0
-49  48  36  0
-3  -38  -97  0
83  40  -23  0
87  -70  -81  0
46  -81  -37  0
43  -58  -83  0
-12  -40  -48  0
-76  69  8  0
-57  -74  31  0
-47  -65  -21  0
-77  -35  -3  0
25  -90  -8  0
71  -51  89  0
44  37  33  0
23  56  -13  0
97  75  30  0
26  -60  14  0
43  76  -88  0
69  -35  -40  0
-42  11  8  0
-93  -48  75  0
76  -15  -33  0
-22  -48  71  0
-65  22  -36  0
100  -59  -2  0
-41  84  13  0
11  90  12  0
-70  72  54  0
-18  -10  25  0
71  72  -99  0
35  12  -1  0
83  24  22  0
-74  -43  47  0
64  -5  -34  0
41  91  48  0
-97  -74  -75  0
2  -100  -15  0
-83  48  -47  0
53  68  13  0
-98  -25  -62  0
-4  95  -98  0
-22  43  -29  0
94  -58  -24  0
6  75  -2  0
-72  -42  89  0
-65  90  -74  0
-64  6  3  0
-28  85  -62  0
-86  60  79  0
-53  14  71  0
34  54  -13  0
-76  55  49  0
-89  -93  99  0
36  -50  76  0
88  24  3  0
-14  -87  -19  0
-53  39  38  0
-48  -19  -22  0
-73  -66  35  0
-55  11  41  0
-62  60  -94  0
-78  38  10  0
39  -79  99  0
-16  -82  -14  0
-45  -67  -96  0
84  27  -92  0
66  -60  97  0
38  71  75  0
2  -87  -10  0
-84  -18  -83  0
10  85  -70  0
-91  -72  -36  0
-14  -15  8  0
-66  98  47  0
-39  33  30  0
80  -21  12  0
2  17  -72  0
48  40  -12  0
-100  -84  -79  0
7  49  84  0
-59  -43  -81  0
-35  32  68  0
-48  -82  -58  0
-40  9  44  0
8  67  -25  0
20  -77  -34  0
-70  87  33  0
10  1  20  0
-61  57  -15  0
14  58  -49  0
93  58  37  0
71  82  -19  0
30  22  -8  0
70  -40  -94  0
90  20  -15  0
70  69  -31  0
-12  -92  -81  0
72  -29  96  0
-21  -20  98  0
51  72  9  0
-54  7  50  0
-77  -97  -31  0
92  3  78  0
33  -22  -8  0
-59  4  -82  0
-29  32  -4  0
19  75  96  0
-61  97  -72  0
44  -91  60  0
-75  52  -29  0
24  -68  6  0
36  -6  -9  0
-90  -93  -48  0
-84  -17  -22  0
-36  100  -72  0
-29  -12  35  0
-30  69  -44  0
-21  -100  67  0
86  -54  -36  0
89  73  32  0
35  24  89  0
-84  37  24  0
63  19  -7  0
-54  39  -74  0
51  -2  -70  0
79  67  39  0
59  44  -49  0
-91  -31  -27  0
-54  -15  46  0
-94  97  9  0
78  91  17  0
-86  -99  25  0
-7  22  1  0
29  -84  21  0
-62  -90  67  0
96  25  4  0
-70  -39  -41  0
100  75  55  0
13  -100  8  0
65  83  -89  0
30  24  91  0
-1  -62  44  0
27  -8  56  0
60  -91  -46  0
-4  25  12  0
-4  39  88  0
-76  87  47  0
33  4  -59  0
-32  1  -22  0
47  52  71  0
-28  14  -3  0
48  -26  -54  0
-70  79  -64  0
74  -70  69  0
-29  -14  52  0
-66  20  68  0
-91  -70  58  0
-53  -29  -15  0
-39  77  48  0
76  -32  23  0
92  17  76  0
73  84  -90  0
14  35  -11  0
-92  3  -20  0
-16  -69  83  0
5  62  -12  0
-74  21  -82  0
-82  27  -57  0
18  47  5  0
-40  -37  36  0
-15  -72  -51  0
31  7  -100  0
82  75  17  0
-48  50  88  0
-61  26  36  0
-26  88  -68  0
42  -32  -84  0
-62  -95  14  0
-18  -6  -3  0
-54  -4  49  0
89  -91  100  0
30  -26  53  0
82  86  39  0
-16  80  97  0
-99  -4  83  0
