c mkcnf random cnf with seed 44379, max clause length 3
c FORCED SATISFIABLE
c 
p cnf 100  430
83  -65  -17  0
-47  -66  -26  0
19  -81  -88  0
-36  97  -60  0
-49  46  -51  0
-74  -46  71  0
-66  90  -37  0
22  65  4  0
81  -99  -38  0
-72  46  -31  0
81  93  -8  0
-11  6  -10  0
46  -43  20  0
-91  27  80  0
33  -55  -62  0
59  10  82  0
94  100  22  0
84  11  -80  0
-26  67  100  0
98  -79  81  0
30  77  93  0
80  -81  -79  0
-100  -16  -19  0
-69  13  8  0
37  73  15  0
68  91  -99  0
2  -9  92  0
-76  -19  -34  0
78  -48  -56  0
71  61  65  0
20  -73  28  0
66  -16  25  0
82  -56  91  0
85  -46  65  0
-68  -65  64  0
19  87  43  0
-87  5  -77  0
79  -38  34  0
79  -64  40  0
-48  26  -49  0
-46  -90  -96  0
38  -91  60  0
-59  -90  -49  0
72  -12  -69  0
-22  -31  30  0
-90  63  17  0
-22  18  2  0
-9  12  56  0
-35  58  -44  0
-55  -15  -24  0
-80  -50  51  0
-37  -49  11  0
98  -9  -70  0
-88  93  46  0
-4  -96  -67  0
-64  -25  -100  0
-17  81  67  0
70  21  65  0
-70  24  -85  0
54  82  69  0
-62  -35  58  0
-100  57  97  0
53  -13  47  0
1  -71  -73  0
29  64  -45  0
5  -45  24  0
67  93  -72  0
-27  -16  93  0
28  62  83  0
-60  68  10  0
37  76  -17  0
-68  64  35  0
-6  -78  -29  0
18  -56  84  0
-66  -15  -76  0
-97  10  -7  0
-6  -77  52  0
63  59  23  0
-15  -9  -21  0
-76  -39  71  0
-40  99  34  0
31  -6  -8  0
58  53  -35  0
84  -88  17  0
-74  -16  24  0
8  98  35  0
-72  61  -82  0
96  90  95  0
54  85  -15  0
44  25  -38  0
32  26  65  0
44  -46  -74  0
-17  37  93  0
-2  -47  -27  0
69  33  -11  0
-46  -47  18  0
98  -87  -61  0
5  14  -34  0
-25  60  85  0
-1  69  56  0
-91  -75  -99  0
57  86  82  0
37  86  -80  0
-33  -1  -35  0
-74  -18  -81  0
50  -59  58  0
16  -27  54  0
21  -13  71  0
72  -18  -1  0
73  69  -22  0
81  -41  39  0
-63  96  -53  0
-8  41  -5  0
21  13  90  0
16  14  -11  0
-40  -55  65  0
-86  -79  -21  0
-63  -78  75  0
94  -14  30  0
72  33  60  0
12  -11  -10  0
85  -8  57  0
-16  24  84  0
15  1  20  0
-27  62  -14  0
45  31  36  0
56  26  -60  0
54  -5  -65  0
-30  59  86  0
-68  -67  34  0
-40  54  2  0
22  65  37  0
19  65  -60  0
21  -84  -93  0
77  78  -80  0
10  82  2  0
-48  2  -7  0
73  91  62  0
92  20  -100  0
33  47  42  0
87  59  -80  0
41  58  -88  0
-72  45  21  0
-91  -63  24  0
71  -23  -57  0
56  -51  44  0
15  26  8  0
81  -6  83  0
41  -87  -81  0
-16  91  -8  0
-10  41  -18  0
55  66  43  0
-64  -10  71  0
-41  81  -69  0
78  20  3  0
6  -79  66  0
79  76  -98  0
-2  -18  9  0
-11  -55  -69  0
-1  -88  -41  0
-13  -75  63  0
-53  30  18  0
22  46  -59  0
86  -69  60  0
86  -20  -48  0
19  51  14  0
-18  77  -1  0
-38  70  -84  0
-17  -67  61  0
-64  11  -62  0
6  -63  88  0
-79  70  -35  0
-14  34  71  0
-90  -55  45  0
51  -73  88  0
-80  -66  -89  0
12  13  -9  0
81  -31  41  0
33  -44  -74  0
39  -38  -26  0
-39  56  -94  0
78  42  -3  0
-13  -90  -67  0
73  8  -58  0
-13  91  68  0
96  89  -42  0
-39  -22  15  0
24  -25  63  0
-4  -97  -100  0
85  62  -18  0
-86  -74  -61  0
9  -51  38  0
-3  -78  68  0
14  10  -77  0
-3  1  -53  0
71  50  92  0
36  13  -3  0
32  -23  -75  0
88  -63  -91  0
-4  -44  17  0
24  86  -48  0
54  -13  -92  0
-17  96  -29  0
3  -28  -19  0
-59  38  52  0
65  -81  -18  0
-27  -84  -37  0
99  8  -6  0
-61  -71  28  0
-67  -16  49  0
80  10  27  0
-54  21  17  0
58  72  18  0
-53  -29  -76  0
-93  84  63  0
-8  50  -93  0
-72  -69  44  0
69  36  90  0
86  72  17  0
-76  53  -63  0
-18  -58  -36  0
-1  12  49  0
46  -15  -32  0
6  1  24  0
-28  42  63  0
-40  -48  -32  0
-53  26  86  0
73  80  71  0
-33  -38  59  0
47  41  33  0
54  -7  -87  0
-76  -13  38  0
-23  54  -63  0
-37  34  -97  0
27  -34  3  0
-21  97  7  0
-54  18  87  0
99  -43  -2  0
66  -45  11  0
97  34  -73  0
89  71  81  0
-23  81  13  0
99  16  -42  0
100  29  47  0
-88  27  89  0
11  99  62  0
31  42  77  0
-52  89  -70  0
-21  48  85  0
-24  59  11  0
-72  58  67  0
-22  5  40  0
-8  -80  79  0
-25  31  -21  0
-60  24  36  0
33  100  52  0
-14  -10  -83  0
-16  87  46  0
31  18  87  0
-61  -39  31  0
-25  -85  92  0
-28  -74  80  0
-91  -38  3  0
-42  -40  -94  0
-66  -85  18  0
-1  -64  -77  0
-25  88  19  0
48  41  30  0
-56  -68  75  0
-49  -47  -35  0
-43  80  68  0
69  -97  -10  0
95  74  93  0
-9  80  29  0
23  -2  -44  0
71  8  -12  0
62  16  84  0
-49  -46  74  0
12  -94  68  0
-79  40  -42  0
20  -48  88  0
87  -74  54  0
-93  -35  62  0
-88  -33  79  0
-54  16  21  0
99  34  67  0
-45  3  -84  0
21  50  -87  0
-44  34  -10  0
-88  80  38  0
-41  -22  35  0
50  22  -55  0
-42  -89  -90  0
-48  -9  -10  0
54  71  20  0
11  -88  -42  0
56  3  -73  0
53  59  24  0
38  -59  -8  0
-99  67  -16  0
5  -37  89  0
-48  -66  -77  0
47  -96  -18  0
10  -40  -29  0
-98  -1  35  0
62  84  54  0
-25  100  6  0
-54  86  -83  0
-46  8  96  0
4  -32  -72  0
-46  -51  69  0
-83  34  -12  0
32  -71  -67  0
-73  7  -70  0
72  79  -36  0
-12  -76  -67  0
-27  54  68  0
44  33  42  0
59  48  45  0
36  54  -32  0
54  89  -59  0
93  -54  4  0
76  6  -68  0
-78  -61  -18  0
59  -90  61  0
23  99  -73  0
-2  -26  5  0
29  -45  -73  0
98  53  -2  0
-98  -32  -74  0
62  -15  -41  0
-22  -10  78  0
-55  53  -83  0
-22  -100  80  0
82  -50  -12  0
81  -80  -3  0
71  -86  1  0
70  -50  71  0
-45  72  66  0
-49  -100  -4  0
9  -46  -7  0
-8  72  -80  0
-72  -40  -11  0
-53  100  15  0
50  39  -12  0
83  -7  15  0
94  36  -41  0
15  -82  72  0
28  -42  -30  0
-47  -52  23  0
-10  48  -47  0
-3  -51  -69  0
-69  -38  -87  0
-18  54  -40  0
-17  36  59  0
-20  -12  56  0
81  70  -46  0
54  -9  69  0
11  96  -54  0
43  54  -36  0
92  -60  86  0
67  -27  -40  0
-40  74  42  0
-64  -49  69  0
-97  16  60  0
-39  -10  93  0
10  -11  90  0
68  -29  47  0
59  86  -53  0
38  78  70  0
-49  56  38  0
22  -20  -12  0
37  53  -17  0
85  3  -55  0
54  43  7  0
-79  -48  69  0
47  99  57  0
82  88  -83  0
-26  -15  -72  0
93  22  35  0
-82  -87  78  0
-30  -4  60  0
-24  -85  9  0
-81  -83  -82  0
57  -21  47  0
-63  -52  -36  0
83  80  -59  0
-65  75  -6  0
61  74  24  0
-79  -73  40  0
-14  -20  -78  0
-75  -62  92  0
-2  -94  -95  0
-100  -41  -42  0
71  58  -26  0
53  56  -75  0
1  -79  67  0
64  -56  -85  0
-97  75  60  0
-40  48  -14  0
-45  70  72  0
-37  -92  -55  0
53  -47  -80  0
-27  -44  -43  0
37  -4  -72  0
61  -21  -36  0
49  47  17  0
-43  24  -38  0
43  59  99  0
-91  22  -94  0
-97  -60  -59  0
24  29  62  0
73  20  70  0
69  6  11  0
-94  64  -93  0
37  3  71  0
-22  14  -8  0
-97  81  -36  0
-83  68  -75  0
73  8  13  0
-94  50  -60  0
80  -64  -94  0
-81  -99  1  0
-76  95  52  0
-63  -73  -7  0
-82  93  -94  0
-8  -75  15  0
93  23  -61  0
41  -58  -84  0
86  -18  -36  0
