c mkcnf random cnf with seed 44434, max clause length 3
c FORCED SATISFIABLE
c 
p cnf 100  430
60  54  91  0
44  23  75  0
-65  54  34  0
-17  -80  -66  0
-46  -34  61  0
7  44  29  0
-65  -27  -35  0
-14  -33  65  0
-69  -70  43  0
-1  -14  49  0
-65  -6  79  0
26  38  63  0
73  -42  44  0
-26  33  73  0
-55  78  -34  0
15  -6  -16  0
8  -100  -28  0
-14  9  -41  0
47  89  29  0
37  61  60  0
82  -29  95  0
80  8  -35  0
38  -20  -88  0
-61  87  79  0
-54  83  80  0
21  -18  -57  0
41  40  60  0
-46  30  -52  0
38  39  45  0
-3  62  -59  0
-14  78  -58  0
-65  82  -86  0
63  58  -24  0
-43  -6  32  0
74  90  -35  0
32  69  56  0
-55  41  -58  0
54  74  -5  0
-23  -44  83  0
61  41  -56  0
95  26  31  0
94  -92  89  0
74  68  -82  0
-26  -97  -65  0
-35  67  -8  0
-1  5  63  0
-18  -96  -82  0
88  -55  -98  0
-1  -10  -85  0
37  -89  98  0
-70  -78  25  0
-66  -95  80  0
54  19  14  0
-31  -10  -94  0
-64  -57  27  0
90  58  -21  0
94  -7  56  0
66  -68  -22  0
-74  -12  -66  0
47  -78  2  0
91  5  -87  0
-59  8  25  0
59  -92  -15  0
-12  45  96  0
53  88  77  0
-97  -93  28  0
-9  -95  18  0
38  -31  -62  0
-35  -67  89  0
44  48  20  0
16  12  64  0
-2  -78  -9  0
71  75  62  0
35  61  -40  0
38  -58  97  0
89  -26  -50  0
34  -95  -40  0
-74  -45  2  0
86  -42  -27  0
100  4  -13  0
43  58  1  0
-24  14  -23  0
82  93  -94  0
24  -31  68  0
8  -12  72  0
-3  -99  -71  0
-10  62  66  0
50  36  -8  0
-88  73  39  0
32  -55  82  0
-22  61  70  0
-45  -64  -44  0
36  -79  31  0
-9  -21  -71  0
-27  66  -89  0
-25  40  -87  0
-95  53  -3  0
88  8  -41  0
-99  52  -76  0
45  -86  64  0
-29  46  26  0
-22  29  -56  0
59  7  -75  0
53  -38  -32  0
69  92  -47  0
47  51  -6  0
-20  -65  -60  0
-48  87  100  0
64  -33  -1  0
91  67  -11  0
23  87  -48  0
-60  -11  -38  0
67  79  -1  0
60  32  75  0
-36  -49  -81  0
45  -94  99  0
70  -22  -82  0
27  76  -97  0
-40  -94  29  0
37  -51  -71  0
2  -26  18  0
-93  22  26  0
49  65  36  0
75  -20  48  0
-24  12  -52  0
40  72  36  0
-76  -67  -5  0
-54  -91  11  0
23  -18  67  0
13  -12  79  0
18  92  -87  0
41  -99  -44  0
15  77  -88  0
30  -10  -56  0
24  89  -93  0
90  -73  -10  0
-34  -94  -100  0
-38  84  5  0
82  -59  40  0
97  93  -65  0
65  -28  93  0
-63  16  -30  0
-14  13  24  0
-81  12  99  0
-82  -40  -1  0
49  -24  -26  0
52  57  -60  0
26  12  2  0
73  71  12  0
39  -69  71  0
-98  -31  51  0
-47  -100  89  0
91  -33  7  0
-45  -26  91  0
23  -85  12  0
17  -64  -65  0
-39  84  -94  0
99  -32  -68  0
-65  67  -4  0
81  65  -74  0
-59  27  -23  0
45  -33  64  0
-37  70  71  0
99  15  -19  0
28  -67  -31  0
-89  -48  -46  0
-49  -40  69  0
25  87  100  0
-8  79  15  0
100  37  -2  0
-24  70  -33  0
-30  46  55  0
-56  44  -91  0
52  -56  -46  0
8  100  4  0
44  -45  -46  0
93  59  -27  0
-96  84  -4  0
-38  -41  -14  0
95  27  -97  0
58  -63  44  0
-31  -50  62  0
4  7  50  0
46  77  51  0
86  -72  -52  0
-80  -58  -78  0
13  47  -57  0
-31  -18  45  0
-56  62  -4  0
-18  -91  15  0
-48  88  93  0
-23  -32  -82  0
-42  -45  85  0
-67  -90  -57  0
52  24  -36  0
83  -44  -29  0
69  -39  -70  0
-26  -34  -19  0
-36  -18  -90  0
38  -65  23  0
73  -45  -77  0
12  86  -88  0
7  44  5  0
54  -50  -57  0
40  -61  -95  0
-7  87  -84  0
-65  23  -37  0
-8  83  100  0
-19  44  -65  0
-71  21  20  0
-47  -80  -59  0
47  -39  -41  0
-94  -80  -100  0
-28  68  19  0
95  -47  -77  0
61  93  46  0
-41  -45  15  0
-5  -46  -35  0
96  43  -25  0
86  43  -56  0
64  22  72  0
37  34  -63  0
-70  -5  77  0
39  89  -63  0
-19  -30  -47  0
41  -28  12  0
-84  22  -45  0
-52  94  78  0
-11  -94  -7  0
-49  58  14  0
70  6  68  0
48  76  19  0
10  -92  25  0
12  -31  -19  0
42  44  98  0
81  76  88  0
-22  -94  -12  0
-11  -56  -73  0
14  67  97  0
30  -58  84  0
-65  -83  -43  0
32  -76  -98  0
-98  -85  -29  0
-51  97  -50  0
60  79  -72  0
51  19  35  0
-25  51  -86  0
25  -19  -54  0
-58  -17  68  0
-82  -36  -5  0
77  -57  3  0
-1  -90  91  0
62  -15  -19  0
-20  -88  15  0
-89  -63  -95  0
16  100  27  0
-88  -63  -67  0
62  -31  -64  0
-59  -70  -56  0
98  32  -93  0
-78  -5  -29  0
83  46  82  0
88  -13  -83  0
-96  -1  -38  0
-93  -56  92  0
-40  44  -15  0
32  13  38  0
27  -25  58  0
-62  61  -30  0
59  -4  42  0
61  -28  -52  0
-36  38  -80  0
52  -95  93  0
-5  11  54  0
-46  33  -28  0
-9  -90  -2  0
-53  28  -80  0
-7  -11  95  0
-71  -60  -9  0
84  -27  81  0
-49  -39  51  0
70  75  22  0
-65  -85  -97  0
-72  -50  -91  0
-51  80  -19  0
-70  -20  -41  0
-24  68  -4  0
78  -91  -83  0
-47  51  -8  0
-4  57  37  0
-64  -45  79  0
13  25  -74  0
-7  14  31  0
-83  56  -19  0
90  20  75  0
61  -93  -87  0
66  41  -84  0
97  -22  -32  0
-3  -89  -50  0
48  -88  -95  0
-17  10  73  0
13  -26  66  0
-49  -74  6  0
55  82  -23  0
92  -80  40  0
27  87  34  0
-52  -17  -96  0
90  21  84  0
-4  40  81  0
-58  -23  -91  0
-87  13  1  0
48  36  69  0
31  82  -83  0
88  -13  -57  0
31  -95  -60  0
16  -74  -67  0
53  -66  -82  0
85  23  -26  0
17  30  52  0
-4  59  12  0
-22  -38  2  0
86  -43  10  0
94  -36  86  0
-39  16  -26  0
5  -37  -59  0
40  20  -46  0
-100  -41  -83  0
-33  9  90  0
-14  -34  -68  0
-83  -16  -82  0
11  1  -94  0
9  30  -43  0
-37  57  -51  0
-44  66  87  0
33  36  -45  0
26  -70  69  0
-77  19  -11  0
93  -45  95  0
-67  -37  71  0
71  -30  37  0
92  -5  -88  0
-38  59  -35  0
39  80  -33  0
1  -15  23  0
78  68  -47  0
83  75  52  0
-78  27  49  0
-44  42  -11  0
-3  69  -28  0
38  58  31  0
-62  55  -38  0
10  -28  -92  0
-49  43  91  0
72  -71  -95  0
45  3  22  0
1  85  -94  0
6  78  -21  0
-19  -3  -96  0
-49  -76  -47  0
-72  29  91  0
-42  39  -88  0
-95  78  -92  0
-9  -51  -97  0
73  -16  90  0
64  2  -81  0
94  -6  -56  0
-41  24  60  0
-7  -71  13  0
19  97  84  0
-12  -36  100  0
89  -28  98  0
-86  -2  -77  0
-7  20  -75  0
-64  -75  -96  0
95  8  -96  0
69  -40  38  0
-79  -20  76  0
-88  6  -73  0
-23  35  27  0
-78  -19  33  0
-34  12  -98  0
78  51  13  0
-83  -4  57  0
36  -65  -85  0
28  98  -39  0
32  -28  86  0
75  60  -17  0
68  -98  84  0
72  83  -53  0
93  -58  57  0
-84  65  3  0
31  -44  46  0
-87  -44  -100  0
-86  15  -36  0
-14  10  54  0
-52  20  -12  0
45  22  -17  0
-24  -1  88  0
10  5  43  0
61  85  13  0
39  -33  -66  0
29  22  2  0
-90  -3  93  0
84  58  99  0
3  25  -51  0
5  16  98  0
75  13  7  0
-22  87  53  0
22  37  -91  0
20  -78  30  0
-17  80  -91  0
-7  20  62  0
-96  66  -10  0
60  48  9  0
-32  -2  71  0
-90  12  61  0
54  96  -34  0
-75  -66  24  0
-5  65  -17  0
-52  79  -14  0
67  74  -33  0
68  11  -59  0
-88  -64  -96  0
96  -58  -32  0
22  -67  43  0
-6  23  42  0
92  -14  -23  0
93  90  50  0
94  53  -15  0
-10  -83  -37  0
