c mkcnf random cnf with seed 44430, max clause length 3
c FORCED SATISFIABLE
c 
p cnf 100  430
-100  -73  -67  0
-56  16  -33  0
23  25  100  0
9  34  -58  0
44  4  34  0
-54  39  42  0
-15  73  32  0
-44  -9  -78  0
-86  78  68  0
53  -30  16  0
-40  62  100  0
-3  -15  2  0
30  89  20  0
60  45  18  0
-66  90  67  0
17  -41  -98  0
-53  -13  -83  0
-72  73  -21  0
-7  -20  99  0
-88  47  93  0
93  -23  49  0
-59  62  -24  0
26  -29  49  0
28  -72  -77  0
-27  -43  31  0
76  -69  -14  0
54  21  -69  0
-14  68  13  0
-50  66  -48  0
39  16  55  0
36  60  45  0
89  -25  -19  0
-59  -25  34  0
-62  -88  87  0
27  -45  66  0
-71  -33  -64  0
-81  64  22  0
-48  -22  56  0
-20  86  57  0
-37  -67  65  0
-42  38  85  0
-77  79  73  0
53  25  -39  0
41  -46  -35  0
3  -35  -46  0
4  -8  80  0
-22  -86  -36  0
63  -40  -48  0
63  73  -98  0
-49  17  24  0
96  99  4  0
30  89  79  0
7  -25  75  0
95  -17  -40  0
27  73  77  0
-70  42  92  0
80  -5  -67  0
41  -17  59  0
-88  48  -79  0
36  91  94  0
-14  -97  -39  0
67  39  36  0
-75  95  39  0
-65  -32  -30  0
-26  -31  -52  0
43  -90  -24  0
-68  75  95  0
17  23  -94  0
-84  7  67  0
-22  59  -14  0
-12  99  91  0
46  -19  -60  0
-71  -42  -3  0
95  -65  37  0
76  100  34  0
21  -77  78  0
-46  14  74  0
-89  56  95  0
85  79  -88  0
90  48  34  0
79  37  29  0
-41  82  13  0
-9  -80  -59  0
-58  71  72  0
99  68  43  0
84  -70  -92  0
49  51  -23  0
-15  78  -43  0
45  28  26  0
-33  -19  -66  0
14  1  -89  0
-50  38  44  0
-73  16  60  0
63  -29  -13  0
-39  -71  34  0
-1  -26  5  0
8  -17  84  0
7  -14  -80  0
-43  31  65  0
100  45  -62  0
-21  76  40  0
20  -54  -10  0
-4  92  69  0
-18  -50  -92  0
11  -22  -39  0
41  9  -38  0
77  -28  -75  0
9  35  -43  0
-64  -97  -96  0
-73  -67  50  0
-55  -78  87  0
36  37  -18  0
-70  87  -77  0
-79  -32  94  0
43  84  -78  0
86  9  -95  0
11  50  -68  0
22  -94  -81  0
16  72  -59  0
21  15  98  0
7  47  66  0
53  75  79  0
-54  10  -68  0
85  51  -12  0
-65  -46  -68  0
25  21  -88  0
62  -68  64  0
-8  98  15  0
-98  69  -87  0
-7  93  30  0
-66  46  50  0
69  -17  93  0
78  -47  -25  0
59  -47  -79  0
-10  52  -14  0
94  -52  -19  0
-59  -63  -21  0
6  4  -9  0
2  -12  -4  0
9  -24  -7  0
1  -35  100  0
-87  70  -33  0
9  -1  78  0
-64  -39  46  0
95  83  -50  0
-76  5  25  0
89  53  -33  0
-39  -31  59  0
-61  46  -78  0
39  71  -93  0
48  24  31  0
95  -40  -14  0
39  65  95  0
-33  -95  -98  0
-50  70  90  0
16  88  -100  0
23  71  67  0
59  -6  65  0
23  -20  76  0
-58  -17  10  0
-88  -53  15  0
-9  28  -37  0
97  -18  -91  0
63  52  -16  0
-1  24  -61  0
44  13  -25  0
-42  -59  -30  0
-77  72  59  0
15  -12  32  0
72  27  -91  0
4  2  -90  0
-21  -28  -11  0
63  19  54  0
-75  56  79  0
-55  -5  -83  0
-44  -58  -92  0
-62  60  38  0
33  -39  -21  0
70  -36  1  0
45  34  -64  0
-21  -54  -73  0
43  -36  -21  0
26  76  -80  0
54  -77  -29  0
-89  90  -94  0
-37  74  -25  0
20  -85  -46  0
50  60  52  0
12  43  73  0
-87  -70  29  0
23  -37  -92  0
55  -26  31  0
-94  65  46  0
-93  47  -36  0
-49  -26  69  0
8  -91  56  0
-62  -69  -9  0
75  71  -47  0
58  -75  -84  0
-18  -70  -85  0
93  48  -38  0
63  25  -81  0
95  12  -45  0
48  -14  43  0
-13  -98  -17  0
12  86  82  0
-20  -6  13  0
62  19  -100  0
-17  13  -33  0
-26  25  -76  0
-2  70  -49  0
-18  -87  64  0
-75  14  76  0
-7  73  19  0
-64  -86  3  0
-65  96  74  0
-49  -40  -72  0
59  64  65  0
47  -41  77  0
-22  -90  63  0
82  97  -31  0
-6  -5  -34  0
30  7  26  0
33  100  -86  0
-70  99  -46  0
2  33  64  0
-93  -67  -96  0
-38  -100  17  0
8  33  66  0
52  -8  -41  0
-22  17  -18  0
-68  -98  -46  0
80  -42  -61  0
-73  -89  21  0
-5  43  40  0
-4  -85  -28  0
16  -85  27  0
32  48  -29  0
96  87  81  0
74  -60  -38  0
8  34  71  0
-49  76  74  0
-42  55  -12  0
-59  85  -99  0
-44  8  -40  0
-27  -99  -93  0
30  -18  53  0
38  55  88  0
-96  61  16  0
-29  -34  -89  0
-42  -15  -34  0
-5  -99  -1  0
97  5  6  0
61  13  -90  0
-29  10  32  0
-52  38  55  0
91  -97  -64  0
-17  -29  -40  0
-39  -13  -33  0
-66  -92  22  0
-27  -46  98  0
-85  -74  -1  0
58  43  47  0
33  59  94  0
-37  60  79  0
-78  -94  -97  0
-27  89  92  0
80  61  -22  0
-36  -26  -19  0
48  -55  73  0
44  -57  90  0
-9  81  -34  0
-29  -46  23  0
22  -29  -26  0
-70  -92  7  0
-45  -38  -30  0
57  20  64  0
-27  6  -72  0
93  63  85  0
69  56  83  0
-56  -87  48  0
-65  62  -28  0
-7  65  37  0
-14  -71  99  0
-23  -53  16  0
55  49  -89  0
53  -84  99  0
56  57  41  0
-78  38  33  0
82  -28  71  0
-65  35  -81  0
-73  11  14  0
55  14  -31  0
-2  -36  34  0
96  78  -54  0
72  -70  -62  0
70  15  65  0
7  36  -4  0
83  73  13  0
-66  71  -23  0
82  88  -74  0
67  1  -91  0
-64  66  75  0
-9  57  70  0
85  58  -67  0
37  93  -32  0
-82  74  56  0
19  -48  -36  0
-77  -21  5  0
-47  -45  32  0
-96  20  36  0
42  -57  34  0
-75  -72  62  0
81  -56  -87  0
58  27  20  0
75  76  62  0
93  -87  -84  0
-85  -47  97  0
59  87  21  0
23  -82  52  0
87  -88  77  0
84  -31  -42  0
59  -46  36  0
81  -2  -84  0
61  12  43  0
-98  -90  75  0
-90  -76  -71  0
-77  2  73  0
-28  -97  -47  0
73  60  -63  0
36  -7  23  0
92  24  -14  0
-70  -3  22  0
-73  -5  12  0
30  57  -50  0
61  66  -86  0
21  -75  77  0
-50  86  -18  0
-28  -95  48  0
47  -33  1  0
87  71  80  0
17  2  1  0
92  -53  -97  0
-2  92  6  0
30  99  42  0
-80  -81  85  0
44  -64  -32  0
27  38  65  0
-55  81  83  0
39  -35  34  0
68  -39  -60  0
-79  -55  77  0
-8  73  71  0
13  16  71  0
69  17  -25  0
-24  31  9  0
-100  -23  35  0
78  55  -33  0
96  17  -13  0
9  -98  -85  0
69  -5  -94  0
-74  -38  25  0
43  -19  -15  0
-9  3  70  0
-48  -6  -29  0
81  -36  79  0
-1  35  94  0
-95  -75  36  0
57  -60  -66  0
-52  85  -4  0
-3  -72  56  0
-54  36  82  0
40  95  1  0
100  -26  23  0
40  5  36  0
-42  43  11  0
-72  29  -2  0
-16  86  84  0
98  -47  -50  0
34  -42  31  0
-95  -87  96  0
-40  82  -85  0
-69  -72  42  0
-10  83  -93  0
57  4  -12  0
85  93  58  0
-83  -80  -95  0
-43  67  -27  0
-72  -43  -35  0
-71  61  -90  0
-1  76  -98  0
-5  -82  -66  0
12  87  -45  0
-67  11  -91  0
-34  31  74  0
57  9  68  0
86  93  2  0
-24  -20  19  0
34  29  32  0
-52  1  57  0
-44  6  11  0
85  8  77  0
55  -75  -28  0
69  62  -75  0
95  -84  -20  0
-92  -37  -44  0
68  8  -46  0
-34  -27  -41  0
-7  -79  -15  0
-35  -94  12  0
-21  56  -49  0
18  90  -80  0
4  16  -87  0
-35  -48  -29  0
36  31  -91  0
85  47  84  0
-65  -83  -59  0
68  -73  -8  0
-32  25  -65  0
88  69  61  0
-36  -53  -72  0
-87  5  45  0
12  35  -30  0
-2  21  -9  0
78  47  6  0
-94  -27  63  0
21  -86  82  0
47  26  -71  0
98  -3  -76  0
-75  54  -42  0
