c mkcnf random cnf with seed 44456, max clause length 3
c FORCED SATISFIABLE
c 
p cnf 100  430
91  -50  -20  0
-31  60  59  0
25  -96  -77  0
-27  -75  70  0
-82  -6  -35  0
89  -33  74  0
98  -35  25  0
46  -47  -36  0
-36  -73  -66  0
95  -75  32  0
-68  33  56  0
4  100  -38  0
77  37  29  0
-44  59  91  0
-8  31  84  0
64  6  48  0
-69  -20  52  0
79  32  -85  0
18  35  -13  0
44  -6  -94  0
-73  -70  27  0
-89  -80  90  0
-38  -89  -11  0
-28  15  40  0
20  38  -49  0
-80  82  90  0
-63  27  -2  0
-9  89  -82  0
-33  55  -41  0
-56  7  -8  0
50  -59  61  0
-63  -57  -4  0
-25  12  -41  0
51  -26  55  0
-2  -69  81  0
-41  83  -64  0
55  -79  -70  0
47  -42  27  0
54  -68  5  0
58  -80  -72  0
45  -22  34  0
-26  56  23  0
-41  89  13  0
-68  -72  -28  0
87  -68  31  0
-54  -23  -9  0
71  52  5  0
-83  -99  75  0
47  -80  -91  0
33  -20  -99  0
-34  49  38  0
62  -23  -17  0
-81  63  72  0
-64  -2  -85  0
69  20  52  0
-45  1  97  0
62  -93  -21  0
-42  36  -15  0
35  -51  10  0
100  58  49  0
-88  60  59  0
-86  -15  -90  0
-46  -67  50  0
23  -32  37  0
62  69  -58  0
-54  -3  -42  0
52  -24  41  0
-29  81  -97  0
4  67  29  0
-40  -70  53  0
90  -47  -27  0
58  92  -29  0
85  -82  -29  0
-29  -16  13  0
47  -93  79  0
64  -48  32  0
70  -95  23  0
40  -94  36  0
82  -26  -61  0
70  16  57  0
-87  21  70  0
89  -56  -90  0
29  -16  10  0
93  84  11  0
88  5  -26  0
76  -38  18  0
-89  -95  2  0
63  27  4  0
-47  56  8  0
-98  -8  4  0
22  -36  71  0
-51  -50  37  0
96  26  94  0
12  4  19  0
-56  10  -77  0
-43  86  -20  0
89  -91  -48  0
20  -89  -80  0
-50  -16  -86  0
-53  92  23  0
70  25  57  0
27  33  -6  0
61  18  -84  0
87  78  -2  0
-16  -68  26  0
-96  54  79  0
-64  40  -45  0
59  30  -71  0
-38  36  -45  0
-44  26  79  0
-99  -90  -82  0
-47  43  99  0
-91  52  -56  0
-10  5  71  0
-73  54  57  0
-12  -53  7  0
-62  -2  -54  0
91  83  12  0
-97  52  71  0
18  -79  61  0
84  99  1  0
-30  17  -50  0
56  13  84  0
46  88  -89  0
-83  -33  88  0
7  -64  -33  0
-98  -80  26  0
77  40  -91  0
98  75  -5  0
-45  -7  88  0
61  -93  -5  0
-57  -83  88  0
11  38  -93  0
52  -41  14  0
95  56  -4  0
-27  -61  47  0
-60  33  53  0
-85  -50  -24  0
-27  -73  1  0
-12  43  -27  0
-56  -9  -27  0
50  -14  85  0
9  79  62  0
17  -41  65  0
-52  16  -37  0
-69  4  7  0
-52  -2  20  0
96  -59  7  0
-87  -40  82  0
4  38  -14  0
-46  -73  -61  0
31  -21  95  0
-11  66  22  0
28  -53  -38  0
-13  37  -44  0
7  -18  -81  0
-51  65  -49  0
-19  9  -56  0
-67  75  9  0
-71  81  39  0
60  13  -96  0
-85  -15  -20  0
-1  78  42  0
-3  15  7  0
88  -13  45  0
-13  -1  -75  0
-74  -2  -61  0
-91  82  71  0
-63  32  47  0
40  -8  20  0
-65  41  17  0
70  -47  -89  0
-16  41  -67  0
-43  68  -42  0
98  -31  -60  0
56  -67  -81  0
33  -56  24  0
28  82  18  0
38  19  26  0
-96  74  63  0
-22  -6  61  0
-87  18  72  0
9  -36  84  0
-40  -96  -3  0
-48  90  -83  0
27  86  -72  0
38  -91  -55  0
-3  29  42  0
31  -12  -85  0
15  20  -7  0
-68  -8  76  0
-100  37  -29  0
96  97  -45  0
52  -19  -96  0
28  -48  47  0
28  -78  37  0
-7  47  29  0
77  -39  -17  0
-52  91  39  0
21  -80  -48  0
-62  -73  79  0
42  28  -36  0
-43  -16  59  0
51  40  38  0
-98  -96  -8  0
2  -19  1  0
83  -63  11  0
-44  -74  -24  0
50  -54  -35  0
9  10  17  0
65  63  -20  0
-27  70  -78  0
-97  -4  -39  0
12  94  -43  0
-40  -52  -60  0
-68  67  -86  0
34  14  55  0
68  67  92  0
-78  -63  3  0
59  -54  22  0
-62  -46  -14  0
24  85  -25  0
5  -31  -27  0
-6  -29  88  0
55  -34  91  0
-65  2  -32  0
-84  88  14  0
-15  -63  2  0
-75  -28  -23  0
73  -33  16  0
-32  61  -77  0
8  32  84  0
29  -34  -15  0
49  -60  -41  0
-97  -95  18  0
98  -62  50  0
-77  -49  -48  0
-72  80  9  0
-2  -31  -94  0
13  -85  -36  0
22  -21  -41  0
-53  -68  52  0
38  -63  -33  0
-2  -18  50  0
44  -67  19  0
66  92  35  0
-89  5  81  0
79  -28  57  0
8  -73  94  0
-25  31  85  0
23  -33  41  0
-57  26  -21  0
84  -18  46  0
80  -88  -27  0
65  -93  82  0
-66  83  -87  0
-64  -24  45  0
51  -34  54  0
-77  -64  -100  0
-97  -22  73  0
88  -54  56  0
-24  -32  -1  0
-15  57  62  0
-50  -16  -20  0
-14  84  -99  0
43  15  18  0
-64  -48  63  0
-81  97  34  0
21  42  -27  0
-75  24  89  0
21  -47  46  0
56  -70  -75  0
99  59  98  0
-25  -4  99  0
15  54  41  0
49  7  91  0
-94  83  45  0
-82  -41  81  0
63  -21  -29  0
-37  18  -32  0
-70  48  40  0
-12  10  32  0
90  -25  -95  0
-34  -98  42  0
-48  12  36  0
28  -22  -71  0
92  -69  -29  0
65  9  22  0
-81  -68  54  0
82  -10  87  0
-99  50  100  0
-19  -24  43  0
16  62  -15  0
9  46  26  0
-43  90  24  0
-59  21  -65  0
48  31  27  0
21  12  56  0
21  -46  -82  0
48  58  7  0
94  -78  -60  0
-50  -37  93  0
49  -61  8  0
-7  83  -56  0
-75  74  11  0
70  100  44  0
-42  63  -40  0
-98  93  -66  0
-34  -32  6  0
-13  23  74  0
67  -24  40  0
9  50  -59  0
-63  46  23  0
-80  -35  27  0
-50  85  -55  0
17  37  100  0
-82  72  61  0
95  3  29  0
97  91  78  0
100  -30  60  0
7  99  83  0
-62  75  70  0
-7  45  -76  0
-3  51  -9  0
48  1  60  0
95  92  -9  0
-16  53  5  0
-90  48  -37  0
84  -65  77  0
-79  -77  7  0
-17  94  56  0
-81  100  -33  0
59  31  26  0
49  56  -88  0
80  38  34  0
44  -94  -43  0
-80  21  44  0
-20  -54  3  0
-96  -32  10  0
92  -83  29  0
-77  -51  -3  0
-81  -27  74  0
100  -1  -49  0
10  20  6  0
74  -86  -29  0
-10  22  -100  0
-75  59  -78  0
-35  20  -56  0
34  74  -4  0
-65  95  -67  0
-55  -80  -9  0
-92  -57  -54  0
21  71  85  0
78  -60  4  0
33  -84  65  0
-2  -40  -13  0
60  80  88  0
23  14  -32  0
-10  -33  -76  0
-61  13  -34  0
-94  89  -33  0
-21  48  -10  0
55  4  -87  0
93  54  38  0
19  10  92  0
66  -47  -41  0
53  63  31  0
13  -5  -18  0
-3  -57  -49  0
-65  86  -84  0
-41  -26  -89  0
23  66  -30  0
71  -14  -12  0
-31  -12  -96  0
-36  96  81  0
-20  -75  37  0
48  -40  31  0
50  -65  78  0
13  -52  64  0
92  -66  64  0
-71  -78  -79  0
56  -1  88  0
64  -72  -42  0
37  -45  57  0
-44  78  49  0
-97  93  61  0
-21  -22  -49  0
-43  1  84  0
46  22  -80  0
38  -39  82  0
-86  -45  -60  0
63  41  5  0
-10  -89  -53  0
93  43  28  0
24  92  15  0
-19  -87  71  0
69  -24  -73  0
-26  -70  -85  0
-51  11  96  0
59  57  -64  0
-65  21  -49  0
54  12  32  0
-98  -24  99  0
-61  49  -12  0
-34  53  1  0
-45  -53  -17  0
-59  62  -28  0
79  92  83  0
46  -21  54  0
-65  67  25  0
88  87  -21  0
69  -13  -5  0
-28  -36  22  0
16  -49  7  0
-15  -95  -73  0
81  22  -70  0
78  -73  60  0
63  -25  -14  0
98  -91  60  0
-76  -70  -34  0
-98  -54  79  0
-80  -40  -47  0
87  -69  -89  0
-79  62  25  0
28  74  80  0
-36  39  50  0
-81  18  -90  0
16  11  -97  0
-47  -7  -70  0
-57  -52  -32  0
