c mkcnf random cnf with seed 44448, max clause length 3
c FORCED SATISFIABLE
c 
p cnf 100  430
71  88  -73  0
-54  -47  74  0
95  -29  -33  0
-25  85  -24  0
51  73  13  0
28  -33  73  0
78  2  50  0
-44  -61  -79  0
4  -82  81  0
3  -85  -20  0
-15  -40  -92  0
58  -63  -37  0
54  20  7  0
65  -19  40  0
-44  -89  92  0
12  -43  48  0
11  -4  48  0
-22  -86  -12  0
10  -36  -69  0
-29  9  -1  0
45  35  26  0
58  48  98  0
-14  4  42  0
40  34  -47  0
24  55  -7  0
-26  -14  97  0
-5  36  35  0
-81  -26  84  0
-56  23  40  0
32  -27  61  0
5  -52  -94  0
3  28  87  0
35  33  12  0
-20  10  -37  0
75  -19  47  0
45  -100  -67  0
70  -84  49  0
32  -51  60  0
-78  -42  97  0
48  53  -1  0
-62  19  49  0
-72  -46  -38  0
91  100  -98  0
8  -65  57  0
8  36  81  0
-16  56  47  0
62  -54  -92  0
69  -58  -83  0
59  80  44  0
45  51  -93  0
-36  -3  -9  0
-74  15  70  0
-6  86  74  0
47  -35  -69  0
-90  14  63  0
65  79  -48  0
76  -51  -91  0
53  77  -64  0
-90  -86  26  0
-29  93  35  0
72  -22  44  0
-68  53  57  0
-26  -35  25  0
77  -18  63  0
-78  -76  -42  0
-50  89  92  0
82  46  -40  0
64  -55  -98  0
61  29  2  0
-86  83  37  0
-20  74  -82  0
30  -65  62  0
34  49  77  0
-31  83  13  0
55  44  1  0
8  24  89  0
6  -2  -58  0
2  -98  -6  0
61  -82  24  0
-53  -64  37  0
-15  5  22  0
-91  62  61  0
-30  -16  -31  0
10  58  66  0
77  55  -90  0
-50  27  -63  0
91  -1  -31  0
90  97  79  0
60  28  100  0
-71  -36  64  0
-69  40  -20  0
29  48  -90  0
-97  -54  -80  0
62  -89  80  0
-25  -23  -46  0
68  -70  -38  0
-27  100  4  0
-60  -32  43  0
-57  99  88  0
-21  -2  62  0
46  75  31  0
70  -39  -12  0
-63  5  96  0
59  92  11  0
48  -24  60  0
24  56  -21  0
46  -57  13  0
30  80  -21  0
85  22  45  0
-12  76  -39  0
-36  40  -33  0
68  46  -99  0
-80  -77  31  0
-93  -57  -19  0
-20  58  78  0
-73  -54  -33  0
-73  74  54  0
-28  54  51  0
-86  1  95  0
-63  81  55  0
4  21  -31  0
-18  -94  39  0
-35  69  95  0
-46  41  38  0
25  96  -67  0
30  -15  -24  0
7  -46  84  0
70  -1  -99  0
-21  -12  87  0
74  61  45  0
33  31  21  0
-9  87  -17  0
-50  -37  20  0
-72  -100  -39  0
14  -92  80  0
92  -17  -38  0
95  74  93  0
-1  -39  -45  0
-60  -17  -57  0
-86  -38  -69  0
-32  80  33  0
16  54  -8  0
-46  -14  -51  0
39  -77  69  0
53  -47  -18  0
-57  12  -87  0
-25  -9  98  0
5  43  -97  0
35  69  70  0
46  -11  66  0
-31  99  43  0
60  -20  32  0
100  -28  99  0
-72  79  38  0
88  -91  -56  0
100  48  -62  0
60  74  -85  0
-73  76  75  0
80  -86  -48  0
-9  57  26  0
-46  -7  -11  0
-8  -1  -69  0
97  -28  88  0
85  60  -65  0
10  77  -1  0
-16  -45  87  0
93  40  5  0
7  40  -84  0
-75  63  87  0
3  -6  62  0
-16  24  77  0
43  -18  -34  0
67  -66  -39  0
7  75  84  0
-85  -50  -61  0
-18  -9  -70  0
48  12  32  0
10  87  58  0
-75  -34  -87  0
-23  45  -69  0
-86  -79  -11  0
-31  -88  71  0
32  -39  68  0
-94  29  85  0
1  97  51  0
-51  44  8  0
27  16  -32  0
92  12  78  0
67  -57  56  0
-38  13  60  0
-6  49  -82  0
-65  -26  -48  0
95  -28  87  0
35  13  -62  0
-81  -47  22  0
73  -27  -49  0
47  33  -100  0
24  50  1  0
-78  -58  -34  0
-19  11  -67  0
-34  13  94  0
87  -80  55  0
54  94  65  0
76  -65  -13  0
58  -20  -87  0
62  67  -53  0
68  11  -98  0
79  -4  -8  0
90  92  -84  0
86  61  22  0
-7  36  95  0
84  59  66  0
90  51  64  0
40  4  87  0
16  1  -52  0
-84  -49  -98  0
-36  -39  -69  0
-6  -31  -51  0
-41  -52  -27  0
15  18  -49  0
71  -68  -14  0
26  83  2  0
83  -64  -70  0
-34  84  69  0
-53  21  -14  0
52  -54  -55  0
-11  -10  -80  0
-71  -56  42  0
-47  58  13  0
-98  -42  -51  0
-64  75  34  0
-30  33  -67  0
-23  36  -14  0
-14  -10  -50  0
-65  -78  -84  0
85  -54  -14  0
89  87  97  0
57  -63  40  0
-31  78  60  0
-67  73  14  0
-66  11  -84  0
-66  -46  5  0
-3  76  77  0
-51  90  -27  0
-49  -44  88  0
25  -61  5  0
-13  -46  67  0
-38  -65  -53  0
-83  -63  -26  0
-69  -100  29  0
-16  60  -12  0
59  64  -81  0
74  35  10  0
-83  -2  14  0
-29  -4  -30  0
-37  95  -92  0
20  -17  -8  0
-66  -32  -53  0
59  54  -11  0
-23  -70  31  0
-35  78  -48  0
80  -32  -9  0
-16  -21  42  0
-100  40  -47  0
88  36  -19  0
80  46  -67  0
99  14  47  0
-33  27  -99  0
-7  -72  42  0
61  50  36  0
37  6  51  0
-86  -74  30  0
10  81  84  0
59  -22  -80  0
51  100  -24  0
91  27  -40  0
-26  -69  78  0
88  -91  -45  0
-33  26  65  0
47  79  -5  0
15  -85  41  0
-91  17  80  0
81  -51  -27  0
69  81  -61  0
65  -84  58  0
17  72  -62  0
-61  82  -9  0
-33  61  -75  0
-28  9  20  0
-98  45  68  0
-6  -39  -44  0
-43  -56  -4  0
-13  -6  -31  0
-92  84  10  0
-78  -99  46  0
96  -52  73  0
13  90  -34  0
96  57  45  0
-13  -65  96  0
-72  -25  78  0
-40  -84  12  0
20  -97  84  0
-19  -26  63  0
53  -63  -5  0
91  -64  12  0
-20  86  92  0
38  -92  -1  0
-32  -12  -55  0
82  2  -93  0
81  18  91  0
67  57  46  0
21  79  48  0
-30  -13  21  0
-12  92  -71  0
-4  -39  63  0
16  14  -91  0
48  76  -80  0
-92  -60  51  0
34  49  98  0
88  10  47  0
44  -55  75  0
17  3  -57  0
26  15  77  0
-5  9  46  0
66  -45  -2  0
-48  94  74  0
-48  6  61  0
-27  23  -73  0
7  -82  -83  0
2  40  5  0
-18  59  44  0
-94  66  67  0
-30  89  -22  0
-63  -76  -94  0
55  -33  84  0
-22  -10  -7  0
-95  85  -97  0
70  -48  66  0
-12  79  4  0
-52  81  16  0
77  -45  91  0
52  -90  -3  0
86  -57  89  0
-63  -89  -80  0
-4  -35  27  0
-12  -14  -62  0
-14  -61  -68  0
-23  77  -63  0
19  26  -68  0
-94  15  44  0
42  99  -52  0
-50  14  82  0
-52  -56  -57  0
-56  -100  -34  0
-2  16  -61  0
-20  -97  12  0
87  -77  19  0
-20  5  98  0
-43  59  60  0
41  -56  -1  0
-72  73  -46  0
14  27  3  0
36  -29  -12  0
-9  -11  -48  0
51  32  68  0
-65  93  81  0
-64  -45  -55  0
82  29  -53  0
25  51  -30  0
74  21  -64  0
-38  61  15  0
-10  42  6  0
-34  28  -11  0
-53  -22  68  0
-47  -14  8  0
66  37  67  0
100  -50  11  0
-98  -84  90  0
-71  -44  41  0
79  -89  87  0
-74  -95  65  0
-91  72  -76  0
12  -60  4  0
-60  -17  56  0
92  68  74  0
86  -23  -15  0
-83  5  -92  0
26  87  -89  0
59  38  -66  0
-77  32  63  0
30  -25  98  0
36  -19  -32  0
-39  -80  69  0
-85  62  29  0
14  69  40  0
-38  88  22  0
23  -47  -78  0
-16  -12  58  0
-82  -89  81  0
86  33  -5  0
-95  14  39  0
18  29  26  0
10  -31  4  0
56  79  -64  0
54  93  4  0
-29  -40  41  0
-40  4  77  0
-100  -90  3  0
-22  -39  75  0
10  -76  -86  0
-71  54  17  0
27  13  42  0
9  1  -79  0
93  27  99  0
-89  23  -61  0
84  -7  -59  0
40  81  -42  0
98  50  25  0
-100  58  64  0
44  -33  -68  0
69  2  -12  0
-73  58  64  0
-37  -95  -3  0
-78  -26  80  0
-74  -33  92  0
-32  92  -1  0
80  28  -61  0
-63  -16  96  0
-18  -38  -12  0
71  -88  89  0
