c mkcnf random cnf with seed 44442, max clause length 3
c FORCED SATISFIABLE
c 
p cnf 100  430
81  -16  38  0
21  37  -60  0
-20  -72  31  0
71  -95  55  0
-31  71  -64  0
-60  79  -73  0
-34  -23  19  0
91  -44  -100  0
67  -98  58  0
-10  -16  66  0
32  -89  -4  0
56  -89  -87  0
99  -86  -73  0
-72  -41  -64  0
75  -3  -79  0
80  -99  -76  0
77  42  48  0
55  64  73  0
73  44  -1  0
58  -32  56  0
-34  -41  69  0
-83  30  -77  0
55  22  56  0
74  -67  -63  0
-66  90  6  0
-44  36  -69  0
-9  5  100  0
-31  -65  -96  0
-26  70  -63  0
42  -20  -10  0
63  -76  -61  0
53  92  -11  0
17  75  62  0
-39  -90  36  0
28  47  83  0
-30  80  -45  0
46  60  84  0
-5  -91  15  0
53  -4  -74  0
46  38  -100  0
-29  -12  63  0
-23  58  77  0
59  11  -19  0
74  -13  66  0
30  77  33  0
-80  -14  -2  0
-53  62  -90  0
61  85  41  0
20  -39  -92  0
-95  88  -85  0
45  10  -68  0
29  -9  57  0
-87  5  22  0
77  -17  -16  0
8  62  47  0
-41  15  45  0
14  -2  -35  0
1  52  9  0
20  63  -60  0
-50  16  70  0
-78  66  -79  0
34  -39  -8  0
-59  -57  47  0
-90  35  57  0
-54  35  -40  0
-91  77  67  0
37  -13  49  0
87  -13  41  0
16  8  -9  0
-31  -80  23  0
-95  -86  -84  0
35  61  -21  0
-56  -20  -14  0
-52  -75  28  0
-95  -9  -56  0
-33  95  -15  0
-56  66  43  0
-38  41  21  0
-31  -100  24  0
-12  -80  -19  0
-49  63  -78  0
66  -43  39  0
-73  -37  67  0
98  64  -17  0
100  -64  -69  0
-21  -18  -12  0
-8  12  -21  0
27  -13  77  0
36  -76  34  0
-1  -37  49  0
-3  -69  46  0
87  61  80  0
13  -93  -97  0
-26  92  79  0
-64  20  28  0
70  61  13  0
-59  69  40  0
-97  -75  42  0
-88  7  14  0
-73  96  23  0
99  55  -62  0
68  56  -96  0
50  14  9  0
97  19  51  0
-18  5  11  0
31  83  -35  0
-94  -75  -73  0
-10  11  53  0
-15  -21  100  0
-59  85  97  0
53  -5  -96  0
-46  73  -12  0
-89  30  -65  0
21  -35  -65  0
3  72  35  0
-16  15  -39  0
-49  94  -25  0
-73  84  -24  0
69  23  90  0
10  -42  -21  0
-43  5  69  0
41  3  15  0
37  16  83  0
-87  -78  74  0
-18  -8  47  0
-55  30  33  0
76  -1  65  0
61  -81  -75  0
-52  31  -19  0
-24  -64  -46  0
64  -46  61  0
-37  -56  -97  0
11  -15  -29  0
-24  -92  82  0
63  -54  -61  0
39  19  -11  0
-30  22  -81  0
-83  -35  -69  0
15  90  96  0
-57  44  -10  0
65  68  -95  0
9  49  -46  0
-45  60  -30  0
-15  -77  -1  0
-83  56  -10  0
-39  -60  47  0
-96  100  -68  0
-86  21  -43  0
73  23  79  0
-90  82  -74  0
67  -13  29  0
52  62  -34  0
57  61  -18  0
-1  38  -35  0
-100  40  73  0
-34  -46  83  0
-4  -97  56  0
-42  -64  63  0
-93  54  78  0
86  98  30  0
-97  -93  90  0
54  -64  -88  0
-10  -66  18  0
79  52  66  0
-30  55  67  0
61  19  -4  0
-43  16  96  0
23  10  -61  0
-60  7  79  0
-29  -10  -42  0
63  96  88  0
28  23  -51  0
-97  -8  -57  0
80  51  -85  0
-82  73  -51  0
73  -32  -12  0
82  -63  -64  0
71  -39  24  0
-85  -65  96  0
-24  68  -77  0
-63  10  -13  0
30  -14  42  0
81  -32  -34  0
-4  81  -90  0
-97  17  -31  0
-29  -95  17  0
12  2  65  0
95  -50  -57  0
-36  33  -97  0
5  54  75  0
70  -43  -51  0
-83  -48  -23  0
-56  67  -44  0
94  -42  -78  0
47  -71  -58  0
-28  -23  97  0
24  68  71  0
-33  -88  -83  0
-58  -52  43  0
-61  11  100  0
88  10  -97  0
86  -36  -5  0
-85  63  -77  0
-92  21  12  0
-52  23  81  0
48  8  11  0
92  41  77  0
8  -79  -53  0
21  -58  -11  0
78  -68  81  0
20  79  93  0
-6  44  36  0
-49  -55  -31  0
63  -9  -36  0
83  -70  93  0
-66  -37  52  0
-14  -79  -71  0
77  28  99  0
-95  -21  86  0
45  36  85  0
11  -78  82  0
-27  -3  -48  0
86  90  -55  0
93  -88  5  0
-92  1  29  0
74  24  79  0
45  -83  -71  0
-68  -76  -95  0
-63  -70  42  0
23  31  -55  0
-1  -59  -36  0
-77  81  46  0
-54  -1  83  0
-37  19  -75  0
70  43  38  0
95  55  89  0
-52  -80  29  0
54  -3  84  0
-69  -76  41  0
57  -24  -81  0
80  10  42  0
-32  -23  28  0
-58  -8  1  0
27  -94  100  0
42  10  -76  0
-60  -29  52  0
-17  -44  -11  0
86  -41  9  0
-27  34  26  0
46  -28  -90  0
89  -62  -8  0
-24  -29  58  0
38  61  40  0
-56  43  61  0
97  37  96  0
-5  18  16  0
21  -31  -13  0
54  -97  84  0
-13  84  -32  0
4  -16  -29  0
44  99  -26  0
33  -36  24  0
4  10  2  0
-9  70  36  0
-26  33  -54  0
-29  -10  -59  0
25  -2  33  0
12  53  -100  0
-64  -67  96  0
5  89  13  0
-18  80  24  0
29  -11  93  0
33  99  -12  0
48  -68  -79  0
-26  -55  -42  0
-44  -33  74  0
-74  19  54  0
-53  -61  58  0
9  66  -92  0
-95  80  46  0
8  -85  81  0
-2  -51  26  0
15  -51  -83  0
-13  -25  -88  0
27  97  -41  0
-53  -36  -47  0
-57  60  42  0
25  -20  -7  0
68  20  94  0
-5  -79  -63  0
-29  74  -72  0
-44  -42  -99  0
-47  22  12  0
-30  85  -73  0
34  -28  88  0
11  -22  83  0
15  8  33  0
-27  -60  -80  0
81  -67  -45  0
92  -81  33  0
-45  -60  -97  0
-66  -9  -78  0
30  93  76  0
-30  -7  -74  0
-60  21  48  0
44  -10  17  0
61  -91  60  0
72  69  -91  0
1  90  2  0
-81  -19  59  0
-22  -67  50  0
28  -21  -65  0
46  50  -9  0
-72  -47  76  0
-18  -20  -51  0
-77  36  67  0
9  87  -10  0
-20  81  -86  0
55  -100  49  0
3  81  -72  0
33  40  43  0
91  -61  -88  0
-52  19  -96  0
-47  22  -3  0
-89  97  -43  0
71  -34  -36  0
86  -13  1  0
59  -77  98  0
-69  -64  -97  0
-40  -27  -15  0
-99  35  32  0
65  35  -54  0
84  -49  24  0
-67  15  79  0
41  69  -23  0
-44  -1  -62  0
-50  -94  -84  0
-40  22  -94  0
-17  94  15  0
39  -68  100  0
-55  -75  89  0
36  66  -14  0
49  -86  -77  0
11  -91  -20  0
38  83  -41  0
-52  43  -42  0
35  -94  -58  0
55  72  42  0
8  -30  6  0
62  -85  -50  0
-8  -45  12  0
-63  29  58  0
74  63  70  0
39  21  -49  0
-98  -1  82  0
-42  76  1  0
-26  90  -29  0
-16  -61  -33  0
-16  90  -73  0
15  -85  33  0
-61  -2  -30  0
-81  60  -66  0
8  43  -37  0
16  -10  -24  0
80  71  50  0
62  -9  98  0
-69  -26  -81  0
-11  28  32  0
22  -68  -38  0
29  20  -22  0
-99  -23  -49  0
56  -65  1  0
3  -70  100  0
86  -66  -80  0
14  89  85  0
96  21  80  0
-27  64  -19  0
36  -30  -78  0
41  81  -67  0
-70  -36  54  0
72  -27  33  0
11  -79  73  0
-7  -9  45  0
49  18  62  0
-84  -9  79  0
39  -46  -4  0
100  35  89  0
100  76  -21  0
-94  3  -29  0
-28  -25  -49  0
35  7  10  0
9  -21  82  0
-41  33  -17  0
-18  -93  4  0
-62  6  -49  0
-74  16  -94  0
-12  -60  -6  0
-37  -93  67  0
-4  -90  94  0
-71  85  72  0
70  -83  34  0
21  75  4  0
87  32  88  0
-20  -47  -95  0
-63  -83  55  0
-83  87  35  0
25  -98  48  0
-60  27  31  0
-96  -79  65  0
-63  20  -52  0
-84  79  99  0
-48  67  -84  0
95  25  72  0
-26  32  -24  0
-3  -47  -62  0
69  99  -40  0
-72  -78  47  0
-94  32  15  0
-54  -9  -38  0
63  27  40  0
54  15  -7  0
14  -62  -54  0
-17  -84  -34  0
16  -39  17  0
92  18  67  0
-11  31  9  0
22  25  -55  0
28  -48  -100  0
-18  -20  58  0
-85  19  18  0
