c mkcnf random cnf with seed 44447, max clause length 3
c FORCED SATISFIABLE
c 
p cnf 100  430
6  -43  -17  0
-61  -25  96  0
-91  74  -3  0
78  41  -25  0
-36  -42  79  0
-67  95  19  0
9  -80  60  0
-17  56  68  0
22  52  54  0
-33  46  97  0
64  17  -99  0
55  -48  -25  0
-85  -55  97  0
50  92  62  0
-32  84  -65  0
-23  -21  -30  0
71  97  2  0
-100  -7  51  0
-66  57  69  0
31  -67  -74  0
-87  68  18  0
47  96  13  0
-4  -57  -83  0
59  26  -55  0
-49  56  -83  0
5  53  25  0
26  35  7  0
28  59  43  0
21  95  -66  0
-26  85  -71  0
99  -89  14  0
32  -85  -56  0
-11  -47  -68  0
-36  -67  -6  0
-48  -89  -80  0
82  3  75  0
35  -29  -86  0
-55  29  25  0
96  -42  -43  0
55  -50  -66  0
-72  -99  12  0
-49  -15  74  0
-3  32  38  0
-47  1  78  0
71  72  24  0
11  13  98  0
87  29  -77  0
61  1  88  0
27  18  -75  0
7  -36  70  0
-11  53  80  0
18  89  -47  0
59  72  17  0
11  27  -3  0
-23  25  70  0
-76  46  3  0
-31  -94  -10  0
-98  41  49  0
42  1  -72  0
-75  -88  24  0
-25  51  -93  0
51  57  96  0
-17  -39  -8  0
62  -14  4  0
-14  -6  -4  0
21  -72  82  0
-40  -78  -61  0
-75  -36  -28  0
-93  88  89  0
71  -97  -89  0
-87  100  56  0
13  -4  1  0
8  -34  73  0
88  -77  96  0
37  1  76  0
40  -82  93  0
97  7  -95  0
-86  -13  10  0
-40  -11  58  0
88  -75  28  0
-8  -7  28  0
28  -84  26  0
-48  -30  -1  0
46  -50  51  0
-17  -48  -23  0
-20  -7  -10  0
-93  -85  -3  0
-94  77  75  0
28  87  75  0
97  3  -71  0
-42  26  -61  0
39  71  50  0
-86  23  -25  0
77  -31  86  0
-42  50  -72  0
-62  -93  -86  0
28  62  87  0
-89  69  95  0
20  -88  -21  0
13  -79  32  0
64  5  37  0
-31  -74  -19  0
-50  91  68  0
19  -55  -22  0
-55  88  48  0
63  -88  -17  0
5  27  58  0
61  -95  -73  0
-31  -8  -43  0
57  66  54  0
-17  -41  -46  0
32  64  -61  0
-57  -98  70  0
47  57  -27  0
-87  -68  -49  0
-68  13  -89  0
58  -20  62  0
-98  -46  -31  0
-39  -42  -21  0
-82  -37  19  0
24  73  -53  0
-79  36  -50  0
-28  -20  -77  0
-73  90  6  0
-26  6  77  0
-51  -3  -43  0
-94  -27  -96  0
63  76  -14  0
-34  36  -26  0
20  44  60  0
-80  19  23  0
-6  95  -44  0
-9  42  -7  0
-38  -74  -53  0
-75  -34  -76  0
18  4  -78  0
47  50  85  0
-59  22  -53  0
-93  -37  14  0
48  -64  65  0
-87  -42  -40  0
42  -51  -25  0
57  -98  50  0
-88  68  52  0
-7  -23  -57  0
11  -89  -100  0
-15  -93  -25  0
17  98  42  0
-39  31  54  0
98  -20  23  0
-18  -94  -30  0
27  -54  -64  0
70  -30  -36  0
20  -59  66  0
7  -13  -79  0
-30  -99  -4  0
32  36  88  0
3  52  67  0
52  60  62  0
22  -11  -34  0
62  61  -25  0
5  69  58  0
-24  -67  -56  0
-8  40  -12  0
28  56  -58  0
-43  -69  62  0
-35  -32  29  0
-29  -3  -46  0
62  -55  -15  0
-61  12  -16  0
-61  -88  -77  0
97  94  74  0
54  100  76  0
19  -26  -24  0
-19  -96  -31  0
-13  -43  77  0
-95  -38  -9  0
100  21  -36  0
-35  -73  41  0
19  96  66  0
4  -7  -45  0
-58  55  -74  0
78  58  -60  0
-42  -8  38  0
-100  -68  98  0
22  15  -52  0
60  -51  93  0
5  11  61  0
50  -11  48  0
-92  -36  -44  0
45  54  16  0
37  94  56  0
-72  9  -7  0
31  -35  -78  0
92  -91  -14  0
-87  43  91  0
-68  45  71  0
98  96  44  0
-87  26  75  0
76  43  -61  0
79  69  33  0
-41  48  -40  0
24  -25  67  0
98  80  97  0
-77  -14  33  0
-47  10  -95  0
-95  -39  90  0
65  47  -5  0
25  37  -40  0
-52  -39  85  0
-77  -10  23  0
78  -26  1  0
88  -38  97  0
33  37  -76  0
-50  12  -79  0
-50  37  34  0
-71  -32  54  0
-5  -2  75  0
27  41  39  0
-44  -99  42  0
34  -68  -31  0
-96  35  -40  0
56  -88  86  0
-13  9  -31  0
-18  -66  -19  0
-88  20  -12  0
-29  -87  17  0
-77  -99  -61  0
-51  88  47  0
92  -57  -100  0
72  75  92  0
-68  82  29  0
-97  -10  73  0
49  -18  -23  0
19  -39  -54  0
41  -20  42  0
-7  96  -6  0
61  81  -66  0
61  89  32  0
42  69  79  0
98  14  -39  0
83  -50  -59  0
77  -31  30  0
34  8  88  0
-33  -98  11  0
-31  -5  78  0
89  27  -26  0
-41  -84  70  0
-59  16  -39  0
99  -73  23  0
-96  -62  49  0
63  -57  21  0
-13  78  -4  0
-77  70  -79  0
68  -4  -42  0
56  13  -80  0
31  -16  9  0
86  65  52  0
64  -55  37  0
-45  74  86  0
-73  62  -12  0
-59  -40  -70  0
86  -60  26  0
-35  98  15  0
-91  85  -1  0
31  -27  -57  0
100  -66  87  0
-36  -98  95  0
-71  -79  -10  0
36  -90  42  0
-34  -93  -90  0
31  44  -92  0
5  49  -21  0
-100  -47  -20  0
-80  27  -58  0
74  29  -78  0
15  -41  80  0
6  -67  -90  0
24  -38  6  0
24  26  -67  0
46  -68  66  0
49  37  100  0
27  69  -99  0
53  -3  62  0
-41  36  45  0
-79  -67  52  0
-7  -82  -39  0
39  -64  -31  0
-46  44  64  0
-86  18  -17  0
27  -81  -23  0
-63  51  -65  0
-35  -26  1  0
91  -6  12  0
89  -2  -47  0
-63  -38  -75  0
-89  -5  -8  0
20  -79  -91  0
-38  -80  -84  0
21  40  56  0
72  2  52  0
36  -70  16  0
-95  58  -65  0
-38  63  92  0
-59  1  -24  0
67  72  -82  0
73  -67  -83  0
72  -81  63  0
54  68  25  0
70  -6  -57  0
21  -8  93  0
92  -88  -42  0
-68  -81  88  0
46  -91  -72  0
-25  -27  76  0
31  79  -27  0
-65  32  -78  0
21  50  -54  0
-59  85  25  0
27  10  -54  0
8  15  79  0
88  22  -23  0
-35  44  -63  0
-97  85  5  0
88  -45  81  0
-50  42  -66  0
89  76  -24  0
-71  -1  -33  0
-100  -63  -23  0
-24  -25  19  0
-23  -97  73  0
-75  24  52  0
-75  3  88  0
71  15  9  0
39  8  38  0
-87  -43  -64  0
-28  45  -14  0
-7  -52  34  0
10  -25  64  0
-34  -68  -4  0
-28  -31  -81  0
-95  4  46  0
-34  -37  92  0
5  -91  12  0
-80  -92  38  0
-54  -55  37  0
-62  87  -17  0
-75  31  -65  0
-19  69  -16  0
-90  22  -54  0
-62  89  86  0
32  -36  24  0
-43  74  76  0
79  -26  -76  0
2  -49  -12  0
-18  100  -63  0
22  -12  -64  0
-48  42  91  0
-84  32  67  0
-38  5  66  0
-64  28  27  0
-10  42  49  0
81  40  63  0
-92  86  -44  0
-83  88  98  0
15  -43  26  0
3  95  -89  0
68  -73  31  0
-48  -36  64  0
-90  75  -64  0
13  -2  -78  0
36  -34  -84  0
64  89  -94  0
-75  -63  64  0
68  96  23  0
-51  87  -50  0
-14  -5  -37  0
-4  94  88  0
-59  -18  -12  0
14  -32  15  0
57  99  -50  0
-68  89  9  0
30  -10  64  0
-37  85  40  0
-6  72  50  0
-69  -94  29  0
-84  78  79  0
-13  -23  57  0
33  16  -82  0
-86  -22  -21  0
85  4  89  0
-17  19  -67  0
-99  42  -7  0
-29  2  -100  0
29  88  23  0
-81  11  16  0
24  -76  -79  0
-40  15  35  0
3  9  50  0
54  5  -58  0
-55  -40  -65  0
-22  -61  -21  0
39  65  25  0
71  93  14  0
-7  -80  78  0
-56  87  -39  0
-91  82  51  0
-79  36  -56  0
39  40  53  0
-72  60  48  0
7  -85  43  0
56  30  -44  0
1  50  70  0
81  89  45  0
91  27  -31  0
-48  -42  -69  0
-24  72  -47  0
-65  -79  28  0
34  3  -79  0
-12  55  -59  0
-77  54  31  0
-25  -15  -55  0
58  33  -98  0
3  2  -66  0
-14  -9  -22  0
37  69  70  0
100  -72  47  0
-40  69  -95  0
-88  24  73  0
-71  -74  32  0
