c mkcnf random cnf with seed 44470, max clause length 3
c FORCED SATISFIABLE
c 
p cnf 100  430
2  -84  67  0
84  -57  86  0
19  -22  70  0
81  30  33  0
42  89  50  0
-49  94  77  0
2  84  97  0
-25  82  -57  0
-5  64  -50  0
-62  76  15  0
-29  93  -72  0
-78  18  -95  0
-50  -33  -54  0
59  26  44  0
87  -26  5  0
-23  93  56  0
-16  50  -96  0
-81  68  -76  0
36  17  32  0
-74  33  4  0
-6  -83  -35  0
-55  57  90  0
82  8  58  0
58  -34  -39  0
83  -36  -18  0
61  30  -58  0
44  80  -77  0
100  -53  -81  0
86  -20  84  0
23  -80  11  0
48  86  -98  0
-21  -48  59  0
75  -30  -62  0
34  66  35  0
-99  -30  39  0
-99  73  -10  0
-96  -11  9  0
92  77  -59  0
-64  7  12  0
-95  -76  -15  0
45  95  99  0
65  21  -55  0
-91  -75  59  0
-73  -4  69  0
-14  -95  61  0
-7  -43  49  0
-19  45  31  0
58  2  -87  0
-44  -61  51  0
-76  -81  16  0
5  -12  44  0
35  -77  22  0
85  -17  62  0
-43  -90  69  0
-78  -1  60  0
-69  -75  44  0
11  59  -51  0
80  -93  -83  0
65  -43  -72  0
-56  -99  62  0
-85  17  91  0
24  65  -99  0
-100  -92  56  0
31  63  88  0
17  -44  96  0
-5  60  -32  0
60  72  -68  0
8  -31  51  0
79  -35  34  0
-42  6  -10  0
85  -34  -92  0
-19  28  -35  0
26  17  64  0
76  21  -10  0
-5  -36  33  0
-38  -52  63  0
54  87  -61  0
84  -7  73  0
-65  -18  -86  0
-28  84  55  0
97  38  -46  0
5  38  -33  0
-24  30  -84  0
14  5  32  0
-54  -6  -88  0
87  1  18  0
-32  -29  -41  0
-49  67  79  0
25  -71  -9  0
47  -14  -19  0
5  -94  -80  0
98  86  16  0
92  -42  -11  0
61  65  40  0
21  11  -87  0
-33  42  -80  0
-70  3  -86  0
-72  100  -67  0
44  89  -78  0
-2  -32  9  0
54  58  -57  0
27  -89  4  0
-89  -92  64  0
51  21  -26  0
49  -96  21  0
-18  38  53  0
-13  -19  14  0
13  24  6  0
58  63  70  0
10  -59  35  0
57  41  -13  0
21  100  -54  0
8  -31  28  0
66  46  21  0
-24  -7  94  0
-7  -48  -61  0
-80  -87  85  0
17  77  35  0
1  79  -82  0
-77  -52  76  0
31  -11  -78  0
-6  87  -17  0
-75  -2  47  0
-74  2  -15  0
32  64  94  0
-16  43  29  0
-44  52  42  0
95  75  -14  0
-5  -73  28  0
89  92  2  0
89  10  16  0
-77  48  25  0
-51  98  -86  0
-98  -84  -73  0
-75  -48  -47  0
20  62  -61  0
73  -34  30  0
-88  82  48  0
97  -94  -3  0
-75  9  61  0
-2  -53  42  0
-74  38  10  0
-98  -77  69  0
-55  16  -38  0
-85  10  91  0
-58  -79  -88  0
44  -26  -86  0
6  21  -16  0
19  58  -93  0
-27  77  -24  0
10  25  16  0
-29  95  -44  0
86  4  30  0
51  96  -25  0
11  69  -10  0
56  58  -32  0
79  10  81  0
28  95  7  0
-88  33  -68  0
-22  29  -12  0
-58  -35  -24  0
-100  64  -44  0
48  -25  -93  0
-33  10  -97  0
-88  -89  -22  0
33  -58  -89  0
19  -18  16  0
14  -57  -93  0
99  -73  -94  0
41  -49  71  0
-14  79  33  0
26  -19  22  0
78  -61  82  0
52  -60  51  0
71  64  -32  0
-2  -40  -99  0
-23  76  -45  0
-23  -54  -57  0
6  67  14  0
62  63  81  0
-22  -49  -89  0
-94  -56  -77  0
17  38  -64  0
-15  9  -69  0
11  14  -38  0
-1  -3  48  0
37  -3  -90  0
-77  -14  -90  0
-43  -3  -33  0
-6  11  -27  0
83  56  36  0
-1  -82  -47  0
-46  71  95  0
54  55  -16  0
-50  -45  -33  0
-7  78  71  0
-13  -37  -88  0
-45  76  -32  0
-68  43  25  0
-57  82  -18  0
-61  77  -71  0
-79  96  41  0
18  64  -16  0
95  -91  36  0
59  -23  36  0
68  55  -31  0
-54  22  -10  0
-93  -6  -51  0
51  -55  -38  0
85  60  -71  0
39  -57  -82  0
-33  -12  66  0
-88  -68  48  0
87  -85  -43  0
-30  72  24  0
-54  -87  10  0
-71  14  -16  0
2  88  -74  0
-48  -35  -25  0
-96  -78  45  0
-40  -23  -66  0
-61  -93  34  0
100  -21  67  0
72  -33  47  0
-55  54  89  0
82  11  -63  0
94  34  -13  0
-41  22  8  0
73  15  -42  0
60  -89  69  0
-100  68  18  0
-32  -47  78  0
11  90  -43  0
20  30  66  0
17  -33  -83  0
-92  14  37  0
94  -66  -48  0
90  38  71  0
-18  -32  7  0
81  77  -97  0
-51  -60  -83  0
20  -35  -87  0
57  70  -46  0
87  89  73  0
49  29  -96  0
82  33  -84  0
4  85  82  0
-7  51  97  0
36  -83  9  0
88  27  -78  0
79  8  15  0
35  -52  55  0
41  30  -20  0
27  56  93  0
18  47  -70  0
-35  -20  51  0
56  81  85  0
-15  -11  -35  0
-81  80  -82  0
81  -58  -69  0
-57  -10  93  0
18  14  11  0
26  -3  -90  0
-94  80  -6  0
-3  39  44  0
21  -20  -35  0
-3  -50  -68  0
55  -88  54  0
-30  37  -94  0
-70  -59  -16  0
-88  -78  51  0
44  -86  -55  0
27  -72  37  0
76  86  25  0
76  -93  14  0
52  54  67  0
-7  -99  -91  0
-89  -81  -39  0
33  59  64  0
-40  -7  -47  0
70  -78  -41  0
-19  -65  -56  0
44  28  -85  0
60  -56  -45  0
70  -36  -69  0
-72  -9  73  0
-59  -10  51  0
-34  49  -93  0
57  -19  26  0
-90  17  -39  0
28  82  20  0
45  62  7  0
-46  12  -25  0
17  -67  72  0
72  -1  45  0
63  79  -1  0
-28  38  -51  0
14  51  81  0
4  12  -19  0
-32  -7  56  0
-37  -78  -53  0
20  1  23  0
-65  -34  -53  0
-41  98  -68  0
-28  -25  -36  0
73  -32  -31  0
78  -53  19  0
-86  85  -64  0
5  26  -59  0
39  -71  57  0
23  46  72  0
-55  -41  17  0
-22  1  -39  0
-48  -53  94  0
45  -12  63  0
-87  71  25  0
54  43  -36  0
-63  -82  38  0
-97  -1  -25  0
-62  55  28  0
-40  75  64  0
1  53  40  0
49  88  -100  0
67  -33  -54  0
37  -98  35  0
-75  -39  90  0
-97  46  4  0
69  95  6  0
57  79  -29  0
-16  70  -69  0
-20  -16  77  0
1  26  88  0
-46  -12  -85  0
-13  49  -98  0
21  63  -72  0
-78  72  -3  0
24  -82  -1  0
1  14  -21  0
18  -43  -33  0
32  -28  29  0
16  -13  25  0
-39  -11  -46  0
-42  76  -22  0
-32  -48  -99  0
4  97  1  0
-47  77  12  0
52  -55  -89  0
53  70  80  0
24  -61  9  0
-12  93  -18  0
-66  -15  52  0
-8  -4  -98  0
-52  -81  68  0
-4  45  -39  0
3  -51  -32  0
70  -80  -72  0
-66  46  -90  0
-67  51  -40  0
96  12  79  0
22  -83  -88  0
-59  -43  -30  0
-69  -52  27  0
-1  16  -51  0
-87  -69  46  0
76  19  5  0
-65  98  -67  0
-38  -77  -28  0
78  88  51  0
86  -42  -85  0
84  -79  2  0
70  -31  -10  0
27  82  -28  0
79  21  38  0
-6  16  81  0
11  -51  71  0
-6  87  43  0
-79  -26  85  0
-40  50  86  0
97  59  95  0
-57  67  -17  0
90  -15  75  0
-49  -22  63  0
10  -99  37  0
-43  30  96  0
-26  86  46  0
31  -68  -38  0
51  88  1  0
38  69  78  0
-4  49  -81  0
30  37  10  0
-55  -36  -29  0
80  -81  91  0
-19  40  66  0
83  36  23  0
-84  -91  -88  0
13  -56  95  0
-4  -27  -88  0
-53  88  -13  0
69  -66  -50  0
42  31  -39  0
-68  61  41  0
-30  63  -93  0
-38  87  97  0
57  -34  -37  0
-46  64  70  0
39  -12  -31  0
97  -35  -24  0
81  -10  -43  0
-3  -49  16  0
19  -92  10  0
53  32  36  0
53  -25  63  0
57  39  -86  0
-97  13  35  0
66  57  5  0
45  19  50  0
-78  -50  9  0
-49  -67  -32  0
-25  -100  -23  0
67  36  34  0
-45  -30  -22  0
-26  10  -19  0
25  23  -58  0
-25  75  -37  0
-48  -79  -82  0
-57  37  -76  0
97  -92  80  0
81  76  -78  0
23  47  -30  0
43  49  -31  0
