c mkcnf random cnf with seed 44441, max clause length 3
c FORCED SATISFIABLE
c 
p cnf 100  430
-16  71  -82  0
99  -85  74  0
-89  95  52  0
12  -38  -51  0
-85  -12  22  0
61  -80  33  0
71  -30  -91  0
73  -56  99  0
8  -86  -22  0
43  -26  91  0
51  -26  50  0
61  -21  -70  0
45  86  71  0
17  -75  -85  0
37  -19  -67  0
32  81  14  0
44  -18  -12  0
27  67  -46  0
-100  -51  -80  0
-54  86  -89  0
25  3  -89  0
-9  -62  78  0
42  40  -50  0
30  62  56  0
33  -10  99  0
84  -81  62  0
56  -80  -76  0
37  30  99  0
95  -93  -10  0
-15  32  82  0
-7  91  12  0
72  38  39  0
-95  -31  29  0
64  34  94  0
4  41  59  0
-48  30  -50  0
-95  -71  59  0
-9  -49  -55  0
-71  -23  -34  0
-28  -61  -12  0
-99  -19  86  0
65  -10  -14  0
35  57  12  0
26  -62  78  0
-18  -52  -44  0
-40  -4  19  0
70  -78  -85  0
84  56  -63  0
1  -4  46  0
47  31  93  0
-10  -39  -72  0
13  95  75  0
-47  -33  43  0
-7  98  -34  0
-71  53  -57  0
-89  -45  44  0
-18  -55  -66  0
-65  -81  -13  0
-53  -35  23  0
-36  78  81  0
-63  18  -64  0
-68  53  93  0
31  78  -83  0
-68  26  29  0
-73  -95  70  0
-96  -59  -23  0
-77  89  -81  0
11  -21  81  0
-64  69  -13  0
-95  63  48  0
-70  59  -29  0
-52  10  32  0
-76  63  56  0
32  5  -22  0
-13  -74  19  0
70  -12  72  0
15  86  83  0
18  -47  -73  0
46  -11  -32  0
-12  24  -92  0
42  63  93  0
-29  -27  74  0
43  100  6  0
-8  -69  84  0
-69  -29  99  0
98  -9  -71  0
-38  76  -56  0
-23  -4  55  0
-2  97  86  0
-57  -26  40  0
60  4  -78  0
88  62  -37  0
-49  18  55  0
-76  66  12  0
-35  -58  -42  0
18  68  -99  0
-40  -31  82  0
-49  68  -70  0
66  73  -4  0
87  -27  41  0
-34  63  86  0
96  -95  -13  0
-45  97  -19  0
78  1  -2  0
-67  -85  98  0
-55  -45  92  0
45  -11  29  0
57  47  -42  0
100  68  -27  0
23  39  -15  0
91  -85  -58  0
-55  36  24  0
-100  42  -5  0
72  -8  87  0
-82  -71  63  0
-14  30  -16  0
54  -36  63  0
3  -11  83  0
-30  -34  -63  0
39  47  -34  0
-3  -75  -28  0
13  91  -33  0
8  65  -41  0
11  -98  -4  0
-85  -80  96  0
42  -89  94  0
-90  2  29  0
-75  82  70  0
93  -2  50  0
-90  57  28  0
92  57  -99  0
-57  -13  63  0
73  -13  60  0
71  51  -98  0
20  -35  87  0
69  -61  21  0
-94  -41  22  0
-82  -33  60  0
35  74  38  0
31  -25  97  0
83  -97  55  0
13  -33  -48  0
-45  91  4  0
78  73  82  0
93  -33  -9  0
-18  78  57  0
4  93  -79  0
-71  52  -57  0
-84  -26  10  0
-49  28  85  0
-48  90  -44  0
80  -84  13  0
43  57  53  0
65  -94  -36  0
90  59  -62  0
3  -32  98  0
55  -34  -85  0
92  16  38  0
-36  64  -48  0
61  -79  -85  0
-71  51  59  0
75  4  -13  0
-85  -54  30  0
4  35  -17  0
72  -73  10  0
8  -53  -17  0
97  -75  -9  0
88  -40  11  0
-71  -24  -88  0
93  -77  17  0
-65  -95  82  0
27  58  82  0
-29  -8  -75  0
-97  48  -64  0
87  14  -35  0
98  82  20  0
77  3  28  0
-77  -28  13  0
18  -47  6  0
91  49  -99  0
-26  25  -13  0
-29  -44  45  0
45  22  -55  0
-24  -40  -87  0
-97  32  95  0
87  -96  30  0
84  -76  100  0
9  -21  -89  0
30  -99  -97  0
35  -79  64  0
85  -1  40  0
3  -41  -27  0
75  69  -1  0
94  75  62  0
96  -75  -66  0
-97  91  58  0
-4  10  -37  0
41  -14  45  0
-1  -58  28  0
-57  -34  67  0
-10  -20  40  0
82  78  -96  0
-59  94  -84  0
-77  3  -53  0
37  -91  33  0
-6  -41  54  0
21  10  40  0
54  -60  46  0
-33  98  92  0
-22  73  100  0
99  17  49  0
-53  48  -88  0
-57  -50  -97  0
100  -45  -75  0
46  49  -31  0
56  55  6  0
55  -26  37  0
16  -53  -24  0
-27  86  -68  0
91  60  -76  0
79  63  30  0
-4  -43  75  0
45  -8  -30  0
13  74  -64  0
-15  6  -16  0
-47  65  -73  0
-18  -52  -32  0
35  -4  -66  0
-15  72  19  0
-30  12  -16  0
-20  11  -57  0
-45  -95  -6  0
-75  27  62  0
69  9  26  0
61  26  -67  0
85  -24  22  0
-50  -30  -87  0
64  41  -25  0
-69  3  -74  0
-97  -65  -74  0
88  47  -48  0
-94  45  62  0
-73  -55  41  0
-47  -54  -83  0
2  -63  7  0
-48  9  -90  0
75  74  -31  0
-29  -53  -14  0
-96  3  -2  0
-62  5  85  0
78  -66  -32  0
30  -83  -38  0
6  83  79  0
34  -83  92  0
-54  -53  -78  0
68  97  53  0
46  11  -52  0
-67  -53  -91  0
-47  -6  48  0
36  43  -68  0
-60  -17  -68  0
-42  -92  94  0
-45  -67  77  0
56  -61  -70  0
-89  -27  -97  0
-29  -33  49  0
-29  12  36  0
-60  76  -28  0
-57  56  -37  0
-35  55  -39  0
-43  75  -37  0
80  -1  55  0
73  -100  -92  0
95  -34  44  0
-21  10  94  0
-97  -79  -32  0
53  98  17  0
-39  -58  -100  0
60  4  -58  0
57  -86  91  0
85  -32  99  0
35  10  3  0
-45  -76  90  0
-3  -55  22  0
42  75  -22  0
-80  92  69  0
-62  -30  -52  0
71  -23  -32  0
-72  -40  -86  0
-65  11  -17  0
-4  40  -46  0
-92  -1  -36  0
21  -88  -30  0
1  50  33  0
-41  37  97  0
-55  53  6  0
-35  -89  1  0
-12  -60  66  0
-50  -29  -86  0
47  -31  46  0
-80  72  -60  0
66  -58  -93  0
-44  8  -16  0
24  5  -15  0
84  -99  -31  0
25  -70  37  0
37  56  4  0
-19  12  22  0
24  -61  20  0
-29  91  -93  0
-8  44  -18  0
2  -48  -69  0
72  55  -6  0
42  58  31  0
36  42  -71  0
15  -56  -4  0
59  60  -84  0
-99  4  -95  0
-22  79  94  0
-76  -15  68  0
-3  -76  22  0
-21  27  69  0
40  96  -71  0
-81  -12  64  0
9  59  -7  0
13  88  97  0
80  19  -17  0
-89  27  -49  0
51  -60  62  0
59  -72  22  0
10  49  42  0
-84  -13  -36  0
-98  -47  68  0
82  52  -2  0
-44  100  70  0
25  45  23  0
78  2  -36  0
15  -81  71  0
-46  65  39  0
-68  -91  -48  0
-43  -35  -21  0
-89  -35  48  0
-81  -25  74  0
-4  -77  -88  0
36  -7  53  0
-3  -44  11  0
59  19  24  0
-19  18  86  0
-44  69  20  0
-70  -96  -42  0
87  50  15  0
-33  -89  -96  0
-92  -69  91  0
42  -45  -65  0
-48  -38  -5  0
48  51  56  0
3  -63  22  0
-40  -19  -71  0
95  13  -42  0
41  -89  95  0
-5  93  9  0
-86  -70  62  0
-27  4  -28  0
92  -4  96  0
12  -60  41  0
63  -85  -73  0
24  90  70  0
-68  70  92  0
-50  38  -91  0
-22  -60  14  0
28  34  10  0
49  -9  -23  0
-18  -36  -22  0
-53  18  8  0
-72  -69  68  0
30  91  78  0
76  85  -22  0
81  25  -100  0
-70  -27  33  0
-92  93  71  0
-8  -7  4  0
-4  -14  -43  0
87  56  64  0
18  -23  -74  0
-83  88  79  0
5  57  8  0
-19  10  -5  0
-45  85  -8  0
61  -46  -84  0
-46  49  -55  0
8  31  95  0
95  -66  -86  0
-36  -25  5  0
18  78  -28  0
59  14  65  0
19  -88  -38  0
-56  -65  -11  0
-76  86  -57  0
44  -83  70  0
2  32  88  0
75  -59  60  0
-2  73  92  0
99  48  -7  0
-27  96  -13  0
8  83  50  0
60  11  94  0
-80  100  36  0
-40  -19  69  0
29  -86  -20  0
-53  92  50  0
68  81  30  0
-15  63  59  0
72  49  -89  0
-99  -94  -51  0
10  18  -17  0
9  -15  31  0
-65  29  -31  0
-77  49  -81  0
7  -94  -95  0
13  85  1  0
-9  -43  47  0
-20  60  -42  0
98  22  -34  0
-76  70  45  0
1  77  96  0
-50  -42  -9  0
6  -53  80  0
40  -80  32  0
-60  -54  -26  0
-90  -45  -32  0
