c mkcnf random cnf with seed 44421, max clause length 3
c FORCED SATISFIABLE
c 
p cnf 100  430
-15  -66  64  0
-33  -96  -30  0
-62  -37  63  0
-87  23  33  0
-55  19  8  0
90  1  32  0
-52  65  46  0
84  -74  66  0
20  58  -98  0
74  24  86  0
63  -59  -99  0
-62  -46  37  0
38  -21  28  0
-21  -92  61  0
-90  100  85  0
87  68  -35  0
21  -24  1  0
-53  -86  17  0
49  -100  -6  0
74  56  -5  0
-64  80  51  0
62  58  80  0
9  -27  -44  0
-84  39  96  0
48  15  14  0
63  28  72  0
-12  18  68  0
92  -61  86  0
-26  35  -41  0
53  82  9  0
93  88  97  0
-51  95  -31  0
20  -16  99  0
-50  45  58  0
80  81  -6  0
-31  -95  11  0
-54  -83  85  0
10  47  86  0
-97  59  29  0
-66  -56  99  0
-55  -93  -37  0
8  31  66  0
-98  -56  -35  0
61  -89  -73  0
3  86  38  0
-29  54  -60  0
-18  98  -41  0
-47  17  94  0
-6  39  -71  0
-55  79  74  0
1  87  21  0
77  38  87  0
-29  -50  -46  0
58  23  35  0
-2  -84  81  0
-48  -9  -31  0
-82  34  -70  0
66  29  42  0
42  -30  -59  0
72  -54  40  0
56  -89  15  0
-22  66  -98  0
75  43  -77  0
-51  33  -1  0
89  -71  -2  0
-97  96  -17  0
-73  70  27  0
-60  -24  17  0
8  19  -73  0
35  4  45  0
-4  49  -11  0
80  52  92  0
-85  95  -1  0
-49  -11  -23  0
35  -68  98  0
35  59  -32  0
58  79  -82  0
51  59  50  0
67  -25  52  0
15  27  -85  0
81  -34  57  0
17  19  61  0
22  20  85  0
-23  -47  -75  0
97  76  -6  0
-49  -37  -84  0
-13  -26  42  0
74  66  97  0
81  55  -9  0
7  -5  -53  0
-36  -65  -51  0
-7  -76  -49  0
55  -3  34  0
-45  5  100  0
40  -52  8  0
77  -36  1  0
48  78  42  0
77  58  7  0
-9  27  -66  0
-46  -75  64  0
-40  -66  5  0
16  -59  48  0
19  -41  3  0
45  80  6  0
-94  67  76  0
5  75  37  0
77  38  -37  0
26  33  -84  0
17  25  54  0
-36  -16  56  0
-73  24  59  0
48  -30  -31  0
35  43  -70  0
-31  52  10  0
-27  19  90  0
-5  91  1  0
32  -40  71  0
24  -7  22  0
-22  93  27  0
86  -93  -94  0
-25  59  10  0
-62  -73  41  0
-97  2  11  0
75  30  11  0
-38  21  7  0
35  1  28  0
-59  -17  54  0
50  -53  33  0
-85  -49  62  0
68  63  19  0
-61  23  75  0
58  41  47  0
5  -93  90  0
-61  57  -25  0
-88  93  -73  0
44  53  70  0
-62  -40  15  0
77  60  -95  0
-50  -72  9  0
98  12  -79  0
51  67  90  0
-32  -3  51  0
90  7  91  0
95  72  85  0
-45  -90  -30  0
-17  88  36  0
5  99  -92  0
31  73  66  0
66  -16  87  0
39  74  4  0
-31  -37  -95  0
-48  31  -67  0
-95  15  26  0
91  73  -43  0
4  92  100  0
7  20  -38  0
-91  59  73  0
90  -49  -13  0
68  -19  -94  0
-32  77  -71  0
-77  47  -79  0
43  27  -28  0
90  -3  92  0
67  -87  74  0
28  34  91  0
-69  -78  -12  0
-62  -77  63  0
-41  -29  63  0
66  44  -28  0
32  60  6  0
61  71  -88  0
-94  49  99  0
18  20  92  0
37  65  -96  0
-58  15  -10  0
95  9  50  0
-22  -62  8  0
4  -45  80  0
-3  10  -53  0
-10  21  62  0
62  -7  9  0
15  69  -21  0
-39  -65  35  0
-35  27  49  0
21  -24  -50  0
35  84  -16  0
31  8  38  0
-16  -28  -55  0
5  82  83  0
-84  28  49  0
-6  46  -97  0
62  -32  -6  0
67  -78  88  0
-56  81  -82  0
90  -31  39  0
84  46  69  0
14  -52  53  0
-56  -76  -72  0
-36  -66  99  0
-88  -81  -1  0
-49  73  -74  0
-92  -77  36  0
17  7  -83  0
-23  -16  43  0
-55  61  -12  0
-37  -87  70  0
-22  -11  45  0
-46  38  -44  0
-8  -78  2  0
-8  42  76  0
-23  -77  -87  0
-2  77  82  0
-60  -8  -50  0
-54  44  -32  0
77  17  72  0
83  11  55  0
91  -21  -71  0
-34  42  31  0
-61  96  -33  0
47  99  82  0
-80  -81  -99  0
28  -88  -62  0
-51  31  23  0
-85  -90  -41  0
5  -53  46  0
99  72  41  0
-73  -10  -99  0
99  29  31  0
-24  -99  -30  0
-63  41  8  0
97  91  82  0
-75  25  22  0
-60  31  -53  0
4  -44  -23  0
-60  -62  -76  0
-27  57  -33  0
-72  41  22  0
-4  37  -88  0
-85  -12  72  0
60  -100  5  0
-54  -52  10  0
43  56  15  0
9  -10  44  0
46  75  88  0
34  48  -39  0
65  -46  72  0
-35  -44  52  0
-97  -96  8  0
71  39  -49  0
17  -83  84  0
86  -11  -63  0
-75  15  58  0
53  -63  95  0
49  8  -64  0
24  16  38  0
85  -33  -68  0
25  -36  27  0
54  14  58  0
69  -49  18  0
13  -8  79  0
2  -31  48  0
-67  55  76  0
87  29  5  0
-43  -55  64  0
-30  -56  5  0
-86  8  -34  0
-50  55  60  0
72  73  -25  0
6  -1  -60  0
-69  -16  15  0
-100  -52  92  0
-63  33  39  0
69  36  79  0
72  -91  62  0
27  28  -46  0
78  -25  -70  0
85  83  -77  0
76  -17  -28  0
93  -18  -49  0
97  65  -74  0
100  -91  9  0
90  53  -37  0
91  99  -58  0
64  -54  -23  0
68  -69  -98  0
48  -100  -97  0
-59  12  -24  0
-75  -53  -19  0
12  -28  80  0
-27  53  4  0
-54  -49  45  0
71  -14  -59  0
-73  -81  -78  0
-50  -80  19  0
19  47  -9  0
94  99  53  0
31  -49  -46  0
87  84  -58  0
-79  -83  -56  0
-19  20  74  0
-32  -94  38  0
-38  -96  31  0
4  -24  60  0
34  -16  -50  0
83  4  70  0
-72  55  -49  0
-81  -14  43  0
30  -14  4  0
-72  -44  -41  0
-81  -69  -97  0
-91  31  62  0
90  -27  48  0
-27  66  -100  0
-99  -61  26  0
6  -15  59  0
35  -25  -16  0
90  -61  -33  0
97  -13  -21  0
92  77  5  0
74  -49  -11  0
10  -19  -58  0
63  -78  -44  0
77  49  -4  0
32  45  35  0
-20  -35  -17  0
-20  19  -75  0
-77  74  82  0
-71  -53  -22  0
-53  5  -19  0
25  -82  -72  0
69  -5  84  0
61  79  32  0
37  -80  -81  0
63  59  -7  0
48  -81  -47  0
-91  47  3  0
19  -4  -98  0
-92  22  -70  0
-49  68  56  0
-74  -23  41  0
40  5  -90  0
-46  -59  34  0
-80  -72  -91  0
-28  -50  91  0
31  67  -90  0
18  -43  -4  0
-62  58  35  0
20  66  -60  0
-99  -10  48  0
-36  -78  -3  0
3  20  97  0
-40  38  -62  0
-24  -4  -62  0
-72  -17  100  0
-28  -87  74  0
-97  -35  30  0
23  -26  -32  0
56  21  -70  0
-40  43  9  0
43  -95  -29  0
-64  66  -9  0
78  -32  -88  0
-92  9  -1  0
10  -77  38  0
7  -33  10  0
49  -34  39  0
68  50  -83  0
-43  -26  41  0
82  -76  41  0
-22  -50  80  0
99  -9  85  0
-22  9  -50  0
11  -87  -8  0
-21  -5  99  0
-46  -16  81  0
72  -82  61  0
37  -83  94  0
57  -74  22  0
-45  65  16  0
-75  98  82  0
64  76  89  0
-50  -33  -81  0
-84  -33  -69  0
53  28  -16  0
-4  68  -63  0
-74  28  -92  0
54  -89  93  0
95  13  -77  0
-10  -94  -64  0
81  -84  50  0
26  -70  74  0
72  90  95  0
67  -65  26  0
72  83  -98  0
7  -11  -47  0
-79  35  -97  0
96  76  -86  0
15  -81  -77  0
-39  -79  -22  0
55  6  -76  0
-20  19  -99  0
-65  15  -68  0
22  6  -64  0
64  -46  80  0
39  68  32  0
100  -37  22  0
5  -17  -45  0
83  1  89  0
72  -91  95  0
4  -82  52  0
-26  -21  79  0
-45  56  68  0
-94  60  59  0
99  -94  -58  0
-77  93  16  0
-10  26  -79  0
53  76  -11  0
-23  51  -50  0
63  -14  70  0
-69  65  81  0
-74  87  46  0
-45  -95  -41  0
66  -73  -44  0
17  -34  4  0
85  -95  -41  0
80  56  71  0
32  -22  28  0
-8  -89  18  0
95  88  -14  0
91  33  -100  0
