c mkcnf random cnf with seed 44385, max clause length 3
c FORCED SATISFIABLE
c 
p cnf 100  430
74  -36  53  0
-60  -91  -81  0
50  44  -12  0
-17  -51  -36  0
22  80  -1  0
-21  33  -4  0
85  7  91  0
7  -15  100  0
15  -44  68  0
-6  4  40  0
-58  -2  30  0
-40  93  -95  0
59  39  48  0
-40  -73  -9  0
98  4  3  0
-50  24  -15  0
-44  38  -20  0
5  87  7  0
-78  69  -99  0
-92  36  78  0
-28  83  16  0
-30  78  -45  0
-58  -6  -14  0
-30  91  9  0
8  -55  -5  0
51  42  5  0
18  84  34  0
71  35  -8  0
13  -44  -15  0
68  40  -17  0
27  -98  -69  0
-28  -87  -52  0
-10  24  -21  0
-19  -46  -95  0
-54  -17  62  0
-10  76  50  0
22  -73  -28  0
30  -94  -46  0
-66  -19  96  0
-20  96  70  0
-43  24  -34  0
28  -74  32  0
-17  -9  -83  0
28  90  16  0
-68  9  -54  0
-29  42  -35  0
42  -70  -5  0
88  84  -63  0
44  85  -2  0
94  -48  93  0
23  -31  73  0
-100  42  11  0
-56  -89  -14  0
73  -46  61  0
-73  86  33  0
-100  82  -25  0
69  35  23  0
46  81  16  0
84  -87  83  0
60  -26  24  0
-77  12  57  0
29  28  -72  0
-45  -95  -98  0
90  31  -41  0
-30  -67  5  0
58  50  -41  0
87  92  -18  0
-78  -96  -1  0
-83  -86  -85  0
-1  -86  76  0
29  -51  15  0
-17  78  -96  0
29  31  -57  0
86  5  30  0
-2  19  -26  0
-17  56  -100  0
89  -78  -22  0
-49  95  84  0
75  74  -98  0
-51  -54  68  0
-38  82  93  0
98  -79  45  0
-43  -2  53  0
-32  -10  -8  0
-97  64  7  0
-26  2  -22  0
88  90  77  0
-47  -94  -49  0
19  -99  -25  0
-22  -61  -93  0
-86  57  42  0
-37  84  -39  0
-71  27  -52  0
18  -61  -47  0
-34  -93  -94  0
-35  -5  -31  0
-44  -70  -3  0
42  93  -47  0
-93  -17  18  0
62  85  38  0
56  -55  87  0
3  59  36  0
85  -89  39  0
-45  -43  5  0
-27  51  -63  0
55  87  -14  0
67  -75  -32  0
63  -50  -44  0
6  -41  -31  0
35  13  55  0
39  62  67  0
-24  -100  -45  0
73  -32  44  0
2  -41  -82  0
91  -96  46  0
-21  -12  5  0
66  23  51  0
15  -80  61  0
31  -4  -97  0
-69  30  -81  0
78  15  -97  0
86  12  -88  0
67  75  -50  0
57  -96  76  0
-30  46  40  0
-43  81  -90  0
-47  -20  95  0
46  -40  -18  0
-46  6  -32  0
61  5  -88  0
-29  77  -55  0
-68  -87  28  0
64  17  -16  0
-87  -90  -67  0
-33  -2  -74  0
11  22  91  0
-9  82  85  0
-93  -76  46  0
52  -56  59  0
46  -9  -13  0
-79  -4  70  0
34  -35  62  0
-63  27  1  0
-44  8  -13  0
11  -7  51  0
46  -52  -73  0
-14  -31  -25  0
65  -57  -23  0
-75  -79  -78  0
83  -93  -84  0
32  97  -7  0
14  27  42  0
-100  -76  -99  0
36  65  88  0
39  -43  -47  0
-56  1  -63  0
16  -23  -39  0
-7  -11  -62  0
-30  42  76  0
-51  15  23  0
73  -42  -23  0
13  52  -44  0
-12  58  -54  0
-25  -48  23  0
50  -11  12  0
-45  66  50  0
25  -85  48  0
-41  -39  40  0
57  -1  -82  0
13  -29  -92  0
65  -31  -1  0
-81  -30  -85  0
80  -93  74  0
-70  -46  82  0
-61  99  96  0
-36  24  -63  0
33  56  -40  0
4  -21  -98  0
-17  -14  48  0
85  54  -69  0
-83  52  -74  0
18  -66  73  0
-73  22  -46  0
-37  -98  54  0
64  -66  77  0
60  83  93  0
-77  52  -59  0
39  82  56  0
87  -44  48  0
50  -91  -41  0
-88  33  -23  0
-41  97  6  0
60  64  33  0
-60  -55  -48  0
4  43  44  0
-5  -76  -98  0
-17  5  75  0
79  -30  23  0
-77  -85  -60  0
34  10  78  0
-83  -38  10  0
13  21  33  0
-32  22  -4  0
1  24  35  0
-23  81  -65  0
-73  -6  -47  0
-94  -91  88  0
95  -71  -53  0
27  86  43  0
62  -40  92  0
88  68  -11  0
-1  40  -61  0
70  -60  -80  0
-77  -5  83  0
-79  -93  -17  0
95  15  -31  0
-56  90  -98  0
6  66  -46  0
8  -35  59  0
-86  -35  47  0
79  -9  -16  0
40  -91  77  0
-56  -5  -1  0
-35  78  -74  0
-98  -42  -89  0
15  84  -85  0
25  -89  -40  0
-54  11  53  0
-83  87  -2  0
-66  -26  25  0
-94  72  -89  0
-23  53  -26  0
-25  -3  -65  0
55  67  -53  0
65  -87  29  0
66  72  -79  0
-46  -39  -85  0
-50  34  84  0
57  -41  2  0
50  25  59  0
47  51  -83  0
83  -97  -9  0
-91  -19  29  0
61  -29  -50  0
64  -22  -6  0
21  35  -49  0
36  39  -54  0
-40  -18  -9  0
-93  -42  -17  0
-4  -70  65  0
78  -54  -39  0
21  -10  -83  0
17  71  5  0
37  -15  -60  0
-39  -84  -92  0
53  84  -63  0
-9  45  88  0
-99  -73  -7  0
-90  -93  -49  0
7  87  83  0
92  76  100  0
-28  -79  -65  0
17  -31  58  0
47  87  -15  0
-58  48  65  0
70  4  -15  0
-40  -42  -10  0
-5  -99  21  0
-71  -39  69  0
-59  100  -61  0
-74  -45  87  0
16  73  4  0
83  -26  36  0
-88  -2  -87  0
39  53  27  0
70  -39  -8  0
-36  69  23  0
55  -76  -3  0
-28  93  17  0
-25  -35  64  0
91  15  -50  0
-91  -52  -63  0
92  -41  -40  0
-71  -42  -30  0
30  97  35  0
-52  69  -96  0
-15  40  -84  0
-53  -62  -42  0
52  -33  -17  0
-2  65  64  0
17  -19  92  0
51  -100  -19  0
45  -32  31  0
12  -78  -11  0
-61  51  89  0
-50  -68  100  0
-29  -7  -21  0
-52  94  32  0
-13  -49  7  0
-74  36  9  0
39  -21  12  0
-55  -35  33  0
33  96  -27  0
-65  72  79  0
64  -16  -30  0
20  76  -34  0
45  -20  -62  0
32  -64  -53  0
-54  -90  -69  0
-81  -41  55  0
14  -82  37  0
-93  64  -18  0
-89  68  -84  0
97  -54  43  0
23  71  -66  0
-25  17  72  0
90  47  -29  0
-16  78  -26  0
8  36  -21  0
52  72  70  0
96  95  -54  0
21  -43  66  0
-3  39  72  0
-72  76  12  0
21  17  75  0
-19  44  99  0
-52  -25  59  0
-71  75  7  0
8  27  -20  0
50  -41  80  0
93  -95  -87  0
-94  48  3  0
23  82  88  0
-95  -27  1  0
58  -62  53  0
72  45  -34  0
-60  4  -85  0
83  -62  3  0
3  -34  -6  0
97  -3  -19  0
-70  -33  20  0
-25  45  -99  0
94  29  16  0
29  76  -41  0
41  24  -33  0
100  8  89  0
65  58  -95  0
-40  -51  34  0
32  90  -56  0
39  -70  44  0
75  87  -9  0
-38  52  -60  0
29  -94  90  0
-13  86  39  0
100  53  -54  0
-85  -34  11  0
-49  28  42  0
46  38  -53  0
-91  28  57  0
-85  -86  -82  0
-6  75  -55  0
82  35  -27  0
37  -45  13  0
63  9  90  0
-50  -97  35  0
29  11  62  0
-29  40  -53  0
80  63  45  0
-49  57  -36  0
-28  -90  50  0
63  11  -90  0
-32  -81  -4  0
-37  5  -32  0
31  85  86  0
49  -7  54  0
100  -36  99  0
78  -10  -60  0
-46  -86  -15  0
37  56  -10  0
-100  -97  78  0
38  72  52  0
-48  4  42  0
-29  10  69  0
-55  25  92  0
-48  -42  -87  0
-87  -85  80  0
34  56  -95  0
-96  67  -54  0
80  12  81  0
26  -27  -59  0
-40  99  -81  0
70  -66  -72  0
68  28  -85  0
-37  -96  -17  0
-54  -15  81  0
32  8  -69  0
20  -92  -49  0
-69  7  68  0
53  32  -13  0
47  9  -87  0
100  32  -81  0
87  -85  -59  0
82  48  85  0
-84  -28  77  0
63  -15  69  0
-44  -39  -92  0
40  -59  28  0
-77  93  -91  0
-31  -78  -48  0
-52  -31  83  0
88  -20  77  0
11  24  -82  0
12  34  25  0
-48  -55  -16  0
98  51  24  0
-85  8  5  0
20  87  61  0
-66  -70  89  0
-46  92  -89  0
-55  18  68  0
75  -33  -95  0
-89  -55  93  0
19  43  1  0
-22  54  -16  0
-51  43  -68  0
-56  -2  -68  0
-93  -21  85  0
-23  -28  -20  0
-88  -20  12  0
-40  -19  -34  0
