c mkcnf random cnf with seed 44400, max clause length 3
c FORCED SATISFIABLE
c 
p cnf 100  430
49  -15  -91  0
-92  66  -65  0
-5  1  95  0
-3  52  -10  0
54  15  66  0
19  -24  92  0
13  79  47  0
85  14  25  0
67  60  -13  0
93  7  -73  0
-83  62  13  0
17  -96  -84  0
-65  94  77  0
98  18  1  0
19  31  97  0
58  -40  38  0
-20  30  42  0
3  99  89  0
82  72  30  0
-29  14  8  0
18  30  -46  0
-47  -42  -13  0
-52  -26  10  0
21  -32  41  0
-17  62  12  0
-81  -22  96  0
15  -10  45  0
-32  -8  26  0
80  1  69  0
81  -89  78  0
-39  -36  -25  0
3  96  -6  0
-16  23  65  0
-30  86  61  0
53  41  20  0
9  -71  50  0
59  -68  49  0
-82  4  39  0
-53  42  -7  0
66  -70  -73  0
-4  54  70  0
2  51  10  0
51  -28  -47  0
-63  66  -15  0
39  -47  -36  0
1  12  9  0
58  76  -19  0
94  13  9  0
30  12  3  0
-27  49  -86  0
50  -81  -1  0
56  -98  80  0
-79  90  -34  0
-11  -44  -26  0
-81  51  20  0
73  -47  -57  0
-58  31  -22  0
-40  49  -10  0
11  -2  62  0
67  21  -11  0
-53  -4  -92  0
84  88  -94  0
100  -88  -25  0
39  -59  88  0
-9  90  81  0
-61  -26  99  0
-25  -94  14  0
76  -7  78  0
-70  99  46  0
7  32  -34  0
-18  -44  28  0
-17  -41  18  0
19  61  67  0
87  28  -43  0
57  -97  83  0
-53  -23  -34  0
15  -56  40  0
99  -87  -26  0
26  -29  -72  0
-16  85  -70  0
82  28  -67  0
7  9  -86  0
-91  67  87  0
48  18  -42  0
-14  -27  61  0
57  50  68  0
35  21  60  0
55  -2  40  0
-85  45  -82  0
-85  78  -96  0
-65  -61  -47  0
-4  35  37  0
28  -37  -49  0
-27  -48  -26  0
4  -39  6  0
14  70  -71  0
6  51  -100  0
-39  -76  -86  0
54  -49  73  0
-22  13  -33  0
45  90  -31  0
-61  -12  -32  0
68  -24  13  0
86  17  24  0
18  -19  95  0
-35  75  -72  0
-73  22  -68  0
48  -52  -2  0
49  90  -56  0
15  -31  -60  0
-30  70  13  0
-68  -40  -69  0
-85  11  -100  0
-25  60  -70  0
61  -28  66  0
1  -49  -38  0
37  -28  -94  0
7  -89  12  0
71  -1  14  0
74  -96  -3  0
54  65  -84  0
-66  69  -89  0
-61  -100  -90  0
-19  -97  43  0
54  52  39  0
2  76  12  0
-50  46  58  0
-88  51  -87  0
-41  -21  31  0
74  -33  -28  0
75  43  44  0
-72  89  -88  0
-87  -45  82  0
61  70  -13  0
-11  -74  43  0
-37  76  -91  0
-41  94  40  0
41  -8  -100  0
-23  -73  72  0
20  82  26  0
30  98  9  0
-64  60  13  0
74  -98  -7  0
89  95  -72  0
-16  -64  88  0
-62  58  49  0
-1  -75  -21  0
-66  45  50  0
-32  40  9  0
27  36  -15  0
-63  89  -57  0
71  54  76  0
-70  92  84  0
-63  2  98  0
40  59  -64  0
-26  22  97  0
80  88  9  0
-1  52  34  0
-71  -28  56  0
31  58  85  0
92  93  -82  0
58  -83  28  0
-10  -87  -26  0
18  -42  22  0
-11  -92  19  0
-20  85  -95  0
-96  -79  -55  0
91  44  -83  0
73  22  53  0
9  -52  -79  0
-71  24  -19  0
49  -24  -17  0
-65  24  1  0
87  90  -42  0
53  -77  -20  0
30  -78  -33  0
-71  -47  17  0
-46  -65  38  0
84  48  -20  0
-38  53  -52  0
4  -32  -43  0
-24  -95  61  0
-87  46  -40  0
94  -87  33  0
-73  90  99  0
-82  -27  52  0
2  48  -49  0
-8  36  96  0
-30  -3  65  0
84  70  -74  0
30  -24  -67  0
-93  77  25  0
-74  -8  -40  0
-97  -29  64  0
35  -53  36  0
90  60  81  0
-48  22  30  0
-42  -25  -57  0
-91  21  -1  0
-75  24  9  0
-55  7  86  0
47  43  -83  0
-46  -40  38  0
-41  -5  62  0
11  -12  -24  0
-35  85  41  0
16  -80  -39  0
32  61  43  0
66  -90  -10  0
-23  66  6  0
-76  26  67  0
80  -8  69  0
-41  -91  -14  0
-58  41  -78  0
44  -79  -32  0
-81  -73  -99  0
42  -96  -17  0
18  -93  4  0
-20  -7  77  0
76  -45  15  0
-96  -33  28  0
-22  -10  45  0
42  25  54  0
48  49  -86  0
63  -75  30  0
-66  -68  -24  0
28  -48  3  0
3  59  41  0
40  95  25  0
-69  -100  -52  0
-55  -64  15  0
-32  -19  22  0
82  -99  24  0
4  -16  30  0
21  42  89  0
90  50  -53  0
14  19  41  0
-92  25  -69  0
-92  62  -1  0
13  -12  -77  0
-44  67  26  0
-63  -43  -38  0
12  -46  -53  0
-59  50  -14  0
-28  3  -76  0
24  -82  -42  0
-4  -39  14  0
14  58  -69  0
-22  68  77  0
44  91  22  0
85  -76  -47  0
26  -59  5  0
5  -99  -38  0
-18  33  -79  0
-54  -67  -26  0
96  -94  40  0
81  -25  80  0
60  29  -25  0
96  -25  27  0
-88  26  -1  0
12  64  93  0
30  78  -71  0
60  50  6  0
24  -80  46  0
27  -50  -56  0
36  -30  77  0
5  -25  64  0
-41  -60  -27  0
-61  -73  16  0
28  -90  92  0
38  -78  -69  0
89  -15  -4  0
-5  57  -94  0
-81  21  15  0
87  -81  -57  0
39  -55  5  0
53  -31  -12  0
2  -63  -47  0
-84  -54  -86  0
89  -49  11  0
69  13  -46  0
92  32  -87  0
67  -8  14  0
-58  43  -23  0
97  22  48  0
95  -23  -83  0
58  -76  27  0
45  -16  36  0
-31  20  -50  0
-33  70  -69  0
99  20  40  0
64  80  90  0
-19  73  40  0
-48  -40  -22  0
-30  -73  58  0
-23  87  94  0
46  13  -95  0
1  -57  71  0
-30  -54  16  0
29  8  81  0
35  -19  -40  0
1  -12  -85  0
-54  99  -69  0
41  63  -44  0
61  21  -58  0
-89  -77  93  0
58  -22  2  0
9  -42  -96  0
-7  -84  23  0
90  -34  -53  0
-55  31  -99  0
63  4  91  0
45  -8  35  0
90  -84  36  0
-84  -52  -72  0
67  45  -96  0
31  11  -13  0
-38  52  -65  0
99  -85  -15  0
-55  -59  25  0
-50  -30  -43  0
-82  89  60  0
-28  100  -13  0
26  -67  -12  0
71  -56  -3  0
100  -77  -38  0
80  -11  29  0
46  -75  33  0
-18  87  27  0
-27  76  36  0
94  100  -19  0
25  -92  26  0
-33  -23  -58  0
-44  -55  -39  0
21  -7  47  0
10  -84  12  0
27  17  8  0
13  -53  -86  0
-47  -91  -95  0
71  -28  -70  0
-58  62  40  0
68  -25  15  0
46  1  -33  0
-88  83  29  0
66  83  -33  0
63  -50  45  0
-44  -100  63  0
-28  -66  -58  0
53  84  2  0
69  76  87  0
38  69  100  0
67  -13  6  0
4  48  -67  0
-50  -72  77  0
-22  -93  51  0
-11  55  62  0
-60  -76  63  0
-7  -84  92  0
7  -71  75  0
28  33  -66  0
-49  -31  11  0
72  35  -38  0
33  70  91  0
-18  -68  91  0
37  -90  28  0
-67  -10  -98  0
94  88  -50  0
94  5  -3  0
91  15  -60  0
26  97  -4  0
-1  67  -38  0
-22  -98  -50  0
31  77  37  0
-52  -37  45  0
-55  3  -61  0
-7  96  47  0
8  67  -77  0
9  -51  -78  0
12  -16  36  0
-42  21  15  0
-47  98  -36  0
-79  51  23  0
94  41  -32  0
-18  -87  57  0
-23  -84  51  0
42  -72  70  0
49  6  -56  0
-77  37  -5  0
20  -50  59  0
-18  -64  11  0
90  -81  -24  0
37  -47  80  0
76  14  -19  0
-17  57  77  0
-47  -83  -43  0
-63  -40  -28  0
-89  -40  -37  0
-47  -81  72  0
-35  89  -78  0
-67  -95  78  0
-65  -53  -51  0
-66  -75  -51  0
-97  -2  49  0
-56  -98  -92  0
-55  23  51  0
23  83  -98  0
61  -39  -21  0
65  -97  -99  0
-96  -84  35  0
-77  -59  -65  0
-69  -28  74  0
57  -72  -13  0
-47  73  54  0
-20  11  83  0
-47  -19  14  0
-54  76  4  0
59  4  -61  0
43  34  -56  0
69  96  100  0
4  -82  73  0
-29  -61  -48  0
27  -9  -2  0
23  12  25  0
-53  -92  15  0
-76  25  95  0
98  43  -33  0
77  76  -54  0
-30  -21  100  0
74  -65  -1  0
68  -58  87  0
