c mkcnf random cnf with seed 44395, max clause length 3
c FORCED SATISFIABLE
c 
p cnf 100  430
24  89  -11  0
81  -8  37  0
78  40  48  0
83  -73  -62  0
37  48  84  0
20  70  -42  0
-3  24  -59  0
-72  87  -27  0
-47  74  88  0
-2  -72  41  0
67  92  -88  0
10  -46  30  0
-12  -36  -70  0
10  1  58  0
-66  -62  94  0
-19  -89  60  0
10  5  -57  0
19  2  -54  0
-65  37  55  0
88  -57  -18  0
-40  -6  73  0
-8  71  -3  0
50  -34  -86  0
6  -72  -78  0
42  -92  -80  0
-37  -60  85  0
-16  7  30  0
40  -22  -56  0
23  -52  -14  0
-25  -93  22  0
-32  85  -28  0
-9  -74  -23  0
-64  4  19  0
-55  -75  24  0
-90  92  -79  0
-23  -10  63  0
60  -50  -15  0
24  -88  72  0
48  40  53  0
98  9  52  0
19  85  -35  0
60  12  -66  0
-31  -74  7  0
1  60  -66  0
-81  -37  -29  0
3  -54  48  0
-50  60  27  0
9  -65  -75  0
-94  4  -85  0
-48  60  -27  0
9  -64  -46  0
53  -26  72  0
33  -24  44  0
-27  91  -11  0
-29  89  17  0
60  18  38  0
-50  51  11  0
-6  83  86  0
21  82  -9  0
51  91  82  0
-88  38  -9  0
-29  49  -64  0
-46  42  -28  0
33  -81  -79  0
34  12  -10  0
-66  -45  -10  0
-8  26  -53  0
24  -43  -35  0
29  92  -35  0
-98  16  91  0
52  13  27  0
3  81  30  0
62  -47  -33  0
84  -57  96  0
18  12  -68  0
87  80  -96  0
-51  -21  -50  0
44  73  -30  0
35  16  63  0
-73  64  44  0
-18  69  49  0
-48  -89  6  0
32  88  48  0
-56  -62  -68  0
24  17  -9  0
14  -15  -9  0
12  95  30  0
66  -42  -6  0
86  69  -40  0
10  77  -17  0
17  30  -24  0
-93  20  45  0
-84  -44  -59  0
-55  41  -15  0
-97  -57  64  0
-59  -78  98  0
-37  38  -45  0
17  -60  -50  0
23  39  -38  0
78  14  60  0
19  -1  -44  0
82  87  -23  0
41  -24  96  0
70  47  -56  0
-100  71  -75  0
-4  98  -83  0
-30  65  21  0
-77  -91  57  0
10  77  -31  0
53  -14  -34  0
-27  -28  -47  0
93  -14  -11  0
59  51  -75  0
-75  -25  -69  0
6  -16  -87  0
67  -80  52  0
58  -9  -73  0
-80  -69  17  0
-12  2  -25  0
35  -13  57  0
94  75  -10  0
21  100  66  0
-10  92  -8  0
-81  28  -56  0
-12  -73  54  0
16  -77  74  0
-92  -75  69  0
-18  70  -65  0
37  -33  -65  0
72  84  -28  0
-8  72  -15  0
-84  -77  70  0
43  -82  -100  0
-54  85  -80  0
-72  -88  68  0
-92  -26  48  0
62  19  21  0
80  3  -40  0
52  24  78  0
-65  -6  -69  0
-47  -27  -10  0
38  -9  -70  0
8  77  -12  0
-43  -81  67  0
-96  -63  -90  0
-95  71  11  0
62  -100  75  0
-81  8  62  0
53  -16  -96  0
87  -30  8  0
-17  -100  91  0
43  -63  -79  0
73  -1  5  0
32  68  26  0
-9  -40  -65  0
-82  -35  -33  0
60  -14  100  0
-26  7  -77  0
98  88  -7  0
-73  69  77  0
-100  59  -64  0
95  -49  10  0
-57  90  -55  0
59  -73  -14  0
42  20  77  0
11  3  -8  0
-20  -19  -79  0
87  98  23  0
-1  69  9  0
-24  -10  -8  0
52  6  72  0
-82  -45  -30  0
10  68  25  0
-17  89  -37  0
97  88  27  0
-51  -30  41  0
52  -94  81  0
-82  -7  49  0
-53  63  15  0
-74  22  65  0
-81  -64  100  0
-36  -76  -94  0
-77  35  60  0
-85  82  8  0
95  -33  96  0
-61  20  81  0
-68  -96  -35  0
34  92  -65  0
-100  -55  -15  0
-1  51  19  0
11  73  -40  0
75  95  48  0
4  -7  -15  0
32  -92  30  0
-46  -89  -72  0
-8  -80  49  0
-100  -78  26  0
24  -33  -31  0
45  74  12  0
-11  -63  95  0
-36  -91  -86  0
-67  -90  3  0
-28  -36  23  0
11  -52  28  0
38  76  71  0
94  -3  26  0
-53  -32  45  0
43  8  -99  0
93  -68  -11  0
27  -1  -96  0
96  -36  35  0
-32  -79  -46  0
36  -9  95  0
-69  -46  99  0
-7  92  -61  0
58  44  -57  0
-11  34  43  0
86  22  15  0
-23  -84  -71  0
-19  -84  36  0
-94  -88  -66  0
9  26  40  0
97  34  29  0
-79  93  -13  0
69  -7  -54  0
43  -89  69  0
-95  25  84  0
91  -12  -36  0
96  74  86  0
34  79  -47  0
-34  -2  1  0
13  96  -1  0
14  83  -97  0
78  33  46  0
-91  -71  72  0
-75  -12  -87  0
-66  98  50  0
-29  -85  -82  0
12  53  13  0
20  -13  -92  0
-26  9  20  0
91  87  8  0
38  -52  -15  0
15  -84  -7  0
52  -19  -40  0
-53  -44  -60  0
-42  14  -60  0
-41  45  -96  0
-95  -55  30  0
-37  -9  -38  0
14  18  40  0
-93  -4  -97  0
-8  -51  79  0
81  16  56  0
100  25  38  0
71  -32  31  0
-87  -98  -79  0
13  -35  -73  0
39  61  -79  0
-27  -84  99  0
-90  49  86  0
-47  4  -91  0
-2  -68  42  0
-84  12  -51  0
31  -34  -36  0
54  -43  -56  0
-25  98  -52  0
-11  39  78  0
63  49  15  0
71  -100  -7  0
53  30  15  0
94  16  -22  0
-22  52  25  0
91  10  30  0
-97  -10  58  0
-65  -7  59  0
22  28  37  0
79  50  89  0
2  99  78  0
47  -68  -14  0
-59  78  -16  0
37  -80  -10  0
5  94  3  0
35  -49  -30  0
53  36  19  0
79  -50  84  0
52  95  10  0
57  11  -35  0
48  73  40  0
69  38  -27  0
26  29  -76  0
10  -8  -26  0
95  -58  43  0
-77  75  12  0
-30  -39  21  0
1  -97  14  0
-41  -17  81  0
-70  42  8  0
-96  -36  -97  0
-88  -97  29  0
93  -70  -80  0
62  98  -13  0
-51  48  47  0
18  -2  -75  0
-74  -68  35  0
-11  54  -3  0
9  84  -59  0
88  -100  -82  0
-49  100  91  0
21  -84  63  0
76  -78  7  0
17  -84  99  0
30  -57  26  0
-69  -40  -4  0
19  -34  66  0
24  33  -81  0
92  -34  -14  0
89  99  -60  0
-14  -28  93  0
28  -76  75  0
35  48  49  0
-46  -52  39  0
-63  -87  -10  0
-5  -99  -30  0
-13  31  -35  0
20  79  68  0
45  -12  -99  0
-64  -67  -68  0
-94  33  -63  0
17  8  -19  0
79  -33  21  0
81  -2  -18  0
-85  29  -56  0
14  3  -34  0
-22  8  -2  0
-78  83  -14  0
80  86  -6  0
-66  3  -86  0
46  18  93  0
49  70  -61  0
-13  -84  2  0
25  -15  30  0
9  -17  43  0
20  -92  6  0
-62  -86  -17  0
31  -10  -59  0
-84  -96  50  0
-39  -36  55  0
40  -72  74  0
-13  11  -100  0
-43  7  -80  0
-95  -1  -79  0
-76  -49  -86  0
-100  -32  -91  0
-2  95  -81  0
-100  -94  70  0
35  39  -76  0
-7  32  -20  0
94  -4  -13  0
-34  -35  -45  0
-38  57  14  0
73  -99  61  0
-37  32  -73  0
29  -2  -49  0
-11  -27  69  0
78  57  4  0
-31  -58  67  0
-49  -95  9  0
-21  -15  -54  0
-68  -21  9  0
-24  63  96  0
-31  -16  59  0
-36  46  -74  0
19  92  -94  0
-41  30  76  0
-33  -7  -67  0
-85  -24  26  0
31  -100  -40  0
65  76  -62  0
-5  60  56  0
59  33  99  0
20  -90  40  0
-91  -65  -97  0
-86  68  -3  0
-41  -38  45  0
15  -54  -100  0
76  -16  5  0
54  -51  -71  0
-30  37  94  0
81  19  8  0
-27  64  56  0
-92  37  -24  0
50  -28  14  0
-90  -61  56  0
51  85  -53  0
29  -13  97  0
-62  88  -54  0
-7  -78  56  0
8  62  -3  0
79  -53  -8  0
-68  -87  -42  0
-44  -34  -41  0
-83  -37  -29  0
16  -12  47  0
19  -63  8  0
42  43  -12  0
84  12  -1  0
-33  82  80  0
-76  41  75  0
25  52  -96  0
68  -87  -88  0
24  34  -85  0
46  -78  -26  0
-15  16  72  0
-64  77  43  0
43  -100  42  0
-83  35  14  0
32  -35  -93  0
93  54  -65  0
79  88  98  0
-60  48  -24  0
-23  -39  -64  0
-49  2  37  0
25  -82  -48  0
-70  -37  -18  0
-50  64  -99  0
-61  50  -12  0
-57  -52  41  0
-69  -98  96  0
83  81  -45  0
