c mkcnf random cnf with seed 44378, max clause length 3
c FORCED SATISFIABLE
c 
p cnf 100  430
-18  -19  61  0
87  -14  -27  0
25  -22  23  0
30  3  -34  0
-31  59  -2  0
50  47  11  0
57  -62  -78  0
-47  -7  -99  0
5  84  67  0
-98  21  -20  0
-67  40  -75  0
-60  -35  -87  0
-49  2  -21  0
-59  67  23  0
23  91  -30  0
75  -100  15  0
74  87  89  0
35  40  -48  0
-37  68  81  0
-11  -88  70  0
96  -62  22  0
-35  -53  -86  0
-46  -89  -50  0
-11  -76  50  0
88  -82  79  0
-39  83  50  0
98  18  -5  0
72  -5  -34  0
-3  6  62  0
73  -97  -14  0
63  8  -69  0
37  21  8  0
100  60  7  0
44  53  -63  0
98  -95  74  0
-96  85  -15  0
72  18  -26  0
26  -47  17  0
-56  -90  -73  0
14  66  -78  0
-27  55  12  0
-83  -59  -84  0
-19  -47  -75  0
27  -62  60  0
-34  100  96  0
-41  -25  3  0
-77  -87  99  0
-10  28  6  0
9  -54  -4  0
42  82  21  0
13  28  -37  0
15  12  46  0
25  54  33  0
-4  -44  -28  0
-15  -27  45  0
78  84  22  0
56  -22  -69  0
20  -99  71  0
-46  24  -2  0
-92  -50  -77  0
24  -4  51  0
-33  -2  -37  0
10  -25  7  0
30  -84  -70  0
89  20  -7  0
-27  -4  99  0
-73  99  66  0
-59  -52  -67  0
24  -90  -93  0
-1  -34  -85  0
69  -58  -70  0
-48  59  -9  0
-22  86  26  0
52  95  -9  0
-42  -85  -35  0
23  10  9  0
-94  -38  55  0
-9  49  -91  0
77  55  46  0
-74  -65  60  0
-39  18  4  0
-97  37  -34  0
53  59  49  0
-72  -25  -55  0
69  37  -54  0
-71  -89  -10  0
-24  51  39  0
29  -16  65  0
-74  -23  34  0
74  -55  64  0
-57  -88  93  0
21  -19  -78  0
-56  -55  93  0
-84  27  -99  0
-40  -20  -83  0
-75  23  -52  0
45  -65  62  0
82  -39  -15  0
-55  -38  84  0
-11  -20  -81  0
-89  -99  98  0
-54  -17  94  0
-61  -85  13  0
57  68  95  0
90  -38  47  0
96  -18  80  0
5  -99  72  0
67  98  -57  0
22  -48  -65  0
57  -1  96  0
79  65  -55  0
-83  -46  -90  0
52  21  -85  0
42  30  -91  0
53  60  -31  0
-45  59  -69  0
88  97  89  0
74  2  91  0
-82  -89  39  0
-44  76  24  0
60  -62  75  0
41  94  48  0
-78  100  99  0
76  26  -81  0
-43  -37  22  0
-100  -71  49  0
-47  92  -52  0
-78  -57  25  0
-51  87  -79  0
-52  40  -64  0
96  -35  85  0
-82  97  3  0
-96  -3  -13  0
-28  31  -58  0
73  -37  82  0
31  -84  7  0
-85  -83  99  0
39  53  -46  0
98  -73  -30  0
-2  65  -3  0
-99  88  89  0
20  9  -2  0
-45  -53  -31  0
-82  47  -52  0
43  -33  -69  0
-72  -70  9  0
-99  4  -23  0
4  -6  74  0
-21  35  -66  0
-54  61  -32  0
40  34  -26  0
-98  61  32  0
38  52  46  0
-76  -23  26  0
93  -65  -42  0
-18  89  90  0
-14  -81  17  0
31  -18  26  0
38  21  -45  0
-56  51  -10  0
-91  89  4  0
100  66  -90  0
-81  45  -61  0
93  50  78  0
23  -10  -47  0
-84  40  38  0
-5  -80  -22  0
40  -78  -69  0
66  12  37  0
28  19  16  0
28  13  69  0
-87  -23  74  0
-46  -96  24  0
-57  47  38  0
7  63  -82  0
12  93  -81  0
29  -69  17  0
-95  -48  -69  0
68  5  41  0
-22  71  -97  0
23  70  -94  0
-70  71  -93  0
14  25  49  0
32  -98  59  0
32  -73  -49  0
-86  -59  36  0
-55  -36  -47  0
-39  -16  -97  0
91  -36  23  0
-97  -50  33  0
-19  -24  66  0
-3  -42  -55  0
3  76  -90  0
77  5  64  0
-56  98  -67  0
-20  68  -3  0
-38  -30  5  0
60  -58  24  0
-80  -32  39  0
-97  35  34  0
63  -24  -17  0
-93  68  -45  0
-32  39  49  0
-77  73  -59  0
-96  10  51  0
-100  -9  44  0
50  53  -46  0
-19  71  -88  0
-12  42  100  0
-38  -92  10  0
-99  49  -80  0
33  -60  64  0
-98  32  83  0
-56  -30  -61  0
-74  23  -42  0
-72  68  90  0
90  -12  -22  0
1  50  12  0
-34  -13  100  0
10  -2  -5  0
14  -42  41  0
-16  -43  12  0
-65  -55  1  0
18  -19  -59  0
-2  48  58  0
67  48  -81  0
-7  33  1  0
-10  -97  81  0
52  39  -91  0
-100  41  99  0
69  65  17  0
-30  3  87  0
-18  -27  -48  0
54  -42  -43  0
-20  60  -38  0
-10  82  -24  0
-31  -6  55  0
-73  65  50  0
-11  63  64  0
-32  57  -98  0
71  -85  -20  0
39  42  -37  0
91  -20  -96  0
69  -38  71  0
-11  -60  96  0
-86  31  -50  0
82  14  -20  0
51  72  -90  0
62  40  58  0
-44  65  -75  0
-39  73  3  0
5  -76  -16  0
95  -77  91  0
-76  -48  5  0
8  -47  -80  0
5  -98  -38  0
22  -10  -50  0
77  87  -2  0
-50  1  -73  0
-60  -38  74  0
-100  39  35  0
52  -81  91  0
59  -97  2  0
9  53  -71  0
-20  52  -73  0
-16  -34  -55  0
86  27  -8  0
-96  83  -62  0
-41  -64  -67  0
-60  97  -85  0
6  36  78  0
75  -80  4  0
15  -22  83  0
64  56  84  0
11  59  -68  0
-46  -66  -82  0
-34  14  -12  0
-98  5  100  0
16  -21  3  0
-43  44  -70  0
-77  100  -88  0
72  -12  68  0
95  76  -66  0
66  30  8  0
80  -81  51  0
-5  79  34  0
14  79  -55  0
1  -32  -38  0
11  41  -14  0
-95  -61  5  0
16  -69  96  0
4  6  -11  0
-98  51  -5  0
-9  84  56  0
-1  -66  47  0
73  67  27  0
38  -69  -62  0
16  -35  -63  0
-76  -63  6  0
78  -37  46  0
60  52  -76  0
23  73  -25  0
-71  16  63  0
-60  19  -16  0
81  -37  -49  0
-78  -38  -66  0
-72  -47  -25  0
68  30  -89  0
-97  56  12  0
17  -89  -47  0
20  82  17  0
-13  95  -18  0
1  -38  -25  0
61  5  46  0
100  29  27  0
-56  49  1  0
-14  63  -62  0
17  -31  -70  0
-70  38  76  0
65  60  87  0
74  62  1  0
-1  -49  -55  0
-68  19  29  0
98  -6  -49  0
-36  -47  90  0
77  -37  80  0
-79  -5  77  0
5  -78  -42  0
-99  45  -35  0
-7  -11  98  0
-35  34  -5  0
-3  -55  -27  0
18  19  5  0
7  -16  6  0
78  -96  -47  0
-44  -75  20  0
62  30  -29  0
-57  54  98  0
-98  -97  29  0
-9  -31  -94  0
-45  -93  -78  0
44  -33  3  0
-84  -7  -83  0
-88  -79  -81  0
-19  -49  100  0
46  12  -1  0
10  17  -36  0
2  -63  14  0
-20  11  56  0
10  72  54  0
96  -48  -73  0
-45  -62  47  0
44  22  -10  0
64  -43  -96  0
-95  39  38  0
13  -88  60  0
-7  -31  20  0
16  37  86  0
-38  -91  -63  0
65  98  21  0
-27  26  -31  0
80  20  -50  0
-12  78  -100  0
93  -14  -53  0
39  77  44  0
12  99  -73  0
-44  -71  -63  0
-49  -83  16  0
26  -86  43  0
29  -53  15  0
-83  -31  -9  0
61  -98  36  0
-45  -43  89  0
66  45  80  0
-16  72  48  0
4  -7  13  0
53  36  -89  0
44  74  -29  0
63  -23  42  0
75  -81  -84  0
28  34  12  0
-56  36  -53  0
41  92  -83  0
22  -43  -74  0
-53  -65  88  0
92  -64  28  0
-42  13  -76  0
-51  -83  36  0
25  51  -91  0
36  -30  -40  0
99  91  -38  0
23  81  -80  0
-7  -51  -44  0
49  -42  51  0
-55  -68  35  0
-80  -22  -30  0
70  59  58  0
3  -84  -49  0
-32  67  86  0
-10  7  55  0
-62  -2  -66  0
95  23  71  0
42  -73  -57  0
6  88  64  0
40  19  -100  0
44  -2  18  0
42  79  38  0
-94  -70  -27  0
-18  15  66  0
58  54  -97  0
46  26  -15  0
98  -44  -83  0
36  30  64  0
-71  67  82  0
34  -24  -70  0
-52  -91  -21  0
82  -88  -33  0
-95  29  -4  0
15  14  68  0
39  92  65  0
7  -82  -95  0
-6  89  -22  0
-43  54  47  0
-66  -8  -91  0
-13  -59  87  0
67  -5  88  0
-99  4  -70  0
25  -82  -12  0
-89  -54  27  0
-91  -77  -64  0
