c mkcnf random cnf with seed 44446, max clause length 3
c FORCED SATISFIABLE
c 
p cnf 100  430
41  -97  -61  0
23  97  91  0
-96  55  -30  0
74  86  -9  0
-54  -75  -33  0
52  -7  -38  0
63  8  -74  0
10  14  39  0
-58  -5  22  0
68  30  -80  0
-23  10  35  0
-90  -9  -53  0
62  70  26  0
-66  48  -31  0
60  27  -95  0
-40  1  98  0
-59  -97  -19  0
-74  -48  95  0
15  -86  67  0
73  4  17  0
93  -44  68  0
-52  66  -99  0
-100  -86  -76  0
74  -7  -90  0
-91  46  -29  0
-32  44  -95  0
74  46  -64  0
3  57  62  0
6  100  -36  0
75  -74  -21  0
-35  19  -76  0
-86  -3  -91  0
88  49  -61  0
99  -23  34  0
-73  48  7  0
91  8  -29  0
-24  47  -76  0
22  -2  -100  0
-78  16  47  0
-21  -70  25  0
18  43  -25  0
25  -58  -100  0
51  -56  -52  0
51  31  -39  0
-21  -25  -99  0
-24  81  -43  0
-33  -68  54  0
-56  14  -8  0
26  30  99  0
28  99  71  0
-74  77  56  0
14  95  65  0
62  -95  35  0
-21  27  -8  0
15  -58  -46  0
-53  29  33  0
-52  54  46  0
-1  -31  21  0
-57  -1  -55  0
-48  -73  -12  0
61  -57  -40  0
22  -37  49  0
3  -57  8  0
71  -53  31  0
96  18  -17  0
-5  -40  11  0
-3  91  -60  0
70  59  10  0
21  95  -86  0
-35  -51  65  0
-56  -51  -31  0
-89  18  -20  0
-21  51  -1  0
-98  100  12  0
17  10  56  0
-45  -88  -5  0
100  -40  -15  0
-52  -64  -91  0
46  -16  26  0
-92  6  1  0
-78  66  -79  0
-91  21  -81  0
27  17  -6  0
55  -89  65  0
-95  -59  -85  0
-98  26  6  0
60  -33  23  0
47  43  -71  0
2  41  -19  0
17  47  -79  0
-29  85  -18  0
-66  8  -88  0
60  -57  23  0
-22  -8  -32  0
-13  39  91  0
-7  -95  -99  0
-93  -41  -47  0
76  -60  32  0
-1  13  -86  0
70  27  -3  0
88  31  2  0
-44  -6  54  0
1  32  -21  0
-96  98  7  0
-59  -35  76  0
16  88  41  0
-64  6  16  0
5  33  -80  0
69  -98  86  0
-43  47  -78  0
-5  -36  -17  0
-93  -91  3  0
33  27  96  0
77  -67  37  0
-41  56  -42  0
14  -23  -33  0
-21  -61  56  0
85  40  -70  0
51  -39  9  0
-33  35  -82  0
-78  -54  -39  0
22  31  99  0
-5  -41  -58  0
86  92  -49  0
99  -67  50  0
10  5  -42  0
35  51  -69  0
-29  -46  -51  0
-39  70  -75  0
-47  -68  -17  0
52  93  96  0
8  -35  -18  0
38  -61  -13  0
82  79  -9  0
-60  -57  27  0
20  -81  33  0
-79  5  67  0
-56  -65  75  0
-71  82  31  0
-91  27  -79  0
-63  -95  -28  0
47  57  42  0
-92  45  -49  0
38  6  -17  0
25  -37  79  0
29  47  -37  0
-93  47  6  0
-75  -63  -17  0
-38  -19  -15  0
30  72  90  0
47  14  -79  0
14  -94  8  0
-87  -3  -48  0
-87  38  47  0
62  49  96  0
30  -57  39  0
90  -55  99  0
97  58  -62  0
45  -92  46  0
-26  -44  88  0
73  -83  -50  0
32  9  33  0
-36  -37  -15  0
47  76  -32  0
77  16  28  0
-100  -65  21  0
-5  -59  -87  0
-9  -56  -96  0
-87  66  -97  0
62  -100  83  0
-95  -77  80  0
-1  -51  -94  0
72  48  10  0
9  36  -81  0
12  -20  58  0
77  34  56  0
-32  -86  -72  0
-42  -79  -73  0
57  -12  65  0
5  -24  65  0
-73  33  47  0
75  -47  -55  0
96  -86  -57  0
-69  43  18  0
-17  50  -35  0
3  57  46  0
-10  38  7  0
-12  7  25  0
-4  -36  -23  0
-68  -95  -54  0
-66  3  24  0
22  -16  -10  0
33  -22  -64  0
-3  -63  30  0
42  48  90  0
-19  36  4  0
-9  39  -18  0
97  30  -8  0
-75  83  -30  0
-65  -27  91  0
21  64  12  0
25  55  23  0
37  -94  24  0
-27  40  95  0
-36  17  62  0
54  -17  37  0
-5  96  18  0
59  -81  -17  0
29  -45  -57  0
1  36  31  0
-11  -57  63  0
-36  -30  27  0
57  46  -65  0
5  30  60  0
-84  8  9  0
14  11  20  0
-7  43  99  0
72  89  82  0
87  -86  2  0
45  78  63  0
-90  47  -93  0
34  -89  -82  0
-26  55  89  0
36  -43  -73  0
-59  14  -36  0
-44  -35  -42  0
-87  -52  -19  0
19  -68  -66  0
93  87  4  0
87  -54  -89  0
7  40  -15  0
62  -59  -21  0
7  -45  65  0
-1  -40  16  0
6  -76  74  0
-14  -84  -55  0
-78  -75  -51  0
79  15  -16  0
69  33  -11  0
-3  -44  24  0
-55  -39  -38  0
-70  -95  1  0
-92  8  -35  0
38  -61  34  0
-82  41  -36  0
-20  89  -87  0
-88  -46  63  0
17  -59  -89  0
43  23  -80  0
90  -44  47  0
-96  85  63  0
-93  -50  -73  0
-86  -81  56  0
11  -13  91  0
-67  98  27  0
-27  -25  84  0
-15  36  -78  0
29  23  33  0
66  13  60  0
70  -97  46  0
81  -6  -87  0
-97  -13  21  0
-99  -98  -85  0
19  -47  8  0
-40  58  43  0
-60  -27  -17  0
20  -9  -46  0
29  -43  57  0
98  58  90  0
57  83  20  0
-54  -57  -47  0
-25  -73  26  0
51  -35  -71  0
-63  61  49  0
79  37  -64  0
-89  79  -73  0
74  -6  68  0
-39  21  8  0
24  86  75  0
50  -42  -25  0
64  -39  -87  0
60  2  -49  0
-15  -27  77  0
-11  -16  27  0
-64  90  -54  0
-4  -56  95  0
50  -24  72  0
-62  63  -27  0
57  -33  -88  0
-70  33  -41  0
68  29  -49  0
42  8  64  0
-17  83  20  0
-67  -36  -73  0
-96  -13  34  0
-59  -31  -69  0
-76  -77  65  0
42  -59  -39  0
10  -48  -6  0
-85  63  96  0
65  -5  -87  0
-13  76  -5  0
-57  -48  56  0
89  -72  -55  0
50  -95  13  0
30  74  -80  0
-73  61  -75  0
76  -87  -29  0
63  -5  -29  0
-37  57  61  0
-2  39  -85  0
87  -43  20  0
23  85  -79  0
33  -49  23  0
56  -65  44  0
-65  1  -52  0
-61  17  30  0
6  -38  -28  0
-19  -73  -28  0
-9  -57  -75  0
55  -6  61  0
91  -33  -16  0
-47  -32  33  0
-7  -30  -13  0
2  -15  55  0
10  16  -84  0
22  -48  -91  0
59  -92  1  0
-100  -52  33  0
60  72  -11  0
52  -30  -23  0
46  -28  -81  0
-61  55  3  0
-99  -39  95  0
96  34  -81  0
34  12  35  0
54  9  63  0
-35  -81  92  0
39  71  3  0
-7  87  39  0
42  80  55  0
-34  73  -13  0
-61  57  -30  0
-20  31  19  0
-25  58  79  0
-33  12  27  0
-52  -79  -39  0
-85  82  -48  0
-26  -5  -81  0
22  70  74  0
77  41  -55  0
-3  27  62  0
-100  70  17  0
-92  65  8  0
-12  -82  85  0
-45  -2  -33  0
82  51  100  0
-73  20  51  0
-90  -89  -29  0
-34  -57  14  0
-68  -58  -41  0
-19  72  -91  0
20  -100  64  0
68  10  -55  0
-41  93  47  0
-86  94  28  0
24  61  3  0
96  -68  -54  0
-58  10  27  0
91  -31  -25  0
-47  56  -27  0
6  61  9  0
-34  46  68  0
84  9  43  0
46  72  -44  0
-76  52  -65  0
94  -70  89  0
-34  -33  74  0
-25  58  7  0
83  -32  -37  0
-51  -52  8  0
2  -87  37  0
-83  -15  -54  0
57  17  78  0
20  74  96  0
41  -10  -63  0
-19  77  -66  0
-63  -42  53  0
-62  67  38  0
51  -21  -22  0
64  47  94  0
-59  -100  -23  0
7  57  -80  0
-36  60  -63  0
-65  44  -98  0
41  -39  -85  0
-93  21  -87  0
-96  -3  -47  0
-27  -49  -32  0
-92  42  23  0
90  -25  -49  0
-27  -29  79  0
-87  11  37  0
-71  -90  77  0
-84  -34  48  0
70  85  87  0
77  -27  -52  0
-13  45  61  0
43  92  5  0
-70  -17  71  0
6  -21  47  0
-73  -44  41  0
58  -99  94  0
73  89  -40  0
65  96  -79  0
80  -38  -82  0
-96  49  50  0
99  -23  -7  0
29  85  32  0
19  93  -59  0
-84  -12  100  0
-89  74  -78  0
87  -42  11  0
73  -91  -35  0
-23  54  -48  0
-49  -2  -20  0
-37  46  -95  0
-13  19  87  0
91  -10  52  0
42  78  64  0
