c mkcnf random cnf with seed 44429, max clause length 3
c FORCED SATISFIABLE
c 
p cnf 100  430
35  -28  11  0
34  -65  47  0
-75  -11  -10  0
-18  45  33  0
-25  34  33  0
-79  -44  36  0
10  -14  96  0
74  -63  90  0
-94  69  41  0
-21  40  26  0
82  16  -35  0
-46  41  -9  0
35  -79  70  0
91  77  71  0
70  -90  -85  0
62  97  56  0
9  39  -92  0
-10  45  100  0
-9  66  60  0
63  -75  -1  0
-76  -99  61  0
99  -10  25  0
41  49  7  0
28  64  -11  0
-47  -65  91  0
-36  -44  -13  0
-15  -40  49  0
-60  -59  89  0
-15  23  -51  0
65  -93  -76  0
-97  69  -8  0
20  2  86  0
-2  72  66  0
-83  -44  -63  0
-54  16  78  0
17  -7  -47  0
-67  -16  84  0
62  66  90  0
3  -15  -79  0
-18  8  46  0
-13  -27  -74  0
68  92  87  0
-89  -80  -87  0
28  -4  69  0
96  -84  22  0
45  30  58  0
56  -69  2  0
-86  -70  -10  0
55  -47  -63  0
-96  19  -53  0
41  -80  3  0
-18  -50  -71  0
-51  70  60  0
92  -71  -88  0
84  68  -33  0
-12  -56  14  0
-32  -90  76  0
15  49  -13  0
-75  -13  32  0
-27  31  36  0
79  -60  -97  0
8  67  -99  0
-6  29  20  0
-56  -8  -5  0
64  24  -48  0
12  83  43  0
-29  12  2  0
-69  -88  -54  0
86  32  -17  0
74  -56  -60  0
-75  88  93  0
63  -100  -36  0
95  -73  -91  0
50  -68  -14  0
23  -37  -55  0
-47  -1  45  0
42  -82  52  0
55  98  53  0
-42  -74  91  0
-52  66  28  0
43  63  23  0
-51  95  35  0
25  45  13  0
27  -29  71  0
40  84  54  0
-64  -31  95  0
-76  8  -26  0
-61  15  -48  0
-69  -88  -37  0
15  -20  85  0
-49  59  47  0
-47  -39  90  0
26  -97  45  0
-37  -79  60  0
-94  -70  18  0
-9  40  25  0
2  42  -20  0
78  80  -63  0
-7  -73  57  0
-68  61  88  0
-36  -6  -90  0
91  74  50  0
-54  50  -13  0
94  -26  -91  0
30  80  79  0
40  -9  100  0
-16  -47  -3  0
77  -17  -58  0
-81  8  -78  0
77  25  89  0
-82  -4  19  0
43  29  3  0
90  89  17  0
32  15  40  0
77  6  -8  0
34  16  21  0
-46  17  18  0
98  77  51  0
-86  9  -99  0
-89  42  -88  0
93  -82  54  0
-1  -77  6  0
-72  -62  55  0
74  -11  -55  0
23  -73  44  0
-25  72  -93  0
25  -76  36  0
72  97  -92  0
-64  76  -83  0
63  -8  -27  0
73  12  57  0
-46  -59  -33  0
-59  60  41  0
60  -85  -30  0
49  76  -36  0
-94  47  -19  0
48  -61  -95  0
-21  2  -85  0
11  -70  47  0
-48  75  64  0
52  50  -32  0
55  28  30  0
-32  24  80  0
-37  38  30  0
-87  68  19  0
-98  -99  -4  0
-56  -80  60  0
-77  84  -79  0
62  -28  -65  0
-19  -32  68  0
-54  48  44  0
44  -19  68  0
93  44  -46  0
3  -28  -40  0
-67  96  98  0
22  64  48  0
-60  29  -63  0
-97  52  50  0
-71  -50  68  0
6  86  39  0
98  100  50  0
45  60  -38  0
-93  -41  -1  0
-22  -62  -100  0
-25  97  69  0
-58  64  60  0
27  -49  -11  0
-64  48  49  0
75  5  37  0
98  99  -91  0
-31  64  25  0
50  73  76  0
-57  -7  -51  0
-36  11  -84  0
60  20  88  0
96  79  -20  0
-94  -92  37  0
-82  -97  -36  0
51  77  5  0
74  -17  22  0
-17  -76  -78  0
-33  62  47  0
-92  14  44  0
-8  -69  54  0
70  37  49  0
-23  37  26  0
91  -16  52  0
-94  8  22  0
48  77  11  0
25  -69  56  0
-80  55  -52  0
91  -41  -9  0
-66  16  14  0
-3  -15  75  0
53  80  -87  0
-53  86  -72  0
-5  48  -29  0
3  -88  -78  0
-81  55  -64  0
92  23  -16  0
-7  -38  -82  0
48  -68  79  0
-82  -8  1  0
37  -49  45  0
6  -21  7  0
61  -83  -25  0
91  89  -10  0
-13  81  37  0
69  -14  54  0
-42  74  -67  0
98  -25  8  0
84  69  58  0
-25  -42  48  0
6  -36  17  0
-33  -50  78  0
10  47  9  0
82  27  -48  0
100  -38  -21  0
26  84  36  0
71  99  4  0
-6  -93  69  0
39  -99  59  0
40  73  80  0
81  -28  75  0
98  -60  -53  0
-40  -63  -65  0
-31  -60  4  0
-13  -55  -11  0
-41  60  59  0
-22  43  85  0
-91  -5  87  0
17  -19  -34  0
-60  89  -12  0
-56  -26  30  0
91  -26  -19  0
-49  43  -85  0
-40  26  -63  0
39  -20  -45  0
75  10  67  0
45  -51  23  0
-69  -76  70  0
44  -1  13  0
26  -33  96  0
-67  -24  50  0
-28  -37  -6  0
-11  -64  -27  0
38  97  14  0
-59  -56  -31  0
59  -96  -33  0
54  -96  34  0
-66  -18  -86  0
65  41  -66  0
25  74  92  0
-29  -68  86  0
-63  -2  21  0
62  91  -80  0
19  -23  80  0
-52  -36  29  0
-55  80  66  0
-54  -71  46  0
84  42  40  0
78  -1  59  0
61  98  46  0
-37  86  -43  0
30  38  12  0
-50  -33  95  0
-29  69  -1  0
-65  -32  82  0
84  -22  -44  0
-28  -54  9  0
78  48  -69  0
-30  -6  -69  0
82  -30  60  0
-3  90  67  0
-99  61  -43  0
-26  15  -18  0
98  44  70  0
63  -18  -23  0
-23  72  63  0
69  12  -72  0
-53  7  -92  0
48  68  -43  0
-8  -26  23  0
85  74  -81  0
84  -39  -12  0
31  17  -80  0
-71  80  34  0
15  -93  64  0
-2  92  -54  0
55  34  -29  0
44  79  -68  0
-93  37  49  0
10  -61  86  0
42  21  -75  0
41  -15  -54  0
50  -6  -24  0
-37  26  10  0
74  -76  42  0
70  -99  28  0
14  46  25  0
-49  -97  67  0
3  -67  -24  0
-82  -28  33  0
98  -1  92  0
-30  -81  66  0
-78  -14  23  0
-9  38  91  0
-60  3  -51  0
-100  -98  11  0
39  91  -82  0
-38  23  -79  0
52  53  19  0
-70  -4  -41  0
28  56  -60  0
-80  26  -64  0
-7  -79  10  0
9  -30  91  0
37  1  -76  0
-74  83  24  0
96  -76  54  0
-3  -26  -76  0
-12  -96  37  0
-81  51  -26  0
-89  -5  -1  0
34  -100  -57  0
5  36  52  0
-37  -79  12  0
-61  58  -10  0
-59  -65  -40  0
23  -94  -55  0
-48  -43  -4  0
58  81  -66  0
-74  4  44  0
31  15  48  0
-71  -11  91  0
84  15  86  0
74  -76  20  0
94  75  66  0
47  -100  44  0
-60  3  -20  0
71  31  49  0
91  -87  99  0
13  23  -81  0
75  -82  10  0
-27  35  77  0
-82  -85  45  0
-58  -94  31  0
17  40  77  0
61  53  35  0
-12  89  9  0
-37  -19  -45  0
44  -75  -25  0
88  5  36  0
-46  64  83  0
-56  72  -77  0
-77  73  -93  0
-17  63  -92  0
99  52  -18  0
-47  -38  -45  0
41  -86  89  0
17  7  62  0
-27  12  75  0
64  -10  -93  0
30  -96  -83  0
-34  15  -52  0
-73  -39  -25  0
62  15  -76  0
-31  66  -87  0
58  -26  41  0
-33  -3  -21  0
-54  3  -59  0
-5  -99  74  0
-33  49  -95  0
-35  31  45  0
19  -91  35  0
-93  -53  58  0
18  70  -13  0
-64  -22  85  0
7  50  -28  0
-78  -66  47  0
73  46  -10  0
-79  92  8  0
39  11  -5  0
41  -82  75  0
62  84  -36  0
-69  -39  14  0
24  57  20  0
82  -95  -10  0
-87  81  43  0
-64  -77  -81  0
-14  -50  -42  0
-89  93  -25  0
54  96  70  0
-22  88  -1  0
-6  59  -87  0
2  27  -91  0
47  20  -46  0
22  -43  -41  0
-52  -60  -86  0
58  -62  -33  0
12  63  -21  0
95  -70  -8  0
-93  97  33  0
93  -37  75  0
26  63  56  0
-84  26  4  0
9  35  -53  0
-4  -31  -77  0
67  -20  -24  0
59  47  4  0
-79  86  -97  0
70  -80  -42  0
-10  -15  -70  0
73  45  -86  0
87  -23  -11  0
71  -64  81  0
-53  2  -51  0
27  -96  35  0
96  99  -18  0
-72  -17  35  0
10  87  23  0
-58  -36  -74  0
55  37  51  0
-67  -38  -96  0
-85  -72  -54  0
-11  6  -33  0
-16  33  72  0
-36  24  21  0
41  88  73  0
11  -66  38  0
