c mkcnf random cnf with seed 44409, max clause length 3
c FORCED SATISFIABLE
c 
p cnf 100  430
35  23  94  0
20  68  8  0
1  -2  24  0
39  -54  -77  0
7  14  -52  0
-63  -45  -61  0
-92  21  10  0
-13  -12  -44  0
84  -1  -21  0
2  -50  34  0
-79  56  -61  0
30  12  -72  0
66  -15  90  0
86  62  -42  0
20  15  -7  0
-51  9  47  0
-98  -87  -55  0
72  39  -68  0
24  17  64  0
-10  88  -50  0
-42  31  -73  0
46  -80  -53  0
-85  97  -37  0
11  36  -90  0
-87  41  -16  0
-57  -55  -20  0
3  -34  54  0
-21  -28  -45  0
-77  78  -100  0
-96  -44  -9  0
-39  64  -96  0
64  -6  32  0
-43  -59  -44  0
6  2  50  0
56  50  -90  0
-62  -57  77  0
14  -96  -90  0
58  -45  -68  0
-62  -11  -49  0
58  -86  13  0
-39  37  93  0
94  -68  69  0
-9  84  -73  0
88  -53  45  0
32  97  -52  0
-16  2  -38  0
-83  19  43  0
41  1  60  0
-19  -26  18  0
-82  96  50  0
-47  -51  6  0
15  -94  -69  0
-23  17  55  0
1  69  56  0
-11  17  10  0
-19  93  -48  0
-95  -100  -38  0
-49  -95  -29  0
13  -46  28  0
88  1  63  0
8  -87  -5  0
40  83  60  0
-52  39  25  0
50  32  -20  0
92  71  -79  0
86  -44  -49  0
-56  41  68  0
55  -18  7  0
-19  -75  96  0
29  -24  49  0
-97  74  29  0
-66  -29  -41  0
82  31  -10  0
20  -41  -14  0
-64  -14  50  0
11  -26  31  0
-70  60  -79  0
-42  -8  92  0
-10  -44  6  0
-86  -54  -13  0
-73  -36  27  0
48  -30  -5  0
45  -1  -20  0
-94  72  47  0
100  5  52  0
97  -62  42  0
-94  37  -86  0
-95  -2  -41  0
-82  7  -14  0
-63  -19  -40  0
-24  -80  -60  0
-57  -40  -30  0
63  -2  -64  0
48  60  10  0
-33  -54  14  0
45  -21  4  0
74  -85  -68  0
10  -99  -100  0
-47  -14  -7  0
-48  -58  29  0
-49  -50  9  0
-35  75  80  0
69  -94  93  0
-70  67  -88  0
29  -97  52  0
45  -61  -44  0
45  65  9  0
15  33  -96  0
85  62  -69  0
-60  2  3  0
54  -82  -2  0
77  98  -71  0
79  96  -18  0
-24  -67  -33  0
-62  -17  -4  0
-2  15  53  0
-59  -35  -43  0
77  -79  -36  0
-86  -98  -13  0
88  -14  8  0
89  -81  37  0
-70  28  48  0
-6  38  5  0
-69  -77  -91  0
-46  28  44  0
11  72  13  0
18  -96  13  0
-88  54  -87  0
37  -77  44  0
-26  3  44  0
74  28  1  0
37  27  -91  0
-76  6  3  0
-35  -93  -26  0
74  -16  94  0
1  74  -90  0
1  -9  37  0
36  7  -26  0
2  -91  66  0
10  19  -48  0
77  24  -57  0
5  -69  -98  0
-72  39  -67  0
-29  -32  46  0
61  -30  -42  0
-8  -78  43  0
-7  -73  10  0
29  75  79  0
-88  -54  -82  0
5  -67  68  0
30  -55  78  0
-68  -14  -23  0
-36  10  -74  0
-64  -10  43  0
12  -67  -3  0
-56  50  74  0
56  83  -43  0
55  29  17  0
99  -79  56  0
85  28  98  0
29  -53  32  0
80  98  -22  0
74  4  89  0
-100  -91  -70  0
-66  40  -69  0
19  4  35  0
-25  17  -98  0
67  72  30  0
85  26  100  0
-25  69  73  0
48  49  -30  0
33  -52  14  0
57  -86  -45  0
50  -40  9  0
82  37  86  0
-88  16  69  0
9  81  -84  0
89  42  57  0
98  -75  21  0
-43  -23  79  0
1  -17  24  0
-88  61  -8  0
79  -21  95  0
-10  66  33  0
15  20  -89  0
-66  -87  -46  0
-99  -34  -58  0
-80  -68  18  0
-35  17  20  0
53  76  48  0
66  3  -34  0
86  36  -10  0
58  -82  65  0
4  72  -75  0
91  44  -93  0
59  38  96  0
-35  30  -33  0
-24  -48  96  0
-78  67  83  0
52  -54  -87  0
3  85  78  0
58  -11  29  0
9  -41  43  0
66  3  8  0
-54  96  -20  0
-74  -68  38  0
32  99  91  0
31  72  -5  0
-56  -95  7  0
-10  -86  -100  0
-93  51  64  0
-66  -97  -23  0
26  49  77  0
-89  -41  -91  0
49  -85  48  0
100  -7  -43  0
-3  -66  75  0
28  -15  57  0
76  74  27  0
-1  -11  55  0
59  -69  -95  0
-37  -91  -4  0
-28  37  36  0
-2  32  56  0
10  29  69  0
-65  -51  -46  0
41  -100  91  0
-71  81  40  0
3  -13  -54  0
4  8  -86  0
-63  38  87  0
38  -3  -8  0
-72  -80  -51  0
61  -36  66  0
-23  76  -2  0
-22  -28  17  0
-2  4  -34  0
-93  88  78  0
-70  82  -75  0
-52  -56  -26  0
88  53  94  0
-19  -7  -99  0
-62  -53  85  0
-49  -67  19  0
-51  1  -91  0
65  -21  -8  0
6  62  -65  0
-58  57  -56  0
-87  19  -29  0
19  49  -47  0
84  17  -64  0
-68  -46  91  0
-83  -79  -51  0
-59  -94  30  0
93  50  46  0
75  -27  -65  0
54  8  52  0
-22  -56  68  0
-10  55  -48  0
90  -86  82  0
-36  26  31  0
47  -42  85  0
12  40  -22  0
-81  23  83  0
-49  95  9  0
90  -96  -45  0
-60  96  89  0
57  -9  60  0
-70  71  78  0
-12  -18  3  0
-43  71  30  0
80  -12  -54  0
77  8  -38  0
-33  -85  -30  0
-94  65  29  0
93  66  -81  0
18  24  -19  0
-87  14  -25  0
11  20  -51  0
57  9  99  0
-84  18  -11  0
-26  -82  -66  0
39  -35  34  0
-8  25  -68  0
63  74  -22  0
-41  -82  73  0
45  55  -22  0
-54  100  21  0
65  14  -93  0
-18  14  40  0
-49  40  -52  0
54  32  34  0
84  -64  30  0
-56  -38  -27  0
60  -98  3  0
-52  -12  38  0
-61  75  -99  0
50  -4  -71  0
18  -12  27  0
61  -47  94  0
98  39  -7  0
-25  -38  -11  0
95  20  -89  0
-60  -4  -99  0
85  48  15  0
92  61  3  0
-44  -51  -95  0
19  -16  34  0
47  -57  -42  0
13  -53  -24  0
33  -13  -22  0
11  5  -46  0
-1  -86  89  0
3  56  55  0
-36  -100  42  0
-83  -81  -36  0
45  72  -38  0
2  -52  40  0
62  -39  9  0
-22  -60  -6  0
-27  62  2  0
-75  99  -61  0
85  48  -41  0
-83  -39  17  0
-21  92  -50  0
-37  -46  -75  0
11  33  -76  0
70  59  19  0
7  -44  -55  0
-20  -64  -14  0
85  100  13  0
8  -32  -87  0
-65  -87  85  0
-57  80  -30  0
11  -95  -74  0
55  -68  -31  0
-70  38  -12  0
67  17  55  0
-39  -83  -70  0
36  93  82  0
-72  -53  8  0
43  93  8  0
-20  -32  39  0
50  -74  -61  0
95  -51  50  0
25  13  93  0
50  -18  -78  0
7  54  56  0
-11  -13  58  0
-11  -68  -35  0
9  -36  -76  0
75  66  -15  0
16  -3  63  0
80  81  -30  0
23  81  62  0
-83  21  -98  0
50  65  -19  0
79  10  36  0
-21  -84  33  0
-87  -43  -51  0
20  59  15  0
54  -1  -49  0
-10  -73  -66  0
42  -14  83  0
-95  1  39  0
66  69  -3  0
20  -7  46  0
-15  76  42  0
72  16  -47  0
30  70  -34  0
-42  47  85  0
45  10  87  0
-69  -62  90  0
59  -11  64  0
-76  -41  -11  0
9  -48  -39  0
-87  53  -29  0
-93  91  8  0
-57  -10  45  0
2  97  -75  0
99  13  -35  0
-37  -94  -1  0
-3  63  69  0
27  -39  14  0
11  -90  -95  0
13  37  3  0
-39  -63  85  0
33  -81  -8  0
90  -52  -17  0
5  -71  58  0
38  23  92  0
-92  81  63  0
-48  -80  93  0
1  36  -8  0
5  -52  -1  0
-44  5  -100  0
-88  80  -77  0
46  56  99  0
-85  -93  99  0
31  89  -73  0
-6  77  -7  0
-70  -3  -33  0
34  65  56  0
-68  27  17  0
-6  -63  -72  0
53  24  -83  0
-36  -45  -47  0
-35  2  86  0
-56  -94  71  0
-33  -5  12  0
-79  -30  57  0
51  -68  72  0
6  32  -51  0
72  98  -70  0
69  49  -29  0
-72  -66  -68  0
97  96  98  0
38  83  -36  0
53  8  43  0
96  -18  -5  0
12  63  -55  0
-49  -97  3  0
30  70  -67  0
-20  -54  60  0
37  20  -90  0
88  -40  -33  0
89  20  -15  0
-74  63  -88  0
45  74  -78  0
97  -100  -26  0
