c mkcnf random cnf with seed 608943, max clause length 3
c FORCED SATISFIABLE
c 
p cnf 20  86
13  -12  4  0
12  1  -9  0
-11  -2  -18  0
12  -9  8  0
-1  -18  -14  0
-17  6  10  0
13  17  14  0
17  -1  -3  0
6  -4  3  0
20  5  7  0
18  10  19  0
11  20  -12  0
-8  3  -14  0
1  -19  -3  0
6  3  16  0
-14  -4  -18  0
15  11  16  0
12  8  -10  0
-16  2  -1  0
9  -8  10  0
4  16  2  0
-11  -2  -19  0
-20  -3  19  0
7  -9  -2  0
10  -18  -5  0
17  8  -13  0
-1  -10  -19  0
8  20  15  0
-1  7  -13  0
1  10  4  0
-18  1  10  0
17  -2  -8  0
8  19  -16  0
-10  -16  -2  0
4  6  -7  0
-12  20  -8  0
1  19  -11  0
-19  2  -7  0
4  -19  -20  0
-10  -9  17  0
5  -4  -2  0
6  -17  18  0
-10  -14  17  0
-11  -18  9  0
-2  6  -17  0
2  -13  14  0
1  13  -5  0
-1  13  11  0
5  8  -10  0
-13  3  9  0
19  -3  12  0
14  -8  -2  0
-2  8  -5  0
-2  -9  8  0
-1  4  -18  0
-10  18  3  0
-6  12  -20  0
-13  7  -20  0
8  -16  18  0
18  -17  -15  0
-2  -11  7  0
13  -18  -14  0
10  11  12  0
11  19  16  0
10  1  20  0
-1  -20  -6  0
-10  14  -18  0
3  -10  -2  0
4  10  3  0
10  -13  20  0
4  20  19  0
-11  13  -19  0
-17  -7  -9  0
16  13  -2  0
-1  -9  -5  0
-14  16  -11  0
1  -15  5  0
-2  11  -4  0
-14  -13  -3  0
19  -4  16  0
-17  -16  -3  0
-15  -20  4  0
-14  -18  5  0
8  18  20  0
-20  18  -4  0
-18  -6  -10  0
