c mkcnf random cnf with seed 608919, max clause length 3
c FORCED SATISFIABLE
c 
p cnf 20  86
-12  1  19  0
5  -7  -15  0
13  -18  5  0
-11  -20  -7  0
-15  3  -20  0
-8  -10  5  0
14  -10  -9  0
-15  -9  8  0
15  8  -3  0
14  -7  -16  0
14  18  -7  0
2  9  18  0
3  6  16  0
-1  11  18  0
16  6  2  0
-5  3  13  0
6  -19  18  0
6  18  8  0
-3  -13  -14  0
5  3  -1  0
-16  -7  17  0
1  -11  -5  0
10  -19  -6  0
-15  -7  -3  0
-9  15  -8  0
17  -2  10  0
1  13  7  0
-10  4  -5  0
14  10  1  0
-19  -7  -4  0
-12  -7  -20  0
5  3  -8  0
2  -18  3  0
8  16  17  0
4  3  -9  0
-10  13  -5  0
-5  11  -10  0
-9  4  -1  0
-14  11  18  0
14  11  8  0
-17  -13  -18  0
17  15  10  0
-7  4  -13  0
-17  2  5  0
3  -16  11  0
-2  15  4  0
-8  18  13  0
18  -10  13  0
-1  10  19  0
-18  -12  -5  0
13  -18  11  0
-13  20  -3  0
-1  8  -4  0
-7  -15  -19  0
16  -14  2  0
-2  5  1  0
19  20  7  0
-8  -16  -3  0
1  15  17  0
-6  5  12  0
-16  3  -2  0
-8  1  -11  0
-18  2  -7  0
19  7  -13  0
-10  20  12  0
10  5  15  0
-3  1  16  0
-3  12  -18  0
-16  -10  9  0
6  -20  -11  0
-2  -11  -9  0
2  -11  10  0
-6  -1  -14  0
-16  -4  -2  0
17  -18  -19  0
-1  -4  10  0
14  -8  -11  0
9  -19  11  0
19  16  -4  0
2  -3  -10  0
12  19  -16  0
-19  11  7  0
-5  -9  8  0
8  13  5  0
-1  12  -10  0
-3  -15  -7  0
