c mkcnf random cnf with seed 608922, max clause length 3
c FORCED SATISFIABLE
c 
p cnf 20  86
10  17  12  0
-3  14  2  0
6  -12  17  0
-11  15  -19  0
16  9  -14  0
-13  -5  -8  0
-20  -5  13  0
13  2  3  0
-18  3  10  0
-18  -14  11  0
19  -16  -5  0
-3  18  -1  0
-6  -15  19  0
4  -14  -9  0
-6  2  11  0
1  -10  -2  0
-18  3  7  0
-7  10  -4  0
-6  5  14  0
8  -1  19  0
1  -12  16  0
-5  -15  -11  0
9  -4  -2  0
-11  -5  -2  0
6  14  -1  0
-2  8  -20  0
-9  -14  -11  0
17  -1  20  0
-8  3  -17  0
4  3  2  0
18  -4  17  0
-8  4  6  0
6  11  -9  0
5  -12  -4  0
-10  17  -14  0
18  16  -19  0
7  -1  18  0
-9  -6  -20  0
12  7  11  0
13  -17  -3  0
-7  18  -10  0
13  -10  1  0
19  -11  18  0
-19  -2  16  0
-13  -15  14  0
-18  10  15  0
17  12  -14  0
-13  -9  12  0
-7  6  -15  0
19  16  15  0
8  -1  19  0
-5  18  -1  0
-17  20  -4  0
16  -19  18  0
4  -15  13  0
9  -4  -2  0
5  -10  7  0
-14  11  -18  0
18  4  10  0
20  16  4  0
6  -12  -7  0
13  -7  3  0
15  11  -3  0
-14  -4  11  0
16  17  19  0
19  -5  -16  0
1  15  -11  0
-14  6  17  0
10  16  17  0
-18  -14  15  0
-7  -14  20  0
11  -12  14  0
12  -1  17  0
-1  -19  9  0
-13  10  5  0
20  16  13  0
16  -7  -1  0
-2  11  -19  0
-3  -8  -10  0
-2  11  -7  0
-18  14  -5  0
-16  -4  3  0
17  5  13  0
-6  13  10  0
-2  3  15  0
-5  6  -8  0
