c mkcnf random cnf with seed 608895, max clause length 3
c FORCED SATISFIABLE
c 
p cnf 20  86
12  9  -14  0
-8  18  -7  0
14  13  -5  0
-16  -20  4  0
-5  1  20  0
-12  1  18  0
5  -10  -6  0
-17  1  8  0
10  -8  -19  0
-5  -14  -17  0
16  8  12  0
1  9  5  0
16  -2  14  0
2  19  -1  0
-18  -17  15  0
-6  14  -15  0
19  10  8  0
17  8  -1  0
14  7  -19  0
9  -6  4  0
18  6  20  0
-2  15  -16  0
-13  11  15  0
12  -9  14  0
11  12  -15  0
-4  13  -19  0
1  10  20  0
8  -7  -15  0
9  2  -11  0
5  -20  12  0
6  -20  13  0
1  -9  -8  0
-17  1  -13  0
-6  -16  -18  0
10  8  6  0
-16  -17  -7  0
16  -4  18  0
-5  15  -2  0
15  -5  -14  0
-3  -2  -14  0
7  -11  -14  0
7  -10  3  0
-4  -19  17  0
-5  -10  -20  0
16  3  7  0
-14  3  -18  0
14  5  16  0
-17  2  3  0
1  16  -12  0
4  1  -17  0
14  -10  6  0
-6  3  -20  0
3  10  9  0
10  -12  4  0
-11  19  14  0
17  6  19  0
-2  -8  -13  0
-18  -15  -5  0
-2  -5  8  0
-13  14  9  0
16  6  -19  0
-2  19  -15  0
-11  8  -19  0
-9  -1  -10  0
-13  -1  -4  0
9  -6  -7  0
-8  5  19  0
8  -11  -16  0
-15  19  16  0
18  -14  -8  0
-3  -13  -1  0
-16  4  -20  0
15  -4  19  0
-2  -4  9  0
-8  -2  -11  0
-11  -20  13  0
12  17  -8  0
-7  -18  6  0
-1  3  12  0
19  -14  -6  0
17  -2  5  0
9  15  12  0
-18  -13  8  0
-20  -1  17  0
4  11  -1  0
12  -19  -8  0
