c mkcnf random cnf with seed 608888, max clause length 3
c FORCED SATISFIABLE
c 
p cnf 20  86
-18  -10  4  0
-9  19  -4  0
-10  -4  -13  0
-2  -5  18  0
-13  7  -20  0
-2  -12  10  0
-19  -5  1  0
14  2  -17  0
-15  -11  3  0
-11  -19  17  0
-16  -11  18  0
-9  -19  -7  0
-12  -6  18  0
16  17  -19  0
-10  8  -19  0
-17  -16  1  0
-8  5  6  0
9  -3  -8  0
5  20  -12  0
20  -17  -16  0
16  -6  1  0
12  -2  -16  0
-8  2  -5  0
-11  -20  -16  0
-8  11  3  0
19  3  12  0
19  15  8  0
-20  -6  11  0
-15  11  -4  0
2  -14  12  0
-19  12  -8  0
6  13  -7  0
-11  -16  -10  0
-10  -13  -3  0
-3  -1  18  0
-10  -6  -7  0
-5  -7  -15  0
20  -2  8  0
2  -4  9  0
-5  -12  -2  0
-17  6  7  0
20  -8  -6  0
-10  19  2  0
-4  -16  18  0
-11  -2  -17  0
1  10  20  0
-8  -16  6  0
6  8  16  0
11  -16  12  0
2  -16  19  0
-5  -6  20  0
8  19  16  0
11  19  16  0
7  -8  -4  0
2  3  -13  0
14  5  -3  0
10  20  -11  0
-14  8  5  0
-14  18  -9  0
-6  -8  13  0
3  16  -2  0
11  18  10  0
-20  9  14  0
-7  1  11  0
-13  -6  -20  0
17  -16  5  0
3  -8  11  0
-15  -7  -3  0
-14  11  -12  0
19  -8  -2  0
-7  20  4  0
19  -18  -9  0
1  6  -10  0
7  -1  -10  0
15  16  -19  0
-7  8  2  0
-5  13  9  0
-9  14  -3  0
-18  -4  2  0
19  14  20  0
-14  -15  -10  0
20  -16  4  0
11  -15  10  0
12  -2  4  0
-14  17  10  0
-13  9  -2  0
