c mkcnf random cnf with seed 608909, max clause length 3
c FORCED SATISFIABLE
c 
p cnf 20  86
-1  -13  2  0
12  14  1  0
4  -11  15  0
-17  9  4  0
13  5  4  0
8  -14  13  0
13  -1  -10  0
2  13  12  0
20  13  -2  0
-1  2  14  0
19  -14  -10  0
1  9  -20  0
-1  6  20  0
13  19  -10  0
-8  -15  17  0
-16  17  15  0
-2  -4  -5  0
5  14  1  0
14  -5  19  0
-1  7  -9  0
9  -3  19  0
16  -12  3  0
-2  -1  16  0
-1  -12  -17  0
-4  -2  -18  0
6  -12  -17  0
7  -1  -14  0
5  -12  -20  0
20  -5  14  0
18  20  -2  0
1  12  2  0
8  -14  -10  0
-2  -8  -15  0
7  -12  -20  0
-12  18  1  0
18  -11  14  0
-2  -20  -15  0
9  20  -3  0
-7  -18  19  0
17  4  15  0
-17  11  -3  0
-3  -16  -15  0
15  -18  -20  0
-2  -11  -16  0
5  15  -18  0
-2  -14  9  0
6  2  11  0
-4  13  -12  0
-9  -6  -7  0
15  11  13  0
-9  15  11  0
-12  8  4  0
-4  13  2  0
-1  14  -5  0
-4  12  -5  0
4  -12  10  0
-2  20  15  0
16  17  8  0
8  7  -20  0
19  16  -11  0
-2  -7  -10  0
19  -10  -9  0
-9  -4  -1  0
1  20  16  0
-16  19  -3  0
-5  13  -9  0
4  18  17  0
-20  -11  -5  0
7  -13  -20  0
18  9  -19  0
-13  -11  -8  0
-1  -10  -4  0
4  7  3  0
8  -10  1  0
-17  10  6  0
-19  -7  13  0
9  18  -10  0
12  -9  -3  0
-14  -17  15  0
16  2  17  0
4  -11  12  0
11  14  6  0
-15  20  -7  0
2  -16  -1  0
2  12  15  0
-14  -3  5  0
