c mkcnf random cnf with seed 608890, max clause length 3
c FORCED SATISFIABLE
c 
p cnf 20  86
-16  15  5  0
-14  -11  5  0
-3  -7  14  0
-9  -7  10  0
-14  15  17  0
-4  -12  -6  0
-20  13  16  0
-20  -14  9  0
5  6  3  0
-3  19  11  0
-13  -14  1  0
-20  -8  18  0
-16  -14  7  0
-4  -15  -13  0
-20  -4  10  0
-12  -18  -19  0
-2  -15  -13  0
-9  10  14  0
6  -3  2  0
-4  -9  16  0
-11  8  -20  0
11  13  19  0
11  15  -4  0
-8  -20  -4  0
-20  2  1  0
13  17  -14  0
2  -1  11  0
-8  -5  -6  0
15  -7  18  0
17  15  10  0
5  9  -16  0
18  -5  17  0
-10  16  -18  0
3  11  -8  0
-12  -6  -4  0
12  -15  18  0
-7  -6  15  0
-16  20  19  0
-3  -7  -12  0
-11  12  18  0
-7  4  -9  0
-2  -11  16  0
11  -17  1  0
20  -10  -7  0
10  5  -20  0
-20  3  -16  0
-7  -8  2  0
-12  -18  -9  0
-2  -19  -15  0
-10  -20  4  0
-3  -4  11  0
13  -6  -3  0
-6  -12  18  0
-7  13  -10  0
-19  -8  18  0
4  -5  15  0
14  5  13  0
9  -7  -17  0
18  17  -14  0
-3  4  -5  0
11  -1  -15  0
14  -1  -15  0
-14  -11  -2  0
-4  14  -10  0
-13  -3  12  0
15  5  -3  0
-9  -4  -18  0
-8  7  11  0
18  2  -20  0
14  7  3  0
-12  -14  6  0
17  -19  -12  0
-7  12  -1  0
19  16  -5  0
4  3  19  0
-11  -7  -15  0
11  -17  15  0
-5  -20  19  0
-4  -20  -1  0
-18  -2  16  0
7  -15  11  0
12  -20  11  0
5  8  20  0
-7  -19  4  0
-12  7  -13  0
-14  5  -20  0
