c mkcnf random cnf with seed 608947, max clause length 3
c FORCED SATISFIABLE
c 
p cnf 20  86
9  7  14  0
-20  7  -19  0
-11  10  15  0
-17  15  10  0
-11  -9  -20  0
3  -2  14  0
-16  -3  5  0
11  -19  10  0
-17  11  14  0
-17  -12  15  0
8  -10  16  0
-1  -2  6  0
-6  10  -17  0
17  -3  -11  0
-1  17  19  0
-4  3  18  0
12  2  -9  0
3  -8  -16  0
-12  -8  2  0
-18  -6  7  0
11  5  -6  0
17  -1  3  0
-6  12  -10  0
9  -7  -13  0
9  -10  -7  0
18  1  4  0
6  16  -4  0
-10  3  15  0
15  7  20  0
18  2  -4  0
-12  5  6  0
-1  15  4  0
-17  -16  2  0
16  -7  9  0
-17  10  -9  0
12  20  7  0
6  -1  -15  0
-8  4  6  0
16  -9  -13  0
-14  -13  11  0
9  -2  5  0
20  11  16  0
-1  13  -4  0
-3  -17  -6  0
-6  -8  -15  0
12  -17  -4  0
9  16  13  0
4  -17  -12  0
-8  -2  12  0
16  -20  -8  0
-6  15  4  0
-17  -6  -2  0
12  -9  17  0
12  -5  -17  0
-15  -10  -2  0
14  16  -19  0
-6  15  4  0
-3  11  -5  0
7  2  -14  0
-19  15  10  0
-5  15  -17  0
19  -3  -5  0
6  -2  4  0
1  -17  11  0
18  -7  17  0
-11  14  3  0
-11  17  9  0
4  9  -15  0
17  18  -4  0
17  13  1  0
18  5  -17  0
-17  10  -14  0
-4  -17  -14  0
-13  -10  19  0
15  -20  -19  0
3  -13  20  0
2  -5  14  0
9  -18  -16  0
7  -2  -17  0
10  3  -12  0
-3  -1  -2  0
-14  -3  -20  0
3  -15  -12  0
-12  -17  15  0
3  -20  -15  0
-3  -20  -6  0
