c mkcnf random cnf with seed 608948, max clause length 3
c FORCED SATISFIABLE
c 
p cnf 20  86
-8  -6  -12  0
-17  9  12  0
-8  19  3  0
-13  -18  3  0
-8  -14  -4  0
-14  6  11  0
-8  -17  14  0
-8  -12  -9  0
13  5  3  0
-4  11  14  0
17  -3  10  0
-16  9  10  0
8  -12  -13  0
-10  2  14  0
-15  -3  -7  0
1  -16  19  0
-16  13  8  0
20  -1  -15  0
-10  19  -2  0
-3  20  19  0
1  -17  14  0
-15  2  18  0
12  9  6  0
-5  18  4  0
-3  -14  -1  0
-9  -11  16  0
-3  -14  11  0
-10  15  -14  0
-8  -20  -1  0
-4  -8  15  0
-6  4  -3  0
-20  9  14  0
-15  1  -14  0
-13  -18  -4  0
20  -3  -12  0
10  17  15  0
9  12  -8  0
11  -19  -15  0
-19  9  -17  0
16  18  -8  0
20  -8  6  0
-10  12  -15  0
-20  -13  11  0
-13  -16  4  0
15  -11  3  0
-8  17  -13  0
19  -9  -8  0
16  -12  13  0
4  14  9  0
13  10  19  0
1  -3  -16  0
-6  -8  -5  0
-3  8  9  0
11  -10  -15  0
-17  15  -1  0
6  9  20  0
-5  14  1  0
10  14  4  0
-7  17  6  0
5  -17  -3  0
-8  7  -12  0
-13  20  -14  0
19  -12  -4  0
14  17  7  0
-17  -15  -3  0
12  -20  -3  0
8  6  -13  0
14  6  -3  0
-17  -5  -15  0
17  -18  16  0
3  -10  -16  0
-10  -5  9  0
4  14  -20  0
-17  -2  -9  0
20  -9  -10  0
3  13  2  0
-20  10  5  0
10  -15  -3  0
9  -3  2  0
-12  15  8  0
4  9  -19  0
12  19  -14  0
8  -10  -6  0
8  -16  -4  0
19  12  -11  0
17  11  12  0
