c mkcnf random cnf with seed 608942, max clause length 3
c FORCED SATISFIABLE
c 
p cnf 20  86
-13  -6  15  0
-20  -17  19  0
16  -6  18  0
-3  -19  -6  0
-15  14  13  0
-18  5  -3  0
-13  17  -15  0
-3  -7  1  0
-9  20  1  0
-11  -8  13  0
-13  3  -5  0
-13  11  9  0
-20  -18  -4  0
9  4  -15  0
7  -17  2  0
-4  -17  6  0
5  -9  -4  0
10  -17  13  0
-19  16  -10  0
8  2  11  0
5  -17  -11  0
-9  5  -10  0
10  6  9  0
-4  12  -2  0
-13  -4  -6  0
1  8  20  0
-13  -17  1  0
19  -3  6  0
-9  -18  8  0
-7  20  2  0
2  -17  -15  0
5  -9  -4  0
-18  1  -17  0
19  -13  -18  0
-3  -12  -15  0
-13  -15  4  0
-8  20  17  0
-2  3  -20  0
-15  8  -10  0
-16  -20  9  0
-7  1  5  0
7  -20  2  0
18  11  -10  0
9  7  -3  0
2  -19  16  0
-12  11  -13  0
-13  4  11  0
-2  -18  -13  0
6  8  1  0
-18  -8  19  0
-14  -2  4  0
-15  -14  16  0
-14  -12  -3  0
11  1  -7  0
-2  19  -3  0
6  12  2  0
-10  -3  -6  0
3  -5  17  0
1  2  20  0
13  3  17  0
-10  7  -19  0
14  5  -4  0
6  -20  14  0
4  -5  -17  0
-6  13  -15  0
-8  -6  -16  0
6  -12  9  0
17  6  5  0
18  10  -16  0
-9  -1  2  0
-18  14  -19  0
-12  -9  18  0
20  -9  -11  0
-6  11  8  0
12  1  -8  0
-19  10  13  0
-1  20  -8  0
19  -7  -10  0
-14  -10  -11  0
5  12  -11  0
4  -8  -1  0
12  -2  -10  0
-20  -16  19  0
13  7  1  0
7  -9  18  0
-17  -12  8  0
