c mkcnf random cnf with seed 608971, max clause length 3
c FORCED SATISFIABLE
c 
p cnf 20  86
9  -19  -6  0
-3  1  -19  0
20  -15  17  0
-17  -20  -11  0
1  12  -14  0
9  7  15  0
-19  -4  -17  0
-5  14  15  0
18  8  7  0
-2  18  -16  0
-18  -4  14  0
3  -10  -4  0
11  1  5  0
1  -19  20  0
17  6  4  0
6  5  -16  0
9  -4  -11  0
2  -5  -19  0
-7  19  1  0
-8  -19  -11  0
-18  6  2  0
-1  2  -3  0
1  12  19  0
6  13  1  0
-17  -12  -6  0
12  -8  1  0
-9  -2  8  0
-4  12  19  0
-10  9  -3  0
-5  7  15  0
-20  6  -2  0
-11  -19  -13  0
7  -3  -20  0
-12  -8  -5  0
5  20  9  0
-3  10  -20  0
-14  6  -16  0
-9  1  -8  0
4  1  -17  0
-11  -10  -3  0
-19  -20  7  0
-17  -8  4  0
-13  15  -10  0
-12  -19  1  0
-20  -11  -1  0
-7  14  6  0
-3  -17  -14  0
15  5  -10  0
20  -19  -13  0
15  -6  -20  0
-2  -13  -19  0
6  1  -16  0
17  12  19  0
3  -16  20  0
16  1  -7  0
-20  19  17  0
-1  4  -9  0
6  -12  -10  0
-11  -1  -13  0
5  -17  -16  0
-1  -9  -17  0
-6  8  -5  0
16  2  11  0
3  -18  20  0
15  11  -14  0
3  11  -8  0
17  -1  -12  0
-20  12  18  0
-12  -17  -10  0
-14  -10  2  0
-2  -6  9  0
-5  3  20  0
-2  10  -14  0
-11  2  -3  0
-17  -3  15  0
17  15  16  0
14  -9  4  0
15  13  10  0
14  4  -20  0
12  6  -17  0
-4  -20  17  0
16  12  -4  0
11  -15  6  0
9  7  -13  0
20  12  14  0
11  -12  -2  0
