c mkcnf random cnf with seed 608940, max clause length 3
c FORCED SATISFIABLE
c 
p cnf 20  86
15  16  -10  0
-14  15  13  0
-12  -16  -10  0
19  3  -4  0
-5  -4  13  0
2  6  1  0
3  -12  -17  0
-11  -2  -15  0
15  1  18  0
-3  -20  -1  0
15  -16  -2  0
-4  -19  -7  0
-17  -11  20  0
2  -19  15  0
14  -15  -18  0
11  -17  10  0
3  15  -18  0
8  -4  -19  0
12  -2  -14  0
-10  13  17  0
8  -16  13  0
-18  -7  -20  0
-4  17  -5  0
8  9  -7  0
16  9  8  0
-17  -2  -18  0
-2  -7  11  0
12  18  14  0
15  7  -1  0
4  2  -16  0
13  1  -6  0
15  17  11  0
-3  16  15  0
13  -16  -7  0
-11  6  8  0
-15  1  13  0
-10  -2  -9  0
7  -20  5  0
-13  15  -17  0
-8  -5  9  0
-10  -7  9  0
-5  18  -14  0
14  10  -2  0
18  -14  -5  0
11  -7  10  0
-15  19  20  0
-7  11  -6  0
12  5  20  0
-14  -19  -1  0
-14  -3  10  0
-18  -11  -20  0
2  -10  -11  0
8  -6  11  0
17  -12  -7  0
1  -10  8  0
-15  13  1  0
-16  18  -15  0
17  -20  9  0
9  14  1  0
15  -5  -16  0
-4  19  -5  0
-16  8  11  0
-7  14  -17  0
-4  1  -13  0
10  -12  -19  0
-4  -6  11  0
-9  14  -5  0
20  -4  6  0
-14  -9  15  0
9  8  -3  0
-19  -3  15  0
10  13  14  0
12  11  -15  0
2  -20  -14  0
16  -13  9  0
-2  -9  -13  0
-2  -9  8  0
4  -2  -19  0
20  -12  -16  0
13  1  19  0
16  10  17  0
-20  19  6  0
13  -10  -1  0
-9  -3  -8  0
-13  -19  8  0
3  19  -13  0
