c mkcnf random cnf with seed 608906, max clause length 3
c FORCED SATISFIABLE
c 
p cnf 20  86
-3  -16  -9  0
17  12  13  0
-19  12  -13  0
-17  7  -15  0
1  -18  20  0
-17  -11  -3  0
-7  5  6  0
4  1  -2  0
-11  -20  6  0
8  9  -15  0
-18  10  3  0
-11  8  2  0
-17  -8  7  0
10  -11  -8  0
16  -15  3  0
3  -17  11  0
11  -6  12  0
12  -16  8  0
10  16  5  0
-2  -15  7  0
-12  7  3  0
-3  15  16  0
-3  20  2  0
8  -19  -13  0
-7  2  -3  0
7  12  -10  0
3  5  8  0
-1  -13  4  0
-3  16  10  0
-15  19  6  0
16  7  -8  0
7  -15  -20  0
-19  -7  13  0
8  5  16  0
-6  10  1  0
6  -20  10  0
-2  13  -7  0
6  -3  -9  0
15  5  3  0
17  -2  7  0
19  7  -17  0
-4  -9  -14  0
-12  4  8  0
-10  12  18  0
-3  -5  -1  0
17  -11  -20  0
11  2  19  0
-10  18  -19  0
5  -1  9  0
-14  -18  17  0
-13  7  -1  0
-12  15  3  0
-7  11  1  0
-17  -3  12  0
-9  -11  -1  0
7  -11  -3  0
-7  14  -2  0
-15  10  -6  0
-19  -14  4  0
-10  -6  14  0
-1  11  3  0
2  17  1  0
16  8  -4  0
7  -11  20  0
4  -16  7  0
8  1  -6  0
14  -17  -8  0
14  -12  15  0
19  20  -14  0
-16  -5  8  0
-12  4  -20  0
-14  9  -1  0
4  -14  12  0
9  -14  18  0
16  -17  -8  0
-7  -15  -12  0
-5  -20  -9  0
11  17  1  0
-19  -8  15  0
-17  -6  20  0
3  1  8  0
3  -9  16  0
-15  -2  3  0
-18  1  17  0
-14  2  -16  0
14  -1  -16  0
