c mkcnf random cnf with seed 608925, max clause length 3
c FORCED SATISFIABLE
c 
p cnf 20  86
7  -14  5  0
-11  18  4  0
-18  -11  -16  0
9  -14  1  0
12  1  -19  0
9  4  10  0
2  9  1  0
-20  18  1  0
-12  -5  -20  0
6  2  18  0
-14  -19  -4  0
-20  16  12  0
6  -11  -20  0
-7  20  -9  0
2  -5  16  0
11  -6  -4  0
11  -18  9  0
-2  -20  -9  0
-4  -20  -16  0
11  10  -13  0
-11  15  13  0
-12  -6  7  0
-7  -20  16  0
16  -7  -4  0
18  -8  -5  0
12  -15  19  0
13  -17  -4  0
6  7  -19  0
6  -8  -15  0
-11  17  12  0
2  20  -13  0
14  19  7  0
-14  -18  7  0
16  12  7  0
-19  -17  -6  0
3  -10  -16  0
8  -5  -11  0
19  -10  20  0
3  15  2  0
20  -10  -4  0
5  -16  -19  0
-5  -8  -13  0
-16  5  20  0
1  9  -15  0
-18  -7  -16  0
19  -11  -15  0
-15  -16  -11  0
14  -6  -13  0
1  9  13  0
12  -1  -20  0
-1  7  2  0
16  14  3  0
-16  3  -19  0
-18  -10  19  0
-15  2  7  0
-11  5  7  0
4  -19  -3  0
-17  -3  16  0
-9  14  -8  0
-8  12  4  0
19  -4  11  0
-17  -6  -19  0
-6  -18  -11  0
-8  -17  -11  0
-20  -14  16  0
16  -20  2  0
-19  13  -3  0
19  20  5  0
-2  -18  -19  0
9  4  -16  0
-4  7  19  0
-14  -6  8  0
-8  -6  -20  0
4  -18  -9  0
-17  16  -9  0
16  -8  -11  0
-16  11  7  0
7  -2  1  0
12  11  20  0
-11  -17  -13  0
-12  -20  18  0
18  -5  15  0
12  -16  20  0
-18  -20  -7  0
-14  -18  11  0
-11  20  -4  0
