c mkcnf random cnf with seed 608884, max clause length 3
c FORCED SATISFIABLE
c 
p cnf 20  86
-1  3  -19  0
-20  -17  6  0
18  -3  1  0
15  5  9  0
-3  -16  -20  0
2  5  -9  0
-10  -14  11  0
2  13  9  0
13  19  4  0
-18  -9  10  0
-12  18  -16  0
-15  -14  -12  0
-16  8  20  0
6  15  10  0
7  -12  -17  0
-15  -16  6  0
15  9  16  0
10  5  15  0
-17  -18  2  0
-19  -13  -7  0
3  1  -10  0
8  -3  1  0
-10  20  6  0
-4  -14  -9  0
-1  -9  -10  0
-15  7  4  0
-8  13  -17  0
16  -13  8  0
-14  -13  -7  0
-20  -9  17  0
-14  9  -20  0
-15  -17  -9  0
-13  18  12  0
10  2  -5  0
-19  9  -14  0
-14  3  9  0
-19  -4  -9  0
-10  15  2  0
3  -5  2  0
19  9  17  0
19  -18  4  0
-11  -18  14  0
9  13  11  0
6  -13  -20  0
11  -10  -1  0
-20  -10  -18  0
5  2  1  0
13  3  2  0
-7  -16  1  0
7  4  -12  0
20  1  8  0
16  -1  -11  0
-4  -19  -10  0
20  7  15  0
-16  2  -13  0
-3  4  -12  0
-7  -12  -6  0
-2  -9  14  0
-16  -4  10  0
-2  6  -11  0
11  -10  5  0
-18  3  -8  0
6  -4  14  0
13  9  20  0
11  -14  20  0
8  -2  -14  0
2  -9  4  0
-4  16  7  0
4  -7  -13  0
-2  8  5  0
-4  -1  -12  0
-19  14  1  0
-17  20  -5  0
19  5  -4  0
-7  -17  -20  0
-1  8  5  0
10  -15  7  0
12  10  5  0
14  13  -7  0
-4  -18  3  0
18  17  -3  0
-9  -5  -1  0
19  -5  -13  0
1  5  -6  0
-10  13  15  0
12  14  20  0
