c mkcnf random cnf with seed 608902, max clause length 3
c FORCED SATISFIABLE
c 
p cnf 20  86
6  1  18  0
-10  -9  16  0
12  -18  -9  0
12  11  -5  0
-16  -5  -11  0
-8  3  13  0
11  -7  -8  0
-20  13  -9  0
4  -7  1  0
-9  20  16  0
1  12  -18  0
-16  -7  -17  0
-12  -15  -5  0
-1  6  11  0
8  6  -5  0
-3  -11  2  0
3  2  -8  0
13  -20  1  0
-1  -15  14  0
-9  -7  1  0
6  -2  5  0
-5  -4  -6  0
-15  8  -3  0
5  -1  4  0
-16  -17  18  0
-20  -8  3  0
-14  -16  18  0
17  -16  9  0
12  13  -19  0
5  6  -2  0
15  -7  20  0
9  12  -17  0
-4  -2  -11  0
-16  -13  -19  0
-2  -16  -8  0
-8  14  13  0
-14  4  18  0
-5  -19  -8  0
-5  -19  14  0
4  13  -12  0
-4  -3  -2  0
6  20  -2  0
-19  3  -7  0
13  18  6  0
8  -20  1  0
12  -14  11  0
-11  9  15  0
15  -13  -14  0
-18  -11  15  0
-20  -8  -4  0
-15  -4  -18  0
-11  16  9  0
-15  11  20  0
-3  -15  8  0
19  16  -18  0
-10  -3  9  0
-2  10  20  0
-9  5  16  0
15  14  13  0
9  -19  -14  0
5  20  2  0
-17  18  -9  0
8  -7  18  0
10  19  -14  0
-2  -10  -3  0
-11  16  -1  0
-13  4  9  0
-1  6  16  0
-13  17  4  0
7  13  5  0
-11  19  -17  0
-1  -8  2  0
-4  -11  -8  0
-6  5  -16  0
7  -5  -2  0
-19  -6  -9  0
8  19  -20  0
-14  -6  -1  0
18  -3  -7  0
7  -16  -4  0
9  11  -15  0
12  6  3  0
-4  -8  13  0
19  -6  17  0
19  9  20  0
7  -15  12  0
