c mkcnf random cnf with seed 608955, max clause length 3
c FORCED SATISFIABLE
c 
p cnf 20  86
3  18  -16  0
-16  -19  -20  0
-11  7  -8  0
8  10  -17  0
11  2  7  0
3  -2  9  0
-20  17  13  0
-10  11  -16  0
18  5  14  0
6  12  7  0
11  5  14  0
20  13  11  0
20  -4  -17  0
17  3  -6  0
-10  -19  11  0
4  -11  -16  0
-15  -13  20  0
-11  6  1  0
-16  11  12  0
6  20  -10  0
2  -11  17  0
-17  -12  -20  0
-2  -3  -15  0
-3  -5  -14  0
-12  13  -8  0
-15  9  -2  0
14  -6  -5  0
-5  -17  -18  0
-10  -4  -7  0
-5  3  -8  0
17  -13  -2  0
-5  19  -8  0
-19  11  -1  0
5  -20  -11  0
2  -9  19  0
5  -13  18  0
-2  -16  -14  0
-5  -16  8  0
2  15  14  0
8  -12  9  0
16  -14  8  0
-9  -5  -2  0
-4  -13  -19  0
-3  -14  1  0
-6  9  -5  0
16  -4  13  0
-13  -12  -14  0
-3  16  7  0
-2  -14  -12  0
4  14  2  0
-15  16  -20  0
11  3  -5  0
10  9  -6  0
7  -5  -6  0
-14  5  -4  0
-5  13  15  0
-7  -11  17  0
-19  3  11  0
-2  1  -20  0
-16  -18  -2  0
3  -8  20  0
-9  4  20  0
15  -1  10  0
-12  -19  -18  0
-3  17  15  0
-13  -6  -5  0
8  10  -13  0
8  -9  13  0
-20  -3  -5  0
-17  -16  3  0
-17  12  9  0
14  -10  15  0
-2  -15  -19  0
15  -18  -5  0
12  -15  -1  0
7  15  -11  0
-5  -18  -17  0
-15  16  -10  0
-2  12  18  0
-2  15  12  0
15  18  8  0
-7  -14  -18  0
-9  -11  -10  0
-7  11  18  0
5  19  -18  0
-13  -18  -2  0
