c mkcnf random cnf with seed 608894, max clause length 3
c FORCED SATISFIABLE
c 
p cnf 20  86
-13  -11  -16  0
16  -4  -20  0
-12  -1  -4  0
-19  -17  -20  0
8  18  -5  0
-11  -5  19  0
13  -12  -1  0
-8  20  14  0
20  14  3  0
11  18  -4  0
-19  -6  16  0
11  2  4  0
4  -2  7  0
3  -5  12  0
6  16  14  0
-15  20  -16  0
-18  11  -5  0
-10  -19  11  0
-16  -1  12  0
3  -18  -11  0
14  16  -15  0
-17  20  -6  0
-2  8  14  0
-4  -16  11  0
11  2  -5  0
2  -17  -13  0
3  2  15  0
-15  14  10  0
16  -4  7  0
11  10  -5  0
20  -13  -17  0
-10  5  2  0
-1  9  11  0
10  19  -4  0
-12  13  5  0
-10  -18  -7  0
13  9  16  0
12  -5  -18  0
19  11  6  0
13  11  -2  0
12  -3  11  0
9  5  3  0
10  -2  20  0
19  -2  -10  0
-15  -5  10  0
-5  10  -14  0
5  -12  11  0
-18  5  -16  0
-18  11  -6  0
-5  8  -10  0
-19  -13  -15  0
8  -3  -5  0
-3  -18  11  0
-7  15  10  0
-12  8  -3  0
-2  1  18  0
-13  -8  -7  0
-5  -9  -17  0
-8  18  12  0
-14  9  -17  0
4  18  -2  0
-5  20  11  0
15  -5  17  0
-19  18  13  0
-5  -1  2  0
2  9  -14  0
-19  12  -10  0
-8  -17  -10  0
19  14  -13  0
4  -2  1  0
-9  -6  -19  0
10  16  15  0
-7  18  -14  0
14  2  -8  0
-2  6  -17  0
-15  16  -20  0
12  -18  -3  0
-12  20  -7  0
-20  4  15  0
-8  6  -12  0
4  13  -9  0
11  14  -18  0
-11  -5  -13  0
3  19  12  0
17  -11  19  0
-2  8  -12  0
