c mkcnf random cnf with seed 608923, max clause length 3
c FORCED SATISFIABLE
c 
p cnf 20  86
-9  -16  10  0
-16  3  -13  0
12  1  -15  0
-7  -5  -11  0
6  -13  4  0
-19  -2  -7  0
11  15  -14  0
14  13  -6  0
15  -18  -14  0
13  -8  9  0
19  -8  9  0
-2  19  11  0
16  -2  14  0
6  -14  10  0
3  -5  4  0
7  2  17  0
-17  -20  -18  0
20  -4  -8  0
-9  -13  -5  0
13  -3  1  0
-3  -6  7  0
7  14  8  0
-6  -15  14  0
5  15  -16  0
1  5  -14  0
-18  16  15  0
1  -20  -19  0
-1  18  -2  0
-19  -20  5  0
-3  -11  -7  0
-6  -2  -12  0
17  11  -3  0
5  -7  17  0
5  -10  -7  0
-8  -3  -10  0
-1  -4  2  0
8  -1  6  0
-2  16  4  0
15  8  19  0
-12  -6  1  0
-20  6  -10  0
3  -2  -9  0
20  1  -15  0
-18  13  8  0
2  9  13  0
-1  2  15  0
-18  -7  -16  0
10  -8  -16  0
12  16  2  0
5  -2  -10  0
-20  -5  9  0
18  20  -11  0
-17  -9  -15  0
-6  3  -12  0
-16  -13  6  0
4  -6  -16  0
19  -4  -15  0
-4  7  -19  0
-2  -7  -13  0
-18  5  -12  0
1  18  2  0
6  -7  12  0
-3  -15  8  0
16  19  13  0
-15  2  10  0
-2  -14  18  0
11  -12  3  0
-18  15  12  0
-4  20  12  0
10  12  5  0
-6  16  -18  0
14  17  13  0
-13  5  4  0
-19  20  12  0
-9  19  8  0
-12  20  10  0
-3  20  -5  0
-10  -12  -16  0
-19  4  13  0
-10  -14  -4  0
20  14  -11  0
-3  -2  13  0
7  -9  -19  0
15  -18  2  0
13  3  17  0
15  8  3  0
