c mkcnf random cnf with seed 608889, max clause length 3
c FORCED SATISFIABLE
c 
p cnf 20  86
17  8  -16  0
-20  13  -16  0
-10  4  12  0
-16  -19  -7  0
-16  13  -3  0
-1  -10  15  0
4  -15  -5  0
-18  11  2  0
-15  -19  -12  0
6  -10  -14  0
-17  14  10  0
19  -9  13  0
-15  -3  -5  0
16  3  15  0
-20  -1  -14  0
-20  2  -5  0
-6  9  14  0
10  1  7  0
6  4  -16  0
-13  1  2  0
2  10  20  0
5  -9  -11  0
2  8  13  0
-17  -12  1  0
2  10  20  0
12  -3  -13  0
-12  -13  -1  0
-6  13  7  0
-4  -20  -17  0
-1  13  -7  0
-17  -9  16  0
-20  5  -12  0
19  9  -20  0
-10  3  -1  0
16  -13  -6  0
-17  20  18  0
15  -20  -1  0
18  10  7  0
-1  7  -15  0
4  8  13  0
6  19  -14  0
-18  -20  -4  0
-5  -7  -3  0
-4  20  -11  0
19  7  20  0
-8  -10  16  0
-13  -9  -1  0
-9  17  -4  0
-14  -7  3  0
12  -1  -18  0
5  -1  -3  0
-13  -12  5  0
-19  -20  -12  0
18  -19  -1  0
9  12  16  0
-20  -7  16  0
8  -19  -5  0
-9  7  -8  0
8  -11  -16  0
-13  -7  18  0
11  -3  -18  0
-2  9  7  0
-20  7  11  0
7  18  -4  0
-17  -11  -9  0
-14  -5  -9  0
-19  -7  -4  0
-1  -18  -20  0
-6  20  3  0
-3  7  -12  0
-13  16  17  0
6  -1  -13  0
20  13  -10  0
12  10  -18  0
-10  7  20  0
-5  -18  3  0
18  -20  4  0
9  -1  -17  0
-4  7  -20  0
18  -8  1  0
12  1  -6  0
11  12  -4  0
-9  -4  17  0
20  -14  16  0
2  15  -12  0
-10  11  -9  0
