c mkcnf random cnf with seed 608903, max clause length 3
c FORCED SATISFIABLE
c 
p cnf 20  86
-5  -20  15  0
-2  -10  5  0
-11  3  -15  0
19  5  -4  0
13  9  -14  0
-6  -11  9  0
18  19  1  0
-4  5  -2  0
16  -13  14  0
17  -14  16  0
4  6  -8  0
-12  -8  -5  0
-13  -12  14  0
3  19  2  0
-9  -11  -10  0
-20  6  2  0
-2  10  -20  0
16  -5  -18  0
-17  -20  -9  0
-13  16  -12  0
-11  14  1  0
-18  -8  15  0
13  -9  4  0
9  -15  -4  0
3  -6  -13  0
-3  13  4  0
3  -7  19  0
17  11  18  0
-15  -10  -12  0
9  -14  11  0
15  16  13  0
19  16  -17  0
8  12  -20  0
3  18  9  0
-6  -8  -10  0
5  11  -4  0
-15  -18  -10  0
4  -10  1  0
-5  14  19  0
16  -8  -7  0
6  15  -10  0
-3  -16  -13  0
4  10  18  0
16  -3  -18  0
-5  3  4  0
-4  10  -8  0
-19  16  13  0
8  -13  -7  0
5  11  -10  0
-8  -9  -2  0
16  14  -1  0
-1  5  14  0
7  12  20  0
-18  -9  10  0
3  -8  -17  0
6  -12  19  0
6  4  17  0
-4  2  -5  0
11  4  -13  0
-15  13  -1  0
-14  -2  3  0
-4  -1  -17  0
-4  15  -5  0
-3  -10  6  0
3  11  -13  0
2  5  16  0
-12  -13  9  0
11  -20  -6  0
-15  1  -11  0
12  13  17  0
10  -14  16  0
1  -2  -9  0
-10  -18  -2  0
-15  13  -20  0
-9  5  7  0
-8  11  -14  0
-7  1  20  0
12  -19  -3  0
-1  16  -12  0
11  4  -9  0
20  15  14  0
-3  8  -20  0
-8  10  -9  0
-15  -2  -17  0
-20  -3  -9  0
14  -18  -19  0
