c mkcnf random cnf with seed 608959, max clause length 3
c FORCED SATISFIABLE
c 
p cnf 20  86
19  -13  -7  0
14  -8  -1  0
4  20  -11  0
7  -10  -11  0
-3  17  -1  0
-9  -16  19  0
10  13  -16  0
-8  15  12  0
14  13  -1  0
18  -12  3  0
10  15  -17  0
-3  -10  8  0
16  1  8  0
-12  8  2  0
18  -8  -13  0
20  10  -11  0
11  -10  4  0
1  -2  8  0
-13  10  -7  0
-7  -6  -3  0
-6  -3  -2  0
4  -9  18  0
11  4  2  0
-12  -9  -13  0
-18  17  3  0
-2  3  -18  0
9  16  -7  0
18  14  -3  0
4  -6  11  0
1  6  -11  0
13  -11  15  0
10  17  14  0
3  8  1  0
19  20  1  0
-15  19  17  0
-10  17  2  0
-3  -20  10  0
-10  -12  -18  0
-10  -13  -17  0
-13  12  3  0
-17  -4  16  0
-4  14  -1  0
-8  20  15  0
-18  -20  -10  0
6  -11  16  0
8  6  9  0
10  15  -9  0
-2  12  6  0
-9  19  -1  0
15  1  -3  0
-13  15  -4  0
-14  19  -3  0
-17  -7  5  0
-6  -10  17  0
-1  -19  -11  0
-16  2  -15  0
-5  15  -4  0
13  6  -20  0
15  13  1  0
15  -18  -8  0
-17  -1  -7  0
12  -6  18  0
8  -16  7  0
13  -19  10  0
11  15  3  0
-1  -18  -9  0
20  -15  -5  0
11  18  1  0
14  -17  -16  0
-15  4  20  0
11  18  -2  0
-11  13  -12  0
7  20  -8  0
4  11  -9  0
-6  -11  -10  0
1  14  3  0
3  17  8  0
1  18  -14  0
-7  9  -5  0
-13  -7  9  0
-18  -12  -6  0
15  -1  -13  0
18  7  17  0
-17  15  -2  0
10  5  -1  0
20  -5  9  0
