c mkcnf random cnf with seed 608876, max clause length 3
c FORCED SATISFIABLE
c 
p cnf 20  86
-8  12  18  0
-16  12  -17  0
13  -2  11  0
19  -8  -7  0
-19  4  14  0
-14  -10  -18  0
3  16  7  0
-11  -20  14  0
1  4  3  0
-7  -3  18  0
-8  -16  -6  0
2  -9  -3  0
3  17  -19  0
-19  -12  9  0
-7  20  -13  0
-9  7  -19  0
20  2  -6  0
-19  -15  3  0
-2  -13  -18  0
-7  -8  -6  0
19  -15  2  0
4  8  10  0
19  8  4  0
-9  -15  13  0
-10  -12  19  0
17  5  4  0
-11  -13  -9  0
12  -13  -3  0
12  19  -1  0
12  -4  8  0
20  -3  2  0
-2  -4  -6  0
-7  8  11  0
-9  16  -8  0
-9  -18  -12  0
-5  17  -16  0
11  -4  -16  0
-3  20  -4  0
-18  10  14  0
9  -5  -8  0
-17  10  -9  0
-17  18  -3  0
-1  13  -18  0
6  18  -15  0
-7  -20  -8  0
8  3  -6  0
13  10  15  0
3  -17  -12  0
17  -8  3  0
-4  9  1  0
15  1  9  0
5  -10  -8  0
3  -17  -11  0
-3  -16  -19  0
-2  -6  -1  0
4  5  3  0
-9  5  7  0
-16  9  18  0
-10  -11  -13  0
12  18  -15  0
-5  1  2  0
2  -9  -12  0
-3  -6  14  0
-14  -6  7  0
13  -20  -5  0
-18  2  4  0
-6  -3  5  0
-11  -16  17  0
11  -2  -15  0
13  4  20  0
7  -10  11  0
15  12  -11  0
15  -16  7  0
-6  20  -17  0
-13  -2  -12  0
7  16  14  0
-11  -12  1  0
-18  -1  16  0
12  8  -5  0
-6  -9  2  0
3  15  -11  0
10  -9  -6  0
7  14  -9  0
1  17  5  0
17  16  -9  0
7  15  8  0
