c mkcnf random cnf with seed 608968, max clause length 3
c FORCED SATISFIABLE
c 
p cnf 20  86
-12  -2  -6  0
-10  -5  -18  0
-8  -16  20  0
-6  2  17  0
10  12  2  0
1  -3  6  0
2  -1  13  0
-8  18  -4  0
-19  -9  15  0
8  9  -7  0
-12  6  -1  0
19  -3  -17  0
-1  -12  -5  0
20  -11  1  0
18  -9  6  0
9  -16  14  0
1  14  16  0
-5  13  -18  0
2  -1  9  0
15  8  -9  0
1  13  -3  0
-16  20  15  0
-4  15  19  0
-7  3  -15  0
-5  -9  12  0
4  -7  10  0
-14  2  -8  0
1  -17  19  0
-17  -16  -15  0
15  -6  -4  0
5  6  -9  0
19  -14  -15  0
-2  11  -5  0
-18  -13  -8  0
2  1  5  0
-12  2  -7  0
-4  -15  -1  0
-15  2  9  0
-14  7  9  0
13  8  -16  0
20  6  17  0
5  13  -9  0
-20  9  -16  0
9  13  -18  0
-3  -20  -2  0
-18  5  -2  0
1  -5  11  0
6  8  -20  0
-5  -11  14  0
19  14  -9  0
7  -10  11  0
-11  20  15  0
17  10  8  0
-6  16  -20  0
17  -14  -15  0
-13  9  15  0
3  -12  -1  0
-4  -13  20  0
12  -9  6  0
-2  -5  18  0
15  -6  -4  0
8  -18  -12  0
-2  4  -7  0
12  4  -1  0
-14  1  -11  0
-2  -10  16  0
-20  -3  17  0
10  -13  -20  0
16  10  14  0
-6  -10  -13  0
19  8  -13  0
-2  -4  12  0
-10  -3  11  0
-18  6  -12  0
10  -4  7  0
7  -2  -5  0
13  -17  -16  0
-16  15  17  0
2  9  13  0
-17  11  -3  0
-12  2  -4  0
-9  -2  14  0
20  10  3  0
-18  20  16  0
-2  -1  16  0
2  -3  1  0
