c mkcnf random cnf with seed 608936, max clause length 3
c FORCED SATISFIABLE
c 
p cnf 20  86
-18  -1  -20  0
-8  -12  15  0
-2  12  10  0
7  16  -10  0
-13  -15  16  0
3  8  -15  0
-18  15  -7  0
-5  -1  -4  0
11  -17  -3  0
-17  -8  6  0
-20  3  18  0
1  -18  7  0
10  14  -13  0
9  -11  13  0
8  -18  -5  0
1  -9  -4  0
1  8  5  0
-15  -18  19  0
18  -5  -10  0
-18  -8  -9  0
-13  -11  -8  0
11  3  8  0
-9  -10  6  0
-6  8  -15  0
-18  -8  -6  0
-7  2  4  0
15  14  -8  0
2  -19  7  0
-15  -16  8  0
-17  -1  11  0
19  2  -11  0
5  -16  -4  0
-9  20  15  0
19  4  -5  0
12  -19  -18  0
-8  10  19  0
-14  19  -9  0
-12  6  1  0
-11  19  -13  0
-17  -8  12  0
8  -1  -3  0
9  14  20  0
6  -4  -14  0
-3  18  14  0
4  -16  6  0
3  -5  20  0
-7  17  9  0
19  -11  5  0
20  -9  10  0
-10  -18  1  0
-14  2  -17  0
-8  9  -13  0
-17  -13  15  0
-9  17  -15  0
14  -20  -12  0
-20  -8  18  0
13  -17  18  0
11  -4  -6  0
17  10  12  0
1  -5  -17  0
12  5  -9  0
16  -1  12  0
14  -20  -8  0
-3  -15  4  0
11  -8  17  0
6  17  -20  0
-13  -9  -3  0
-18  -2  15  0
-6  -4  5  0
2  -17  -11  0
20  16  7  0
-3  -13  -17  0
6  -14  8  0
15  10  -4  0
-9  -12  -1  0
6  -18  15  0
10  20  14  0
-3  11  -17  0
-3  9  -2  0
15  19  2  0
19  -15  -7  0
2  14  15  0
1  -18  5  0
-8  6  -10  0
6  -17  14  0
7  6  -10  0
