c mkcnf random cnf with seed 608905, max clause length 3
c FORCED SATISFIABLE
c 
p cnf 20  86
4  -18  -11  0
-7  4  -11  0
8  2  -7  0
15  14  11  0
-18  -1  5  0
12  4  -3  0
-16  -15  10  0
5  3  -14  0
-11  3  -2  0
8  17  -11  0
9  -15  10  0
-11  18  14  0
16  4  12  0
-8  -7  17  0
14  -5  1  0
-10  -20  4  0
-13  9  14  0
-2  9  -10  0
-20  18  -10  0
12  13  -19  0
14  -3  -18  0
3  -7  20  0
-15  4  -2  0
-15  -8  -6  0
4  -10  -8  0
8  2  5  0
-17  -8  18  0
3  -5  15  0
14  18  -13  0
18  -1  2  0
16  20  -15  0
17  -3  14  0
-3  4  7  0
11  20  7  0
-3  12  -16  0
13  -14  -15  0
8  19  -15  0
-4  -20  -12  0
4  20  -18  0
-13  -12  -15  0
6  3  18  0
-18  9  -17  0
7  -2  18  0
-1  5  -8  0
-18  -7  -2  0
8  -14  16  0
18  4  19  0
15  19  -12  0
-19  7  -8  0
-1  17  5  0
5  -6  20  0
-19  16  -17  0
-6  5  -16  0
9  -17  -1  0
-17  19  12  0
-7  11  6  0
14  13  -1  0
-1  -6  3  0
-2  -3  -7  0
-4  17  13  0
-13  -20  -14  0
18  -7  20  0
-4  -17  -11  0
-13  19  8  0
13  8  20  0
-12  -2  19  0
1  -12  -16  0
4  1  -2  0
8  -7  -15  0
7  8  13  0
2  -13  17  0
-13  -5  -4  0
13  -16  -14  0
-20  10  14  0
6  -2  11  0
8  17  -16  0
20  -11  -4  0
20  -9  -13  0
-5  18  13  0
-7  -12  -20  0
-17  -18  8  0
-14  -2  -17  0
19  -9  -4  0
-16  20  5  0
-18  -5  -14  0
6  3  9  0
