c mkcnf random cnf with seed 608963, max clause length 3
c FORCED SATISFIABLE
c 
p cnf 20  86
16  8  18  0
3  -11  9  0
-11  -3  -1  0
20  -12  14  0
20  -9  -15  0
9  20  4  0
12  9  -17  0
-17  4  -7  0
-9  -5  14  0
-13  -15  -5  0
-20  4  -6  0
17  -16  -18  0
7  -8  -17  0
-7  -19  1  0
20  -9  -18  0
10  -3  17  0
-9  -13  5  0
-14  -12  16  0
-12  3  4  0
15  -12  -4  0
18  20  -4  0
-20  -2  9  0
-12  18  19  0
-16  4  5  0
5  7  19  0
17  -20  2  0
16  -1  -6  0
-20  -15  -17  0
16  -19  -10  0
4  6  -14  0
1  18  -5  0
18  -8  -5  0
-19  14  -9  0
2  -3  1  0
-7  1  -3  0
-11  -4  12  0
7  -2  -18  0
-11  -18  9  0
5  -7  2  0
18  11  12  0
5  15  2  0
-12  13  11  0
-6  -20  -1  0
-3  8  6  0
19  4  -13  0
8  6  -10  0
-1  -10  -20  0
16  -20  19  0
-19  -2  -16  0
12  -5  17  0
-14  15  13  0
-18  10  -4  0
-3  -11  15  0
-5  3  -19  0
-19  -13  16  0
11  17  6  0
5  8  -6  0
-16  -6  -11  0
-16  5  17  0
-11  2  18  0
-18  -13  -6  0
13  -1  -12  0
9  18  11  0
6  15  -7  0
15  -13  -18  0
20  10  4  0
-9  -1  -18  0
5  -7  -12  0
-2  6  -11  0
-17  15  -14  0
-16  -15  -12  0
15  -11  -1  0
-19  -17  -12  0
6  12  9  0
10  18  11  0
5  -16  -13  0
-14  6  -19  0
-2  -16  11  0
13  16  5  0
-19  14  17  0
13  5  -17  0
-6  -18  -9  0
-13  19  -16  0
5  2  17  0
-3  -14  5  0
-13  2  3  0
