c mkcnf random cnf with seed 608945, max clause length 3
c FORCED SATISFIABLE
c 
p cnf 20  86
11  -10  -19  0
-6  4  -14  0
1  16  17  0
-15  14  -10  0
-13  14  1  0
-19  -5  3  0
-6  2  12  0
9  -6  13  0
3  4  -15  0
20  7  -16  0
10  20  1  0
13  -1  20  0
2  10  -1  0
-15  19  -18  0
5  -4  -14  0
-2  15  -8  0
-15  -11  18  0
14  17  8  0
-9  -5  14  0
-12  2  -3  0
-12  -1  11  0
7  -6  10  0
-9  7  -11  0
20  -16  1  0
-5  -8  7  0
-3  16  -19  0
-2  -10  17  0
2  -9  -10  0
3  -18  7  0
-15  -16  19  0
-10  18  -6  0
2  6  3  0
-13  -17  -8  0
18  14  -15  0
-19  -8  -12  0
9  12  20  0
16  -3  -9  0
10  12  -1  0
-18  -17  14  0
8  -11  -1  0
-7  -3  15  0
19  -4  13  0
8  -16  5  0
-18  -10  16  0
-20  3  6  0
7  5  6  0
-2  -7  11  0
18  2  -19  0
3  -1  19  0
-2  1  -11  0
20  14  -5  0
6  9  3  0
-19  8  17  0
-5  13  16  0
-14  6  -17  0
11  -14  7  0
1  -9  -19  0
-12  13  9  0
-3  -20  1  0
14  -20  17  0
-12  -11  -17  0
3  -4  -8  0
-6  -15  17  0
16  -18  -14  0
18  -1  -13  0
-3  -13  11  0
1  8  16  0
7  15  -11  0
-9  -16  -13  0
12  16  -17  0
-8  -3  11  0
-12  -3  11  0
9  -10  -19  0
2  16  -17  0
16  -17  -1  0
13  -12  17  0
12  -5  19  0
11  -14  -8  0
-13  15  -5  0
20  -1  17  0
17  10  11  0
16  -19  9  0
-8  -15  -10  0
-6  12  4  0
-15  -19  13  0
18  -8  -3  0
