c mkcnf random cnf with seed 608939, max clause length 3
c FORCED SATISFIABLE
c 
p cnf 20  86
-16  -17  -13  0
3  14  -4  0
14  -2  8  0
-4  15  1  0
8  -20  -4  0
19  17  -12  0
5  13  15  0
14  5  -13  0
-6  -16  20  0
5  16  15  0
10  -11  2  0
10  5  2  0
-20  -14  -5  0
-6  -18  -3  0
19  -9  -14  0
-20  -12  8  0
13  -8  5  0
7  -9  -16  0
15  14  -7  0
14  -20  15  0
16  -1  -7  0
9  11  7  0
-4  20  -11  0
17  2  10  0
-5  -4  2  0
-14  17  7  0
16  -1  -14  0
20  -8  -16  0
12  -19  -14  0
-11  6  -18  0
-16  -12  -2  0
-18  7  -19  0
-7  13  -20  0
14  -13  15  0
-19  15  -17  0
10  -1  -19  0
12  -10  15  0
-17  -10  -1  0
6  -16  -8  0
-7  19  5  0
15  14  2  0
10  -17  8  0
-7  11  -14  0
9  -19  3  0
-12  16  15  0
5  -9  1  0
16  -20  3  0
-10  5  -2  0
-12  -17  -11  0
-9  13  3  0
12  -14  -9  0
7  15  -12  0
-2  10  18  0
-17  1  12  0
-12  16  -8  0
18  -16  3  0
3  7  -4  0
-16  4  -7  0
10  2  -1  0
-20  -2  15  0
-16  -1  -15  0
4  5  -8  0
6  13  -3  0
9  -5  7  0
-16  7  -14  0
1  4  -2  0
-9  -4  -17  0
-12  -16  7  0
16  12  9  0
-13  7  -20  0
1  12  19  0
16  -20  -8  0
-5  -7  -4  0
20  -16  -11  0
10  -17  1  0
-16  -6  1  0
17  -10  1  0
5  15  -2  0
16  -13  3  0
-9  -2  -14  0
-14  11  -8  0
14  16  12  0
-20  11  3  0
-17  -2  18  0
-6  16  -4  0
16  -10  3  0
