c mkcnf random cnf with seed 608921, max clause length 3
c FORCED SATISFIABLE
c 
p cnf 20  86
11  -18  -14  0
-11  -13  5  0
14  -11  4  0
-11  8  -4  0
17  20  -4  0
-17  -18  3  0
-2  8  -12  0
1  17  12  0
20  -3  2  0
15  -4  18  0
-2  -19  13  0
-6  8  5  0
13  5  6  0
-6  15  -20  0
-19  -6  20  0
-19  -11  14  0
18  20  12  0
-5  6  -9  0
-8  10  15  0
8  5  18  0
-3  12  13  0
7  13  -2  0
20  -10  12  0
-9  -1  12  0
-17  -10  -4  0
16  -1  -17  0
5  -8  9  0
-4  -3  5  0
-16  4  6  0
18  20  -19  0
-8  9  -3  0
16  4  5  0
-6  -4  -16  0
-14  -16  15  0
-4  -8  12  0
15  10  20  0
-8  7  -6  0
-1  6  -3  0
20  -13  4  0
13  18  -15  0
-7  11  -1  0
6  -8  -14  0
5  -16  -9  0
16  8  2  0
-16  19  -11  0
-4  1  18  0
5  8  15  0
-9  11  7  0
-7  -4  -12  0
4  3  -14  0
3  -18  19  0
-2  7  -1  0
-14  16  20  0
-4  -18  3  0
-14  4  7  0
13  -10  3  0
2  -15  1  0
8  15  -12  0
-16  -7  -2  0
-19  -17  14  0
7  5  -1  0
14  10  -20  0
6  -1  5  0
-19  -1  -10  0
-8  16  -6  0
-4  -3  -6  0
2  -5  -16  0
15  -10  -13  0
-6  -8  -19  0
-12  -15  4  0
-6  20  16  0
11  -10  2  0
-7  -6  -3  0
17  18  2  0
1  4  10  0
5  10  12  0
9  7  -6  0
-11  -18  3  0
1  -8  14  0
15  18  5  0
19  10  -1  0
2  -1  -14  0
15  5  -3  0
-7  10  -18  0
-2  13  -8  0
-15  -12  10  0
