c mkcnf random cnf with seed 608934, max clause length 3
c FORCED SATISFIABLE
c 
p cnf 20  86
-20  3  4  0
4  11  -16  0
12  -4  11  0
11  -15  17  0
-8  -4  -13  0
-6  -12  17  0
-16  -6  -11  0
-14  6  17  0
-9  5  -14  0
-3  -1  -9  0
-13  -11  9  0
-6  18  -19  0
5  14  13  0
-18  -10  -15  0
5  -8  2  0
-19  -4  -3  0
3  12  20  0
14  4  -17  0
18  -11  16  0
-2  1  -6  0
15  -4  3  0
-1  4  -6  0
8  -17  7  0
-10  -19  3  0
-3  4  20  0
12  8  -3  0
2  -9  -13  0
5  -16  13  0
6  -14  -20  0
7  -11  -3  0
8  -12  -1  0
15  12  -1  0
-16  3  -20  0
-20  -14  13  0
18  9  1  0
19  -3  -10  0
5  18  2  0
15  -9  3  0
-5  14  8  0
16  1  -6  0
-5  -7  -1  0
-15  -17  -6  0
-13  -14  20  0
-11  -5  -3  0
-19  14  -6  0
-1  3  20  0
-13  -17  -11  0
1  11  20  0
-3  -15  -5  0
20  -12  2  0
3  -20  -7  0
13  18  -12  0
-16  -12  2  0
-14  9  -15  0
9  2  -7  0
20  -14  -11  0
16  -19  15  0
-15  -1  18  0
-8  -9  -13  0
-6  17  1  0
15  8  -13  0
1  15  19  0
-12  -17  13  0
-7  13  -12  0
8  11  -5  0
-18  17  14  0
-11  18  -20  0
11  20  -10  0
-10  -1  -14  0
9  -16  -10  0
5  -6  -19  0
2  12  10  0
16  -9  15  0
-19  -1  15  0
-5  7  -12  0
11  20  6  0
-6  3  13  0
14  4  18  0
-13  18  7  0
8  -9  -17  0
17  8  -7  0
9  -19  8  0
13  -12  -8  0
4  13  19  0
-15  -18  13  0
1  -19  -2  0
