c mkcnf random cnf with seed 608950, max clause length 3
c FORCED SATISFIABLE
c 
p cnf 20  86
-7  -4  -17  0
2  7  -11  0
-17  -12  2  0
-6  -9  -18  0
11  3  17  0
-12  -3  -13  0
11  18  19  0
-2  7  -20  0
-14  -6  5  0
3  -18  -6  0
12  -2  5  0
13  -14  -19  0
4  -13  6  0
-16  -13  7  0
8  1  11  0
-11  -15  -18  0
19  -4  -13  0
-13  -5  -19  0
-17  6  -5  0
13  11  -15  0
-16  18  -7  0
3  -18  12  0
-15  19  -8  0
-9  -18  -6  0
-14  -8  -17  0
-15  -2  1  0
-6  -9  -13  0
-6  3  16  0
-1  14  12  0
16  15  13  0
11  18  -6  0
-14  -5  9  0
17  -19  12  0
-11  -15  1  0
16  14  7  0
-18  -15  12  0
-7  5  16  0
18  10  15  0
10  20  3  0
19  6  -1  0
-2  -10  -20  0
4  15  -14  0
8  -3  -9  0
-14  6  -10  0
-12  18  10  0
2  11  12  0
20  10  -18  0
15  11  5  0
19  -13  -11  0
-12  -7  -10  0
17  -5  12  0
12  -9  20  0
-3  -12  -18  0
-2  -4  -14  0
-3  -2  14  0
19  4  -3  0
-19  14  16  0
-15  -3  -12  0
-6  -13  20  0
-2  1  -7  0
14  -6  4  0
6  -13  14  0
-3  18  -15  0
2  9  1  0
14  -8  7  0
-14  -3  11  0
12  5  -7  0
4  -9  18  0
1  5  -11  0
14  -5  -9  0
-7  18  6  0
-20  -9  6  0
-1  -15  7  0
-10  9  -13  0
2  20  4  0
15  -6  9  0
16  5  -9  0
-2  4  11  0
20  1  10  0
1  -16  -20  0
3  17  18  0
20  -5  4  0
12  4  -1  0
-5  12  -1  0
6  15  16  0
11  -6  9  0
