c mkcnf random cnf with seed 608961, max clause length 3
c FORCED SATISFIABLE
c 
p cnf 20  86
-18  11  -2  0
20  9  -10  0
-11  -19  -13  0
-7  20  18  0
-2  -6  -8  0
18  19  16  0
-18  -13  3  0
-13  -11  9  0
5  -16  -11  0
16  4  3  0
17  -7  -8  0
-7  -9  10  0
14  10  -1  0
-16  -12  2  0
8  3  -9  0
13  20  -16  0
-13  -12  15  0
-15  5  -17  0
-2  -15  -18  0
5  10  9  0
-20  -18  11  0
17  18  13  0
-9  -14  15  0
-4  -10  2  0
8  -5  16  0
7  14  2  0
20  -11  16  0
5  -9  -7  0
6  -17  -13  0
1  19  -14  0
6  1  -11  0
-16  -13  -20  0
19  -7  15  0
9  -17  10  0
-12  4  15  0
10  5  -16  0
6  -3  1  0
-10  19  -2  0
10  -4  1  0
16  12  -14  0
-5  16  -11  0
19  -14  1  0
-19  3  6  0
-4  -20  -13  0
17  -12  -4  0
14  -3  -1  0
-11  -13  -12  0
17  -16  -14  0
3  -10  -4  0
4  -8  -2  0
-8  -1  -10  0
-1  14  -3  0
7  -4  -6  0
-12  16  -20  0
-1  3  -10  0
6  3  -1  0
13  -5  2  0
4  -11  -15  0
-10  3  20  0
17  -9  19  0
2  -20  16  0
10  -4  -18  0
12  -14  -13  0
-17  -10  -3  0
7  -2  -16  0
5  12  -8  0
-3  20  -18  0
-12  -3  4  0
-6  3  5  0
10  -14  -6  0
-17  10  9  0
18  -11  5  0
4  5  -10  0
-3  16  20  0
-2  -6  18  0
16  -4  -18  0
5  -12  1  0
17  -3  4  0
12  11  10  0
17  18  -14  0
10  5  -4  0
16  12  20  0
-18  -11  -19  0
6  -15  11  0
-1  13  17  0
18  -8  -10  0
