c mkcnf random cnf with seed 608907, max clause length 3
c FORCED SATISFIABLE
c 
p cnf 20  86
2  -15  -6  0
1  -7  -17  0
12  8  19  0
5  -2  18  0
-20  -4  12  0
-20  -4  -14  0
-8  -3  -2  0
14  19  -15  0
2  7  -17  0
-11  3  -16  0
-11  19  3  0
-18  -1  -11  0
1  -4  -13  0
-12  -2  15  0
16  -15  5  0
-19  -12  2  0
-7  16  -4  0
10  -8  -17  0
-20  15  13  0
-3  -16  -4  0
17  -11  -10  0
-16  -20  17  0
5  -3  -2  0
6  -3  12  0
-11  1  -14  0
-8  15  9  0
12  -1  -5  0
12  6  17  0
17  -18  -4  0
13  14  -5  0
-19  -18  -12  0
-18  -7  -9  0
-4  3  6  0
9  -3  -13  0
-17  10  -11  0
3  -8  2  0
-13  8  4  0
4  -20  19  0
-16  7  14  0
-13  -17  -8  0
11  8  18  0
-19  -11  20  0
-5  -1  17  0
7  20  -11  0
-11  -6  3  0
-19  18  16  0
5  2  8  0
-18  -14  -6  0
15  13  9  0
16  18  17  0
-7  2  -19  0
-14  16  -11  0
-9  6  -8  0
-15  1  17  0
-4  7  -20  0
-17  -1  4  0
12  -8  20  0
6  12  1  0
11  -1  -10  0
3  -6  -8  0
-9  -19  20  0
-10  -1  11  0
-17  -10  15  0
-12  -17  -8  0
-9  18  -15  0
-10  7  13  0
8  -5  -15  0
-16  13  19  0
-6  -20  4  0
-9  -20  19  0
2  -10  -12  0
-12  -9  2  0
-11  -20  19  0
-7  -8  -1  0
6  13  -11  0
-10  15  -6  0
-10  19  -20  0
-9  -13  -5  0
6  -15  20  0
1  10  3  0
-12  -3  2  0
9  10  18  0
1  15  -6  0
-6  -13  -11  0
-13  -3  -7  0
2  -1  5  0
