c mkcnf random cnf with seed 608899, max clause length 3
c FORCED SATISFIABLE
c 
p cnf 20  86
9  5  -4  0
-7  -6  15  0
10  -12  11  0
2  -9  -11  0
3  15  -12  0
11  -14  -13  0
-16  -4  7  0
-6  -5  11  0
8  18  -6  0
-19  -15  -12  0
5  4  18  0
16  -5  15  0
-11  15  -19  0
13  8  -18  0
20  12  -3  0
15  -4  3  0
-14  -1  -18  0
5  1  7  0
9  10  11  0
9  -20  10  0
-13  18  15  0
-6  -11  -13  0
2  1  -4  0
17  -12  -4  0
-15  2  -14  0
-8  20  -10  0
2  9  -5  0
-4  3  -11  0
-7  12  -1  0
14  -11  8  0
2  -19  -13  0
8  -7  10  0
-3  11  13  0
2  8  -9  0
5  10  -7  0
20  -12  13  0
1  8  -5  0
12  19  -8  0
19  8  -17  0
4  15  -7  0
-6  10  2  0
15  19  -8  0
-14  -18  -6  0
-1  -14  -2  0
-6  2  18  0
15  11  6  0
-14  -16  6  0
16  2  -4  0
15  6  13  0
14  -6  8  0
-16  14  8  0
11  17  -14  0
18  -8  3  0
-9  -3  -1  0
-6  -13  -1  0
19  -12  -13  0
-14  1  12  0
-20  4  -5  0
10  14  20  0
7  -11  6  0
4  -1  5  0
12  18  8  0
-9  -11  10  0
-5  18  13  0
4  11  -5  0
-2  3  18  0
-2  -3  -10  0
9  -8  5  0
1  19  4  0
18  3  -4  0
-9  20  10  0
-17  -11  7  0
4  16  3  0
-2  17  1  0
18  -20  -5  0
-13  -17  7  0
19  -5  17  0
13  16  5  0
-13  6  -15  0
-12  -18  -6  0
-1  8  12  0
13  -3  11  0
2  4  -13  0
15  19  13  0
12  -9  -13  0
-15  -6  -5  0
