c mkcnf random cnf with seed 608965, max clause length 3
c FORCED SATISFIABLE
c 
p cnf 20  86
14  -6  13  0
7  12  8  0
-11  -8  10  0
-10  -9  16  0
-3  -6  -10  0
18  6  -17  0
18  -8  9  0
10  -2  -11  0
15  -10  -18  0
20  -2  9  0
2  -17  -6  0
-1  -9  -16  0
9  7  -1  0
8  5  12  0
-15  9  10  0
4  -14  13  0
1  -12  6  0
-19  11  -15  0
-16  4  1  0
-16  -15  19  0
-6  7  -18  0
16  -9  17  0
5  2  12  0
-6  18  -16  0
-16  -19  6  0
-20  -18  -10  0
-10  7  -3  0
-1  11  17  0
4  17  15  0
7  17  -9  0
17  9  2  0
9  2  -19  0
11  -10  7  0
2  12  14  0
14  -10  -3  0
-13  1  -4  0
-12  5  7  0
-20  14  -4  0
1  3  4  0
8  9  -5  0
-11  10  -8  0
8  5  11  0
-14  20  -3  0
16  -15  13  0
2  -9  16  0
-17  14  6  0
11  -17  13  0
12  2  -4  0
-14  3  -20  0
-10  4  -12  0
-15  9  18  0
17  -5  1  0
-17  -2  8  0
-12  13  -5  0
-14  18  5  0
15  9  4  0
5  -11  18  0
20  -1  13  0
-4  -6  13  0
2  13  -14  0
17  -14  3  0
-3  8  -2  0
-1  11  4  0
4  11  -15  0
19  -7  -17  0
1  -7  2  0
-20  -11  8  0
-11  18  -17  0
-9  2  -4  0
-3  -16  19  0
-17  -7  11  0
17  2  6  0
14  16  9  0
16  -17  -18  0
3  10  -6  0
15  -11  3  0
-14  -5  9  0
9  -4  18  0
-5  13  -7  0
-4  17  -2  0
-9  -1  15  0
13  -16  15  0
8  12  11  0
-13  -12  11  0
9  11  -13  0
15  -3  18  0
