c mkcnf random cnf with seed 608946, max clause length 3
c FORCED SATISFIABLE
c 
p cnf 20  86
10  9  17  0
5  19  9  0
10  5  15  0
-17  1  -4  0
5  16  -8  0
-10  5  -14  0
5  17  -4  0
-17  1  -6  0
12  -20  7  0
6  14  16  0
-15  18  11  0
-20  -4  -7  0
1  -2  -18  0
-17  -8  -16  0
-4  -16  18  0
15  17  -6  0
20  -11  17  0
11  2  -14  0
-19  9  -6  0
15  -9  5  0
3  -1  15  0
15  14  3  0
-16  -18  17  0
9  -1  -20  0
15  -18  -1  0
-7  -15  13  0
15  5  1  0
-10  12  -15  0
-8  -18  11  0
-4  -7  1  0
9  1  20  0
-4  -7  13  0
-9  -19  18  0
-13  9  -15  0
5  17  -4  0
-1  -19  -9  0
8  12  -3  0
3  18  -13  0
9  -6  -16  0
9  15  -7  0
8  1  -6  0
14  17  -18  0
9  -18  17  0
13  12  11  0
-5  -12  -15  0
13  -18  8  0
-5  17  -13  0
4  -19  8  0
-19  17  -20  0
-10  13  9  0
18  11  10  0
-5  -2  13  0
9  3  17  0
14  17  1  0
-18  20  2  0
3  6  -19  0
-11  -10  9  0
-3  -16  -14  0
-18  -13  12  0
-17  -15  -6  0
-18  4  11  0
-10  18  -11  0
-8  17  -20  0
-20  7  2  0
-19  14  1  0
-4  -13  -3  0
4  -18  9  0
-9  -2  3  0
-12  4  -8  0
-20  9  17  0
13  -5  -2  0
7  -13  -9  0
-2  -16  11  0
-2  -6  -7  0
10  14  -13  0
18  19  15  0
13  3  8  0
-8  5  -15  0
14  -16  10  0
-5  -8  9  0
1  18  15  0
10  2  18  0
-20  -17  19  0
-6  16  -14  0
17  10  -19  0
12  5  -14  0
