c mkcnf random cnf with seed 608900, max clause length 3
c FORCED SATISFIABLE
c 
p cnf 20  86
-8  -4  -2  0
3  17  9  0
12  13  -9  0
-12  -9  6  0
10  6  -18  0
-9  -20  13  0
10  -1  8  0
-17  13  10  0
-2  -16  -5  0
16  4  -17  0
5  -14  1  0
-10  -19  -3  0
-17  -20  -16  0
14  13  -15  0
-7  -10  -13  0
20  10  14  0
2  7  -18  0
19  14  -13  0
-4  -16  20  0
-1  14  -13  0
-10  -1  20  0
-19  -15  13  0
15  -9  18  0
-11  17  3  0
-1  -2  -4  0
19  -14  -6  0
7  13  12  0
-20  -14  -2  0
20  -5  15  0
10  -19  3  0
14  10  5  0
-2  5  -18  0
-18  15  -14  0
-1  14  10  0
3  7  -14  0
5  -18  6  0
7  -10  -18  0
-7  14  -16  0
14  10  4  0
5  -7  -10  0
-19  18  15  0
8  -18  14  0
-9  6  5  0
3  -9  -14  0
-17  -6  -13  0
-10  7  -15  0
18  4  12  0
-3  9  -14  0
-19  14  -5  0
-18  -15  2  0
8  14  11  0
15  9  11  0
18  10  14  0
20  5  1  0
-12  -5  -14  0
-1  18  12  0
-13  15  7  0
19  14  -12  0
3  -2  -5  0
-8  -16  13  0
7  15  20  0
2  16  12  0
14  -5  7  0
12  17  -10  0
-3  19  18  0
9  12  15  0
17  1  -10  0
16  -8  18  0
-10  15  6  0
20  17  -11  0
7  12  -20  0
-20  -10  14  0
-7  -3  -11  0
18  19  -20  0
4  9  13  0
13  -20  -3  0
-18  1  2  0
-3  4  -17  0
13  5  19  0
3  4  -19  0
-8  18  17  0
-3  -8  5  0
19  4  -15  0
12  11  -5  0
9  -11  -3  0
8  -13  3  0
