c mkcnf random cnf with seed 608956, max clause length 3
c FORCED SATISFIABLE
c 
p cnf 20  86
2  17  -14  0
4  10  18  0
-7  12  -5  0
17  -20  8  0
20  14  -13  0
-13  -14  7  0
5  -1  8  0
-17  -10  -8  0
3  12  -10  0
13  20  6  0
16  19  -4  0
5  19  -8  0
11  10  6  0
-16  -6  7  0
2  -17  -11  0
-5  12  -1  0
20  -8  -11  0
-11  -14  19  0
-7  -18  -17  0
5  -6  7  0
-4  3  -12  0
-16  -3  -8  0
-12  -4  3  0
17  -15  11  0
3  -5  12  0
-8  5  12  0
6  -17  -4  0
12  -19  -5  0
10  8  -12  0
4  -16  18  0
10  -13  -8  0
-6  -10  5  0
14  -11  8  0
-19  11  -9  0
5  16  2  0
-11  8  -15  0
-3  19  10  0
3  -18  -7  0
3  -5  19  0
8  -4  -12  0
3  15  20  0
6  20  -19  0
3  18  17  0
19  7  3  0
-2  -14  -1  0
18  7  -2  0
8  -9  -19  0
3  13  -17  0
4  8  14  0
-3  16  15  0
-18  11  -17  0
18  -11  -12  0
-5  20  -15  0
-11  13  -5  0
9  12  6  0
-3  1  -14  0
-6  -18  17  0
-20  -17  -3  0
-16  -17  10  0
2  -15  -18  0
-6  16  -14  0
-9  -5  1  0
-5  18  13  0
-13  -20  -2  0
-6  -8  11  0
8  -15  19  0
6  -15  -8  0
-19  12  -5  0
-11  18  -17  0
4  15  14  0
13  -12  -16  0
3  12  7  0
-5  -13  15  0
-9  -1  10  0
-13  -12  -6  0
-15  18  -12  0
7  -16  12  0
-10  -19  -8  0
-6  -3  -2  0
-4  12  -6  0
-7  9  12  0
-5  -11  -7  0
3  12  -15  0
5  -19  -14  0
5  -20  12  0
-8  20  -15  0
