c mkcnf random cnf with seed 608933, max clause length 3
c FORCED SATISFIABLE
c 
p cnf 20  86
-1  -4  7  0
13  10  7  0
14  -8  -12  0
1  16  8  0
10  -9  12  0
11  12  -5  0
-5  7  14  0
3  16  -7  0
-7  -9  19  0
12  -1  -13  0
4  12  -15  0
4  10  15  0
-8  18  -9  0
-18  -9  3  0
-4  15  -14  0
20  14  -11  0
12  -10  -15  0
6  11  -15  0
-12  16  3  0
15  -7  12  0
-5  -8  -6  0
-10  8  -13  0
14  -17  -7  0
20  -14  -3  0
11  -17  -15  0
15  -5  -16  0
5  -1  -9  0
14  9  -8  0
11  8  4  0
-14  -4  16  0
9  15  -5  0
-12  -4  -20  0
5  19  20  0
6  -18  -12  0
-16  1  9  0
-3  4  8  0
19  13  2  0
5  -6  4  0
14  2  -15  0
12  7  5  0
-20  -19  -7  0
-10  14  7  0
4  5  16  0
1  -7  -18  0
-10  20  -12  0
-6  5  -9  0
7  8  -12  0
-16  -18  -19  0
-8  -13  -16  0
13  -15  8  0
2  -9  12  0
17  12  2  0
11  3  18  0
-20  17  -10  0
-5  -19  20  0
14  15  16  0
-14  3  -18  0
-6  -10  -18  0
-6  -4  -10  0
-12  9  -17  0
-19  -13  6  0
9  2  -12  0
16  -3  -14  0
-16  14  -12  0
-9  5  16  0
18  16  -19  0
10  -2  -6  0
2  5  10  0
18  6  -5  0
17  -8  4  0
6  -19  5  0
-10  -16  8  0
-13  6  5  0
-13  -18  -16  0
-3  -17  -7  0
-3  6  -18  0
3  15  -17  0
15  -19  17  0
-18  -1  -9  0
10  7  19  0
14  1  -3  0
-4  -7  -3  0
-10  20  -18  0
20  10  -1  0
18  14  8  0
19  18  11  0
