c mkcnf random cnf with seed 608951, max clause length 3
c FORCED SATISFIABLE
c 
p cnf 20  86
6  3  5  0
8  -13  -10  0
11  19  -12  0
6  16  8  0
-11  7  12  0
16  14  11  0
-1  14  -6  0
12  10  8  0
-11  -17  -6  0
-10  -6  -8  0
-2  18  20  0
-16  -9  14  0
9  8  7  0
-19  -11  14  0
-17  -15  -19  0
-1  4  -10  0
-19  -9  6  0
5  17  15  0
-1  -6  4  0
-4  5  6  0
-6  -15  -7  0
-8  10  6  0
16  -8  1  0
-18  14  -16  0
17  12  -16  0
-18  8  -1  0
-3  16  -20  0
-15  -9  6  0
12  3  -14  0
-1  -19  -17  0
-8  -18  2  0
20  -17  16  0
3  8  6  0
-1  11  -17  0
3  -9  -14  0
17  15  8  0
4  8  15  0
-7  20  18  0
-9  -10  2  0
10  -2  -5  0
8  10  20  0
19  -11  13  0
15  -4  -10  0
-2  -9  -12  0
-16  19  11  0
-10  -7  17  0
-15  11  -9  0
-4  -3  -13  0
2  -12  -15  0
13  15  16  0
6  20  -16  0
-11  -1  -12  0
14  -3  12  0
3  -20  5  0
7  3  16  0
6  15  8  0
-19  -12  3  0
19  3  -4  0
-12  -6  4  0
-15  12  -7  0
9  15  11  0
-14  -18  19  0
4  18  -9  0
-9  -11  -17  0
10  -12  -8  0
-7  16  18  0
-11  -5  -6  0
-8  10  -7  0
-8  18  17  0
15  14  9  0
-15  -17  11  0
11  7  4  0
5  -1  -14  0
-10  8  -12  0
14  -8  5  0
4  9  7  0
8  12  5  0
-2  14  1  0
-2  -15  -11  0
8  -15  -6  0
20  4  9  0
9  1  -12  0
-14  -12  4  0
-12  15  5  0
4  -2  -5  0
-19  -8  -20  0
