c mkcnf random cnf with seed 608970, max clause length 3
c FORCED SATISFIABLE
c 
p cnf 20  86
10  -20  2  0
-16  -17  8  0
-14  8  -18  0
12  -9  5  0
-5  -11  14  0
13  -6  10  0
-9  -7  -12  0
5  -14  -15  0
-13  -2  -4  0
-12  -3  19  0
7  -18  -16  0
-10  1  11  0
-1  10  9  0
-5  9  -15  0
11  -17  -7  0
-2  1  -14  0
-3  -8  -20  0
-9  -11  19  0
7  17  9  0
-13  2  -6  0
-9  -7  15  0
8  12  17  0
-14  -6  13  0
6  -15  -19  0
-19  -3  -2  0
-18  -3  -6  0
20  12  19  0
14  11  -8  0
-8  -5  -19  0
9  -2  14  0
-19  15  13  0
11  -9  6  0
-11  -14  1  0
9  20  -1  0
10  13  5  0
2  1  -4  0
15  3  8  0
3  -8  -14  0
12  7  5  0
-15  -17  3  0
7  18  19  0
-2  -15  10  0
4  14  -19  0
-16  17  19  0
-2  -10  -3  0
18  -2  10  0
9  -16  12  0
-5  4  6  0
3  -13  11  0
3  2  14  0
-12  4  -20  0
-6  16  12  0
18  1  12  0
9  -12  10  0
-17  -13  14  0
19  -17  12  0
14  -19  16  0
-3  -10  1  0
-5  14  -2  0
10  4  -15  0
19  -7  -5  0
16  18  -8  0
-6  -20  -3  0
-12  -10  1  0
16  -5  8  0
8  2  -15  0
14  20  -18  0
1  20  -17  0
-3  -12  -17  0
-12  -1  19  0
-7  -16  -11  0
-7  -1  -2  0
-9  -12  -20  0
-20  -7  -6  0
-2  20  -17  0
9  17  19  0
-5  20  -13  0
-12  -18  13  0
13  -3  -1  0
-9  3  16  0
-12  8  3  0
-4  20  17  0
12  -4  -7  0
-5  2  10  0
4  -1  2  0
10  16  3  0
