c mkcnf random cnf with seed 608927, max clause length 3
c FORCED SATISFIABLE
c 
p cnf 20  86
6  -11  20  0
1  17  -8  0
-14  -8  18  0
1  9  -4  0
5  13  8  0
-13  -18  11  0
-4  20  1  0
-15  3  5  0
19  12  7  0
-12  8  11  0
-20  -9  13  0
15  10  7  0
5  17  9  0
-10  17  19  0
8  -11  5  0
4  -18  13  0
19  -10  20  0
-4  -6  19  0
20  8  11  0
-16  7  -20  0
11  14  15  0
-17  7  -12  0
-19  17  -15  0
4  15  16  0
7  -2  -6  0
-16  -18  -5  0
11  15  -1  0
-4  9  -20  0
12  5  -18  0
1  -9  13  0
-19  12  1  0
6  -10  17  0
6  12  -4  0
5  -10  13  0
-13  -7  11  0
-18  12  -11  0
9  14  -7  0
2  -13  11  0
17  -6  10  0
9  -18  -15  0
5  -3  -14  0
-6  20  -5  0
20  5  3  0
9  15  -1  0
5  -16  -8  0
-4  3  -6  0
4  1  -17  0
5  6  3  0
9  -10  6  0
20  14  -10  0
-9  -12  6  0
2  -17  15  0
13  12  -10  0
-10  -1  -13  0
20  8  14  0
20  14  8  0
17  -5  -19  0
14  20  2  0
-5  -8  12  0
17  6  4  0
-14  -7  8  0
6  8  10  0
18  10  -14  0
7  -14  -13  0
-15  -3  10  0
-7  -15  -8  0
-6  -15  -13  0
-9  13  -14  0
-6  14  -4  0
-7  -17  -14  0
15  6  -5  0
3  7  5  0
2  15  8  0
-8  13  -12  0
-10  9  -15  0
-16  -15  1  0
-8  20  1  0
-17  -15  18  0
-2  19  4  0
-16  -12  -20  0
5  -4  14  0
-5  16  -13  0
10  7  16  0
-18  7  -15  0
-17  -5  10  0
14  5  18  0
