c mkcnf random cnf with seed 608880, max clause length 3
c FORCED SATISFIABLE
c 
p cnf 20  86
-4  -7  -8  0
-7  -18  19  0
2  14  9  0
-17  -15  -8  0
-17  3  6  0
-11  -6  -14  0
-5  -12  -13  0
17  -14  -7  0
5  -7  -18  0
19  -20  11  0
-20  17  -6  0
-8  16  -5  0
18  -20  -9  0
16  -19  6  0
9  13  11  0
-11  7  1  0
-15  -16  -14  0
-17  -1  -9  0
-16  18  5  0
-2  -11  3  0
-6  1  13  0
8  -19  9  0
-20  -10  -5  0
-6  -12  18  0
9  12  -16  0
20  -15  4  0
16  9  -13  0
8  -5  4  0
10  -8  -18  0
12  -10  14  0
-5  -20  -10  0
12  -10  -11  0
1  15  -2  0
-20  7  9  0
8  -14  18  0
2  -16  -20  0
-15  8  17  0
3  9  4  0
14  12  -1  0
5  -15  4  0
-7  14  3  0
-11  9  -18  0
-16  9  18  0
12  13  -2  0
12  -11  -20  0
-3  11  -10  0
11  15  12  0
-14  -4  -13  0
-4  16  12  0
4  -2  -16  0
-20  -2  14  0
11  -19  20  0
-9  -4  14  0
8  -17  -14  0
-9  -19  13  0
1  -10  -6  0
9  5  -8  0
4  17  -9  0
13  7  8  0
-17  -19  6  0
13  20  15  0
19  -8  -13  0
19  -10  8  0
-10  -20  -19  0
-13  -17  11  0
-16  -10  -3  0
3  4  -6  0
19  18  9  0
-15  3  18  0
20  -6  -2  0
-18  1  3  0
8  -3  -10  0
3  -14  20  0
4  -17  20  0
-5  20  -6  0
8  -20  4  0
10  -18  -1  0
10  3  -16  0
-11  -9  13  0
19  3  -13  0
14  -3  7  0
9  11  13  0
-15  -17  13  0
-7  9  2  0
1  -16  -7  0
-17  7  9  0
