c mkcnf random cnf with seed 608883, max clause length 3
c FORCED SATISFIABLE
c 
p cnf 20  86
-2  4  -1  0
-8  -16  -17  0
-15  -2  -1  0
13  -18  15  0
-13  2  5  0
5  8  -2  0
16  -14  -17  0
-20  5  -2  0
-11  -14  15  0
8  -12  -20  0
8  -14  -20  0
13  -4  -20  0
-7  -11  15  0
13  2  -5  0
-4  -14  9  0
8  1  -12  0
1  10  -17  0
-20  -19  17  0
-17  9  19  0
8  2  -15  0
-17  -4  -13  0
-14  -1  12  0
-20  17  -16  0
-3  -18  -9  0
-12  -5  -3  0
-9  2  -14  0
16  11  5  0
10  -14  4  0
15  -13  -5  0
-12  -1  -5  0
-16  -8  -13  0
12  5  4  0
3  10  4  0
-12  -2  5  0
-5  15  -3  0
-13  16  8  0
11  -12  10  0
-1  5  -8  0
18  9  -6  0
4  -11  -1  0
3  15  13  0
20  5  -13  0
11  16  9  0
18  7  5  0
5  17  13  0
8  17  -19  0
-14  1  -2  0
-19  -1  10  0
11  9  16  0
16  12  13  0
-9  19  -7  0
-9  18  17  0
-14  -10  -16  0
1  13  -4  0
-12  9  17  0
-13  10  -7  0
17  -16  9  0
-8  -16  -15  0
19  16  -20  0
-18  -12  -2  0
-17  -20  -15  0
4  -1  -16  0
-18  15  -10  0
-12  -20  8  0
-16  6  9  0
10  -20  2  0
13  1  -7  0
-10  2  20  0
3  4  -6  0
-11  -10  -16  0
12  7  -11  0
20  -17  -14  0
-6  11  -4  0
19  -4  -13  0
-11  6  17  0
-18  -1  -17  0
-18  3  -19  0
-1  18  -19  0
-4  -19  -16  0
3  7  16  0
-3  5  12  0
-4  9  3  0
-15  -10  -8  0
-7  16  4  0
2  19  5  0
18  4  6  0
