c mkcnf random cnf with seed 608953, max clause length 3
c FORCED SATISFIABLE
c 
p cnf 20  86
-4  -20  -1  0
2  -16  -15  0
-11  3  -20  0
16  -11  13  0
4  20  6  0
-9  -17  -3  0
19  8  -16  0
-8  -16  -12  0
-6  20  -19  0
17  -10  12  0
-8  -9  -2  0
10  2  -14  0
9  -18  20  0
18  20  -7  0
9  -12  -3  0
8  15  -10  0
-20  14  -18  0
-11  9  20  0
20  2  16  0
-5  -20  -3  0
-7  17  15  0
-15  11  -18  0
3  -20  4  0
-4  -5  11  0
-17  -18  -19  0
18  5  7  0
14  8  19  0
-17  10  -15  0
18  17  3  0
12  3  2  0
14  3  -12  0
20  -14  2  0
10  -7  3  0
-17  -3  -19  0
-14  -12  -1  0
3  6  -1  0
4  16  -2  0
-18  14  -13  0
16  12  14  0
17  -14  5  0
-3  -14  18  0
13  10  3  0
-1  13  6  0
-10  19  -12  0
-11  15  -20  0
-12  6  2  0
-15  17  19  0
-16  -6  15  0
8  9  -19  0
20  17  -12  0
-7  -10  9  0
13  -11  -18  0
-18  -20  -19  0
-17  4  -6  0
-20  -11  18  0
5  13  -20  0
-5  7  6  0
17  -2  14  0
-17  -19  -13  0
2  -8  4  0
-19  -11  7  0
12  -15  -7  0
16  2  18  0
7  -1  13  0
19  10  -18  0
-13  18  -10  0
-11  -5  9  0
6  -17  1  0
-15  -20  18  0
16  1  -3  0
-13  -4  8  0
-15  14  8  0
17  7  -18  0
4  -3  -5  0
-14  8  -5  0
-1  3  2  0
-4  -8  20  0
-7  -10  -13  0
-17  1  2  0
7  9  15  0
12  11  8  0
20  18  14  0
8  -19  -20  0
12  -4  6  0
19  -13  -12  0
-16  -15  9  0
