c mkcnf random cnf with seed 608931, max clause length 3
c FORCED SATISFIABLE
c 
p cnf 20  86
-2  7  -11  0
8  6  -7  0
-15  8  -3  0
-7  12  -11  0
1  8  5  0
-7  5  -6  0
-11  -10  -14  0
18  -4  2  0
-3  15  -8  0
14  -1  15  0
-7  -18  -8  0
-1  10  15  0
-16  14  13  0
-1  7  -17  0
-17  9  2  0
-8  18  15  0
5  -9  14  0
-13  -16  -4  0
-11  -18  -8  0
-1  -20  4  0
2  9  10  0
8  -6  4  0
14  13  -19  0
-13  -16  12  0
9  17  7  0
-1  -11  -14  0
-9  15  -18  0
17  8  -11  0
2  -15  12  0
16  -15  13  0
-6  -16  12  0
6  7  -13  0
-4  1  5  0
-17  15  -9  0
-18  17  -19  0
-9  -16  1  0
10  11  -4  0
-8  10  12  0
-7  12  -11  0
-12  -16  18  0
-3  9  14  0
4  -10  14  0
6  -20  -12  0
1  18  15  0
-5  -13  -20  0
5  11  -3  0
-13  -8  -11  0
5  -15  -19  0
16  -18  10  0
2  19  17  0
13  20  17  0
5  -9  -20  0
-18  10  -4  0
-11  -15  -9  0
-9  14  -19  0
16  20  2  0
-7  10  -6  0
-13  15  -1  0
-20  15  13  0
-10  20  -1  0
18  -16  10  0
-17  4  20  0
-19  20  10  0
11  2  14  0
3  6  -16  0
-20  8  9  0
-19  14  -15  0
-20  8  -19  0
2  11  -6  0
-11  3  10  0
12  -6  -17  0
-16  -18  -11  0
-17  13  1  0
13  -6  -20  0
20  -8  -19  0
12  2  16  0
-5  19  12  0
-9  -12  -8  0
-7  19  -4  0
-20  -7  -2  0
5  -1  -8  0
9  1  -14  0
-9  -16  3  0
-7  8  -14  0
-4  -19  -18  0
-2  7  -11  0
