c mkcnf random cnf with seed 608932, max clause length 3
c FORCED SATISFIABLE
c 
p cnf 20  86
2  -5  9  0
1  10  -18  0
-11  -7  8  0
13  -20  -16  0
-5  3  -15  0
-2  -10  5  0
-10  16  -6  0
-14  17  -16  0
19  -5  9  0
13  12  18  0
9  17  10  0
-20  -14  16  0
-17  -7  -15  0
1  -18  4  0
-13  -18  -5  0
5  6  9  0
14  -6  15  0
20  17  7  0
-7  -15  -19  0
17  16  -6  0
-4  -9  20  0
-20  -10  -15  0
3  -17  -7  0
10  17  14  0
-3  -12  18  0
6  5  17  0
17  1  -12  0
-15  -4  -8  0
-9  -14  -11  0
16  -6  -10  0
-12  2  1  0
-3  12  -9  0
5  -6  -9  0
-9  -8  10  0
-18  -12  2  0
-1  9  10  0
-15  19  12  0
1  -7  3  0
2  -13  14  0
4  -6  18  0
3  15  -12  0
5  -12  16  0
1  18  -6  0
-6  17  -13  0
-3  -7  11  0
-10  16  17  0
19  -8  11  0
-4  9  -19  0
-2  8  -4  0
-1  -9  -6  0
-3  -13  -8  0
2  3  10  0
6  -5  10  0
-14  19  9  0
18  -8  -7  0
-13  5  -4  0
-5  18  -7  0
-1  8  -3  0
14  13  -8  0
-8  -13  -5  0
-14  13  -12  0
17  -2  -6  0
-17  -13  -3  0
10  16  -17  0
16  14  11  0
6  -3  10  0
-7  11  -17  0
-9  -11  -2  0
11  9  -5  0
-6  -8  -4  0
-19  -17  -18  0
-9  19  -4  0
15  17  2  0
20  8  16  0
20  -3  9  0
6  19  3  0
-5  -14  -11  0
-7  -2  -1  0
15  -4  -1  0
-15  14  -8  0
1  -19  -2  0
13  7  -6  0
-4  -16  -8  0
-5  -17  6  0
14  2  -9  0
-15  10  14  0
