c mkcnf random cnf with seed 608974, max clause length 3
c FORCED SATISFIABLE
c 
p cnf 20  86
-7  15  -12  0
-18  8  19  0
8  20  -19  0
-2  -10  4  0
6  -18  -4  0
9  5  4  0
17  -2  -3  0
12  18  13  0
4  18  2  0
-15  -11  -9  0
-18  20  7  0
-4  12  18  0
-14  12  17  0
-8  -18  20  0
-17  18  -8  0
-11  14  -18  0
10  4  20  0
2  -3  -13  0
-16  8  -14  0
-18  10  -16  0
-5  -19  18  0
3  -15  4  0
9  16  6  0
-13  3  4  0
-14  8  -16  0
8  14  -7  0
15  19  2  0
8  7  15  0
6  8  18  0
17  15  -10  0
-20  -17  -11  0
15  3  20  0
1  -17  9  0
-11  16  -5  0
9  -2  1  0
-19  -14  -6  0
16  8  19  0
10  -20  -4  0
12  -18  -1  0
18  8  2  0
-2  -7  -6  0
2  1  -13  0
-15  11  -8  0
-20  -6  -7  0
-15  11  -16  0
-8  -14  -17  0
19  9  -16  0
-9  14  -20  0
-7  -19  11  0
-13  17  10  0
-7  20  -4  0
-15  2  6  0
14  -7  -10  0
3  19  -18  0
4  -3  20  0
-11  17  -19  0
-15  -19  -4  0
-13  6  -4  0
-15  -6  -17  0
-20  -17  -10  0
19  -7  -17  0
8  -2  -17  0
13  -10  -12  0
-6  8  12  0
4  -18  -13  0
20  8  -3  0
10  9  12  0
11  1  -5  0
-14  -17  9  0
5  -9  2  0
5  11  -7  0
7  -8  -13  0
-16  4  1  0
16  2  17  0
18  -12  -11  0
4  -18  3  0
-5  17  -4  0
-2  -18  4  0
-14  6  -18  0
16  8  12  0
3  8  -17  0
-19  -8  12  0
-3  20  19  0
-20  -7  -10  0
-5  -17  16  0
-16  -4  -15  0
