c mkcnf random cnf with seed 608916, max clause length 3
c FORCED SATISFIABLE
c 
p cnf 20  86
15  -4  -6  0
-7  6  -19  0
-19  15  12  0
4  16  1  0
12  15  16  0
-10  11  16  0
1  -4  5  0
-10  12  -18  0
8  13  -17  0
18  12  -19  0
-16  -18  -11  0
20  -16  -8  0
7  18  -3  0
7  12  -13  0
-3  -20  -1  0
3  -11  -18  0
-10  -2  -6  0
18  -11  -8  0
20  16  -18  0
10  2  -13  0
12  11  -18  0
-8  2  -6  0
-15  -17  -18  0
-7  14  10  0
2  11  5  0
-3  2  10  0
5  20  -1  0
-12  -17  19  0
3  -8  5  0
7  14  -9  0
-1  -20  -3  0
-6  -7  -12  0
-8  3  11  0
-13  7  -5  0
1  2  -7  0
-12  -4  -7  0
9  -18  19  0
-10  9  20  0
17  -19  4  0
-8  16  -3  0
17  -2  7  0
-4  -14  12  0
-19  5  4  0
-14  -20  7  0
-6  11  -2  0
-17  -10  3  0
-5  11  4  0
2  7  -20  0
-2  17  12  0
-15  -19  -10  0
1  -17  20  0
5  -19  11  0
18  11  13  0
-5  -13  -11  0
17  13  -8  0
-14  7  -19  0
-13  -1  7  0
-7  5  18  0
8  15  -2  0
10  18  -19  0
-9  16  5  0
18  -4  7  0
-11  8  -2  0
-16  -6  -18  0
17  -14  19  0
17  15  13  0
15  -6  -4  0
-6  18  -14  0
19  2  -10  0
16  -8  -3  0
13  -18  -3  0
2  15  -3  0
-20  -9  -2  0
-18  -4  19  0
10  -2  -18  0
12  -7  13  0
-6  -20  2  0
-1  -10  -2  0
8  -17  5  0
-4  15  -17  0
-6  -19  -8  0
-1  -17  18  0
13  11  -14  0
-6  3  -16  0
-3  19  -9  0
-5  -4  10  0
