c mkcnf random cnf with seed 608891, max clause length 3
c FORCED SATISFIABLE
c 
p cnf 20  86
15  -14  -3  0
-10  -3  15  0
12  15  -2  0
-20  -8  15  0
-17  -2  10  0
7  8  -3  0
6  -16  -9  0
-16  11  -18  0
-8  -12  15  0
13  1  -2  0
16  -14  -18  0
13  8  -14  0
7  8  -18  0
6  8  -5  0
20  16  -13  0
-1  6  19  0
-1  13  -5  0
15  -14  -18  0
11  -12  10  0
14  1  -7  0
-18  -4  -16  0
-7  -13  12  0
-10  -7  -15  0
-16  -3  -1  0
-1  16  -8  0
-5  -4  -7  0
-13  -5  16  0
14  -9  15  0
8  -11  18  0
13  5  20  0
8  3  2  0
12  -11  7  0
3  -7  11  0
12  16  -13  0
-11  -16  -10  0
-10  16  -15  0
2  10  13  0
16  -10  -12  0
11  16  2  0
-14  -17  13  0
1  20  10  0
-12  -3  -16  0
-17  -16  14  0
-10  14  6  0
5  -20  10  0
15  -5  -17  0
-17  -7  -10  0
13  16  -18  0
11  1  20  0
8  10  14  0
-10  20  8  0
-19  13  3  0
6  -4  -9  0
-7  -20  13  0
10  -7  1  0
16  -13  15  0
-9  14  15  0
19  -1  -5  0
-15  -14  6  0
16  9  -14  0
2  11  1  0
8  -18  -15  0
15  -18  16  0
3  -17  -9  0
10  6  2  0
-18  15  -7  0
15  -2  4  0
-1  6  18  0
-10  2  -19  0
-9  -6  19  0
10  8  -15  0
16  12  -18  0
-1  13  17  0
-2  -8  3  0
-17  -14  18  0
12  14  -9  0
-19  11  8  0
2  3  -20  0
-5  -15  -9  0
-20  18  1  0
14  17  2  0
-12  -11  17  0
15  -4  18  0
12  -3  1  0
-13  -7  18  0
-15  -9  -11  0
