c mkcnf random cnf with seed 608893, max clause length 3
c FORCED SATISFIABLE
c 
p cnf 20  86
14  12  -18  0
5  -3  11  0
12  19  -10  0
13  20  12  0
9  20  19  0
17  -11  -10  0
-8  17  10  0
3  -17  18  0
5  -7  -12  0
-10  -9  -20  0
-18  7  12  0
17  -13  -8  0
-3  14  6  0
19  7  -13  0
-1  -13  -9  0
2  -4  19  0
-10  17  -1  0
-19  -12  18  0
-9  14  -10  0
-12  -11  5  0
16  5  -20  0
5  11  -15  0
-19  14  16  0
6  -16  -3  0
9  -14  19  0
-2  7  13  0
-10  13  -14  0
1  11  12  0
-2  -4  -12  0
-11  8  -15  0
11  -6  -17  0
-4  19  -5  0
-15  -11  19  0
-12  13  -8  0
14  -7  10  0
20  -13  15  0
2  -15  -11  0
-15  1  -13  0
14  7  17  0
-11  -1  -15  0
5  9  -19  0
18  11  -2  0
18  -13  10  0
20  -9  5  0
12  11  -16  0
-9  -13  -14  0
6  3  13  0
7  2  15  0
16  -20  10  0
10  16  -19  0
-2  -8  -6  0
-19  -3  -16  0
-17  -13  -6  0
-18  -5  -12  0
11  16  10  0
6  -2  -7  0
-9  2  7  0
-1  -9  7  0
-10  -4  -5  0
5  -1  14  0
17  -15  20  0
8  -15  -5  0
3  -6  -17  0
5  6  17  0
19  -3  -11  0
-14  8  17  0
15  -3  -20  0
-20  2  4  0
-4  1  14  0
10  -1  14  0
3  19  -17  0
18  16  -5  0
12  -4  -11  0
-16  -19  2  0
-7  -1  20  0
-8  -6  3  0
-4  19  18  0
-14  -7  9  0
9  -1  -11  0
3  9  5  0
16  17  -6  0
-9  -8  18  0
2  15  -16  0
-1  -14  17  0
20  -2  -13  0
16  -6  20  0
