c mkcnf random cnf with seed 608938, max clause length 3
c FORCED SATISFIABLE
c 
p cnf 20  86
17  -18  -15  0
11  -14  -7  0
12  -7  6  0
5  -16  -6  0
1  9  7  0
15  16  -14  0
-9  -3  10  0
4  9  -19  0
20  19  -15  0
7  -16  -12  0
10  5  -17  0
20  13  6  0
2  5  -18  0
-1  9  -14  0
15  -20  1  0
-4  -20  -5  0
-3  -18  14  0
18  -14  8  0
-2  13  17  0
13  4  -12  0
17  19  16  0
6  15  11  0
6  1  -2  0
8  -13  1  0
-6  -18  -8  0
-8  -1  14  0
2  6  3  0
-15  -16  3  0
14  15  -3  0
12  -18  -15  0
-19  -17  5  0
2  -4  -11  0
-20  19  8  0
-7  -19  -3  0
5  9  13  0
16  -6  15  0
20  12  6  0
-5  14  8  0
-7  -5  -14  0
10  -8  -2  0
-11  -13  5  0
2  -5  4  0
-15  -18  2  0
-5  -18  9  0
16  -6  8  0
-16  -12  6  0
7  -16  -12  0
17  -5  16  0
-16  -4  -12  0
4  -13  20  0
-6  12  -13  0
2  5  15  0
-1  -8  9  0
-10  5  -9  0
-3  -15  18  0
-2  -1  -15  0
12  -11  -18  0
-6  2  -12  0
-18  -5  8  0
5  -11  -20  0
8  -6  13  0
-11  10  -12  0
-5  20  -11  0
-6  -12  2  0
-2  6  11  0
-19  -11  -4  0
-8  4  -3  0
11  6  -12  0
3  -12  16  0
-18  19  14  0
18  3  1  0
-1  13  6  0
-19  18  -2  0
8  1  -13  0
-2  -13  1  0
-19  -12  -6  0
5  -3  4  0
-2  20  -15  0
-14  12  -2  0
-1  9  4  0
-15  16  -4  0
-10  11  -3  0
20  -12  17  0
5  -19  -4  0
14  -20  -3  0
14  16  2  0
