c mkcnf random cnf with seed 608969, max clause length 3
c FORCED SATISFIABLE
c 
p cnf 20  86
-11  1  4  0
-13  -16  -8  0
10  -3  13  0
-16  -17  20  0
15  -7  -5  0
19  16  20  0
-16  18  8  0
8  -5  1  0
-1  -5  -13  0
8  12  -18  0
-9  13  -19  0
2  -5  12  0
-9  20  -14  0
-12  15  9  0
-4  -18  -14  0
-19  -8  -13  0
-10  4  11  0
-19  4  -12  0
16  6  -5  0
19  -10  7  0
-18  -14  12  0
-1  4  -20  0
-4  1  -5  0
5  -4  12  0
-18  14  -19  0
-13  -19  4  0
15  16  -6  0
6  5  -11  0
5  16  8  0
6  -1  11  0
13  -19  -15  0
-20  4  11  0
-16  17  -14  0
1  -6  -15  0
-9  15  -1  0
-9  -16  19  0
-15  13  -18  0
-14  7  11  0
5  15  2  0
-9  -11  8  0
5  -19  4  0
-19  -9  -5  0
2  -17  -11  0
7  16  19  0
-16  7  9  0
-7  9  12  0
-12  6  -18  0
2  14  7  0
17  1  -15  0
20  19  -14  0
-19  11  -5  0
20  6  -17  0
16  3  -4  0
20  1  3  0
18  15  17  0
-3  -19  -20  0
19  14  -20  0
-17  -20  8  0
13  -6  -11  0
20  -17  1  0
14  16  12  0
3  6  14  0
-18  -17  7  0
20  -19  1  0
15  -18  6  0
18  11  4  0
-13  -17  14  0
12  -14  9  0
-4  -15  7  0
-10  -9  -19  0
-13  -6  -10  0
-10  -19  -7  0
-19  -6  17  0
16  15  8  0
20  -19  -17  0
1  -18  4  0
-12  6  -17  0
-5  4  -20  0
-5  1  12  0
-13  -7  -2  0
5  18  13  0
-14  7  -9  0
-14  -19  12  0
-10  -15  9  0
1  -14  16  0
-14  10  13  0
