c mkcnf random cnf with seed 608892, max clause length 3
c FORCED SATISFIABLE
c 
p cnf 20  86
15  13  1  0
-7  -5  8  0
12  17  -16  0
6  -4  -13  0
4  -19  -17  0
-11  -19  -15  0
-2  9  -15  0
2  -20  5  0
3  1  16  0
17  11  1  0
-18  12  -3  0
9  6  19  0
19  -15  7  0
-3  18  6  0
5  13  -8  0
-7  -17  19  0
-8  6  15  0
16  -9  -8  0
16  -14  11  0
-6  -18  -17  0
-4  10  -15  0
16  -15  -2  0
-13  17  -16  0
17  -11  7  0
-10  -15  -14  0
-1  -7  -10  0
-3  -13  -1  0
1  15  -5  0
-14  18  -16  0
-9  -17  -16  0
-18  -1  8  0
-19  -6  11  0
13  -7  15  0
12  -16  -2  0
-2  15  -5  0
5  -6  -1  0
-1  -11  19  0
-9  -20  -4  0
16  -13  -18  0
1  20  9  0
3  -8  -19  0
-13  -11  -10  0
4  17  -5  0
8  1  20  0
11  -14  -3  0
14  3  -20  0
-8  -5  11  0
-1  -7  -12  0
4  -3  -20  0
15  -18  -14  0
14  -2  -1  0
-3  -15  -12  0
13  -9  -14  0
17  10  -12  0
-9  17  4  0
5  10  11  0
2  10  -3  0
5  15  -3  0
-1  19  -4  0
17  -20  -12  0
19  2  -7  0
-9  -12  -19  0
2  -12  -15  0
-19  20  18  0
6  -2  12  0
-5  15  -8  0
8  -16  -15  0
5  -17  11  0
-5  17  16  0
-7  11  -5  0
14  -17  -7  0
-4  -7  2  0
-15  -11  5  0
18  11  20  0
-14  12  -17  0
2  -14  -3  0
3  13  12  0
-16  -14  3  0
4  1  17  0
-2  -1  -4  0
-2  -9  -14  0
14  18  -20  0
4  15  7  0
-16  -10  -13  0
6  5  -12  0
3  2  -4  0
