c mkcnf random cnf with seed 608912, max clause length 3
c FORCED SATISFIABLE
c 
p cnf 20  86
-18  -9  15  0
-7  16  10  0
-12  -18  -19  0
-19  -2  6  0
10  14  -18  0
-10  11  -19  0
12  5  -14  0
-12  -16  8  0
11  19  4  0
2  11  9  0
18  11  19  0
-16  -4  12  0
-15  -18  5  0
20  13  15  0
4  -18  2  0
-1  -14  -3  0
-20  -18  8  0
3  9  7  0
11  19  -7  0
19  -17  -1  0
-18  2  9  0
14  12  -10  0
5  -19  12  0
10  3  19  0
-18  9  -15  0
12  -11  -3  0
-2  9  16  0
-15  7  12  0
-1  -20  -13  0
-16  15  7  0
20  -18  -4  0
-14  -16  2  0
8  13  -3  0
-8  -17  13  0
-19  -11  12  0
-11  14  -15  0
-1  -14  -7  0
8  -15  14  0
3  -9  -11  0
-6  20  -16  0
18  20  8  0
8  12  10  0
-13  -7  1  0
-6  14  -1  0
2  18  11  0
-11  -17  -15  0
6  -5  19  0
16  5  15  0
-20  13  3  0
-3  6  13  0
-10  -13  -14  0
-12  17  -8  0
18  8  20  0
19  13  -17  0
9  -16  -10  0
6  -4  3  0
-17  3  -1  0
8  -20  -18  0
-14  20  -11  0
-20  16  -17  0
12  9  -2  0
19  10  1  0
-16  -4  -7  0
2  -8  15  0
-15  6  -12  0
-8  -3  -13  0
-1  4  10  0
-12  -13  18  0
12  -18  2  0
-16  -10  9  0
12  6  15  0
-1  -13  -16  0
-3  4  8  0
12  -5  3  0
8  4  -3  0
2  14  13  0
-16  -6  15  0
20  7  -10  0
-7  9  -19  0
7  -14  11  0
10  8  -2  0
1  14  6  0
5  6  -1  0
3  -17  -11  0
-9  11  12  0
-16  -4  20  0
