c mkcnf random cnf with seed 608901, max clause length 3
c FORCED SATISFIABLE
c 
p cnf 20  86
-7  2  20  0
20  18  -1  0
12  -15  -4  0
-4  10  -18  0
6  -8  16  0
-7  2  8  0
13  -5  -11  0
18  19  -16  0
6  1  -8  0
7  -8  3  0
5  1  -11  0
11  -4  8  0
16  11  7  0
5  6  -13  0
19  18  -14  0
17  2  4  0
19  -1  -11  0
11  -4  20  0
-2  12  -15  0
1  19  -2  0
5  -16  7  0
16  -17  3  0
4  -12  6  0
6  17  9  0
12  3  17  0
5  -4  18  0
-5  -12  10  0
-5  20  14  0
6  -9  4  0
1  -9  15  0
16  -7  2  0
17  -14  -16  0
-16  6  -18  0
-18  -13  11  0
-1  -8  15  0
2  13  19  0
-4  -16  -1  0
16  -10  12  0
10  -14  13  0
-18  8  -4  0
-11  -19  -2  0
5  16  4  0
-1  18  -2  0
-18  -20  -15  0
-10  -14  -6  0
8  15  7  0
16  19  15  0
4  2  14  0
4  -15  10  0
-17  -6  -10  0
1  -13  -6  0
-6  -2  10  0
-18  -8  13  0
6  2  -3  0
13  -7  -12  0
19  9  13  0
15  2  12  0
-17  20  -16  0
9  -10  14  0
-8  -6  -15  0
-2  -15  3  0
-12  13  -10  0
-8  -4  -10  0
15  3  6  0
2  -19  17  0
16  -18  1  0
18  -2  9  0
5  -14  -9  0
10  -17  -16  0
7  -15  6  0
18  19  3  0
12  11  -17  0
-18  -11  -8  0
11  6  13  0
6  11  -19  0
15  13  -8  0
12  -4  -16  0
8  -11  13  0
-14  6  8  0
9  8  3  0
-2  -6  -4  0
17  2  -11  0
-16  -17  1  0
9  7  4  0
-11  17  6  0
-10  -3  -20  0
