c mkcnf random cnf with seed 608879, max clause length 3
c FORCED SATISFIABLE
c 
p cnf 20  86
5  -9  11  0
1  13  -19  0
-3  -14  -15  0
1  3  19  0
12  3  -2  0
-8  -2  17  0
16  17  18  0
-16  -7  -2  0
-2  4  1  0
11  -6  -12  0
11  6  -7  0
10  6  -15  0
5  -13  19  0
12  20  14  0
-12  20  7  0
11  19  15  0
-5  -17  20  0
-11  -12  -14  0
-1  3  18  0
18  -13  -12  0
-3  14  -17  0
-7  -20  -10  0
-10  -11  -17  0
-20  -12  -15  0
20  4  -16  0
-18  -9  12  0
-11  10  14  0
10  9  6  0
-5  13  -4  0
-12  -18  11  0
-8  16  -20  0
-11  13  -15  0
20  -10  -17  0
-7  8  -9  0
-10  -3  8  0
-15  1  -16  0
8  -2  4  0
3  -4  8  0
-1  20  2  0
-17  9  8  0
-17  -11  15  0
-15  -12  13  0
-20  15  -7  0
-10  -7  17  0
6  -2  12  0
10  -4  -13  0
1  13  -11  0
-3  18  -15  0
4  15  -13  0
6  -14  -12  0
7  -1  -8  0
12  -3  6  0
9  -5  -18  0
-7  -11  -6  0
-1  -3  5  0
15  -13  6  0
12  -14  5  0
-9  16  -7  0
-14  -18  13  0
16  15  8  0
-5  -19  -16  0
3  -6  9  0
12  -9  8  0
9  -2  -8  0
13  7  8  0
3  -15  -6  0
-10  17  -6  0
7  -12  -10  0
9  -5  10  0
-13  -17  -16  0
3  18  6  0
7  20  6  0
8  12  -19  0
-17  -2  1  0
11  19  15  0
-6  8  18  0
16  10  -12  0
-15  2  13  0
8  -4  -13  0
19  4  1  0
20  -1  15  0
14  -20  -5  0
9  2  12  0
16  -3  2  0
20  15  -17  0
19  4  -2  0
