c mkcnf random cnf with seed 608910, max clause length 3
c FORCED SATISFIABLE
c 
p cnf 20  86
-20  12  19  0
-10  -18  -16  0
6  12  -15  0
7  -11  4  0
-7  18  -1  0
-12  20  -10  0
12  -17  -9  0
-3  -7  -8  0
18  -13  -5  0
16  5  -4  0
-11  -12  -9  0
-8  -10  -14  0
16  -13  14  0
4  -10  -20  0
-20  -15  -10  0
7  -5  -3  0
3  -17  -2  0
-6  -8  -5  0
-8  -16  -6  0
-15  -20  -1  0
-11  -18  -19  0
-17  -2  4  0
4  -17  -20  0
8  10  17  0
-18  19  6  0
13  10  -19  0
-8  -17  -13  0
4  -16  -15  0
15  13  -5  0
-17  -11  18  0
10  -5  17  0
-10  -7  -15  0
7  19  2  0
-15  -7  -12  0
-2  -16  -6  0
12  -9  15  0
-2  -10  5  0
-5  11  8  0
-9  -3  4  0
7  -20  -8  0
18  -11  6  0
14  9  -18  0
-13  6  16  0
11  -1  -17  0
-6  11  12  0
8  -7  12  0
14  -15  -11  0
-11  5  14  0
15  16  -9  0
-12  -4  8  0
-10  -2  18  0
2  -5  -10  0
-4  6  7  0
8  1  5  0
-11  -20  6  0
2  -14  -8  0
7  16  -14  0
13  -5  7  0
12  -13  2  0
-14  3  -16  0
14  15  -3  0
-12  3  4  0
-10  6  15  0
-12  7  -1  0
-11  -2  -12  0
-4  -7  -9  0
9  -1  2  0
18  9  -19  0
13  -10  6  0
-11  -12  4  0
-2  -15  6  0
9  1  17  0
-2  16  7  0
-1  -11  10  0
-1  -11  -2  0
-18  -2  10  0
2  -1  20  0
4  17  6  0
8  -13  -19  0
6  10  -11  0
1  -14  2  0
8  -17  -3  0
1  -7  -3  0
8  -13  1  0
11  6  9  0
2  -15  3  0
