c mkcnf random cnf with seed 608924, max clause length 3
c FORCED SATISFIABLE
c 
p cnf 20  86
8  -15  7  0
7  -4  2  0
-9  16  -3  0
7  -6  1  0
16  7  20  0
-9  6  -16  0
19  7  11  0
-9  -12  7  0
-3  -10  17  0
17  -4  1  0
-7  -20  -15  0
-1  -16  3  0
-4  -12  17  0
-15  -11  -4  0
-19  4  14  0
-9  -14  -17  0
9  16  -17  0
-9  13  11  0
8  9  -6  0
14  8  10  0
11  -20  13  0
1  4  -13  0
10  13  15  0
12  -20  -18  0
1  6  -15  0
-14  8  -6  0
6  -18  20  0
11  4  2  0
4  -18  16  0
-8  -12  -14  0
12  3  6  0
8  -11  -15  0
-18  15  3  0
-4  -11  14  0
-8  13  -18  0
-14  15  -1  0
12  1  20  0
-12  -5  10  0
1  13  -2  0
16  6  -12  0
3  11  -14  0
-4  6  12  0
13  15  3  0
-11  -3  -14  0
-16  -3  7  0
19  10  -1  0
-2  -5  8  0
-20  -4  -11  0
-15  13  17  0
-18  9  -14  0
6  -1  -4  0
11  -18  -10  0
12  16  -6  0
20  10  2  0
20  -12  -1  0
-4  -14  17  0
12  18  15  0
8  -7  5  0
20  4  10  0
4  3  1  0
15  -10  3  0
-7  -17  10  0
18  -8  -2  0
11  -18  16  0
4  -15  2  0
-16  -14  -8  0
1  12  19  0
8  -17  2  0
-4  6  -18  0
19  -10  -13  0
1  19  17  0
9  -2  16  0
13  4  -7  0
-19  7  -16  0
-16  -7  -13  0
-6  4  -5  0
7  16  8  0
-16  8  -20  0
-20  2  -8  0
-11  6  16  0
-18  8  -4  0
20  -5  3  0
12  -2  -11  0
-20  18  -16  0
-16  2  3  0
-9  -20  -19  0
