c mkcnf random cnf with seed 608929, max clause length 3
c FORCED SATISFIABLE
c 
p cnf 20  86
4  -9  -16  0
-6  -7  -9  0
-3  -6  12  0
-16  2  3  0
-3  13  15  0
-2  -14  5  0
-7  17  2  0
-16  -13  19  0
-4  3  -5  0
-1  -4  -18  0
-5  10  -12  0
-2  20  15  0
6  -4  -8  0
-5  -17  1  0
-16  7  10  0
12  11  -13  0
-6  -12  19  0
6  3  -17  0
10  3  5  0
1  19  13  0
6  -8  -10  0
-12  15  -2  0
-3  -10  12  0
10  -7  -13  0
-10  1  -12  0
19  15  5  0
-14  -8  -16  0
-9  -7  2  0
3  2  13  0
-20  8  19  0
16  -1  -8  0
10  17  7  0
19  -16  5  0
-9  -5  6  0
-2  18  -9  0
19  15  -14  0
7  15  13  0
1  3  -5  0
12  7  -18  0
20  -11  3  0
-1  2  -13  0
-1  -16  -2  0
-15  -13  17  0
17  10  -9  0
13  7  -12  0
-9  -6  -17  0
3  -13  -5  0
9  -19  3  0
2  -10  17  0
-13  20  -7  0
2  1  11  0
-9  -19  20  0
-16  -15  9  0
13  -7  19  0
15  -6  -7  0
-13  -1  -14  0
1  15  -8  0
3  -10  7  0
-8  -11  15  0
-12  -6  -20  0
17  -8  -6  0
-3  -6  -8  0
18  8  -1  0
-13  -7  -5  0
-7  -1  -6  0
-2  -18  9  0
-11  15  -8  0
-3  -7  -14  0
14  12  -13  0
2  -15  18  0
-12  -1  -19  0
-16  -8  -10  0
-14  20  19  0
14  20  11  0
7  -13  3  0
-20  -18  -16  0
10  -14  -20  0
-3  -17  -4  0
13  14  -16  0
16  -13  -3  0
-2  5  -6  0
3  2  -19  0
4  20  -12  0
5  12  14  0
12  -19  -15  0
-7  8  5  0
