c mkcnf random cnf with seed 608960, max clause length 3
c FORCED SATISFIABLE
c 
p cnf 20  86
19  12  -5  0
8  9  1  0
9  4  3  0
20  -4  9  0
-8  -1  -11  0
-7  -14  -10  0
5  2  -8  0
-14  5  8  0
-3  -8  18  0
1  5  -11  0
6  -20  -2  0
-16  11  20  0
13  -14  10  0
3  10  -16  0
14  -13  -19  0
-11  16  5  0
-19  -1  -12  0
19  12  -18  0
15  -2  -19  0
7  14  -10  0
-5  8  -13  0
-13  16  7  0
11  4  14  0
-16  5  -3  0
7  -15  11  0
-1  -20  -12  0
14  -9  -11  0
10  12  16  0
14  3  -9  0
3  -20  17  0
-11  -16  4  0
-19  20  18  0
-14  3  4  0
-10  -4  15  0
20  -1  11  0
-14  -2  13  0
12  11  4  0
-16  -17  8  0
-20  3  13  0
3  -2  9  0
-13  17  18  0
20  -18  11  0
-12  20  2  0
1  16  15  0
-8  5  -7  0
-19  2  -9  0
6  -9  8  0
-3  8  9  0
8  10  18  0
-9  6  -15  0
-9  3  -15  0
-5  20  -6  0
12  -20  -15  0
15  -8  -2  0
-19  -13  18  0
-14  12  20  0
9  -4  20  0
2  15  -10  0
7  5  -3  0
-15  -7  13  0
3  -12  -19  0
11  -10  -5  0
8  -1  16  0
-18  -2  -19  0
-6  -19  8  0
4  -5  -1  0
14  1  -8  0
9  2  1  0
11  -5  16  0
-7  9  16  0
-18  -14  -1  0
-1  -6  18  0
-5  -8  4  0
12  -20  -15  0
2  -5  1  0
20  16  -1  0
16  -8  19  0
-4  -6  15  0
-4  10  18  0
12  -1  -10  0
-15  -16  20  0
8  1  -18  0
-6  -11  -3  0
-6  5  9  0
-11  -4  19  0
-15  -1  2  0
