c mkcnf random cnf with seed 608964, max clause length 3
c FORCED SATISFIABLE
c 
p cnf 20  86
15  7  -16  0
-11  -19  9  0
-6  -16  -2  0
-8  -6  -19  0
-8  20  -9  0
6  -1  -7  0
-1  -7  -19  0
-2  20  -1  0
10  -8  -12  0
-10  7  -12  0
9  1  -18  0
-3  7  -6  0
-16  18  -14  0
-14  1  17  0
-1  19  7  0
15  11  13  0
10  6  -9  0
7  -13  6  0
1  12  -4  0
11  20  -3  0
13  11  -18  0
-10  -6  13  0
-3  -5  1  0
-18  -1  10  0
12  1  -3  0
16  14  -15  0
2  9  7  0
-4  12  -19  0
7  19  -1  0
-4  -7  -12  0
-6  -5  -18  0
-14  10  -11  0
-18  14  8  0
11  -14  -13  0
12  20  -3  0
-12  -14  -2  0
-18  12  -15  0
-8  -18  -6  0
-2  -4  7  0
-16  -12  5  0
-1  17  14  0
17  -19  -8  0
2  -19  6  0
10  -11  16  0
12  -4  -13  0
-9  2  11  0
-4  6  10  0
-8  13  2  0
20  -12  6  0
-12  -18  -10  0
-10  9  7  0
-16  -2  10  0
10  9  -7  0
6  14  -12  0
-9  11  3  0
7  -1  18  0
-15  4  -6  0
10  7  16  0
15  -10  20  0
-16  -18  15  0
-20  -12  11  0
-14  19  -18  0
19  8  -4  0
17  2  -4  0
-17  -16  -11  0
-13  19  10  0
16  -5  7  0
2  4  -12  0
-2  -19  11  0
-7  18  -16  0
-19  -5  16  0
5  8  -16  0
14  -3  -9  0
12  -16  -3  0
17  12  1  0
17  15  -1  0
1  -3  10  0
16  15  -6  0
-9  13  4  0
14  -15  19  0
-18  1  8  0
-8  1  -14  0
-11  19  -5  0
-2  8  13  0
4  -19  9  0
6  20  -17  0
