c mkcnf random cnf with seed 608973, max clause length 3
c FORCED SATISFIABLE
c 
p cnf 20  86
-8  -17  -15  0
-1  -11  -18  0
-19  -4  -6  0
-13  15  16  0
-8  13  -19  0
4  -20  19  0
15  -11  -18  0
-1  -12  -11  0
-14  -6  2  0
19  7  2  0
-15  -4  11  0
17  -20  -19  0
18  15  -7  0
-9  15  3  0
-8  4  5  0
19  -2  18  0
-15  -8  5  0
12  10  9  0
16  5  3  0
1  -8  16  0
-12  11  16  0
13  6  18  0
8  20  -19  0
-3  16  -20  0
-8  -11  -12  0
-10  -11  -15  0
-17  -7  -4  0
-14  12  13  0
-17  -20  -3  0
-11  1  5  0
-6  -18  -8  0
11  -10  -8  0
-16  6  -10  0
20  -3  -5  0
9  8  17  0
18  -16  8  0
14  -13  19  0
7  12  -17  0
20  -1  -10  0
-11  18  16  0
14  -3  5  0
17  -8  15  0
-3  2  7  0
1  17  2  0
10  -18  -8  0
-18  -8  -19  0
-1  16  -13  0
-7  13  9  0
-7  5  -2  0
10  12  11  0
-15  7  -14  0
11  -1  4  0
-13  -11  -14  0
16  -1  -14  0
13  20  -15  0
-12  15  13  0
11  5  -19  0
-20  5  12  0
1  -4  5  0
-3  -14  -19  0
-2  -1  -12  0
11  -4  -15  0
18  -7  3  0
14  9  -3  0
5  20  -19  0
-5  14  7  0
-14  15  9  0
10  -8  17  0
-13  4  15  0
-16  -5  -6  0
7  17  -9  0
1  17  16  0
19  -4  11  0
16  -14  13  0
-3  15  2  0
12  -13  3  0
-5  15  -1  0
19  -12  20  0
3  19  5  0
16  -7  -5  0
-20  17  15  0
16  5  13  0
20  14  5  0
-16  5  12  0
3  -20  -8  0
11  20  -6  0
