c mkcnf random cnf with seed 608935, max clause length 3
c FORCED SATISFIABLE
c 
p cnf 20  86
19  2  -5  0
11  9  -12  0
-3  16  -1  0
4  16  -10  0
-12  -20  1  0
1  17  11  0
-3  -8  -15  0
10  -13  17  0
11  7  -17  0
-1  17  10  0
-19  -16  -15  0
11  13  -8  0
-13  -8  10  0
-14  5  -18  0
-4  15  -14  0
10  14  -4  0
12  -1  6  0
5  -15  -1  0
-20  -15  17  0
-14  5  1  0
-8  20  -7  0
-3  -18  -6  0
-12  -4  11  0
5  4  -12  0
8  20  -1  0
8  -16  -4  0
-9  11  5  0
-3  -1  19  0
-3  1  -14  0
19  -8  -11  0
1  -15  -6  0
-19  1  -13  0
13  8  16  0
-4  -18  8  0
-3  -4  -20  0
-17  20  -11  0
-17  20  18  0
3  -14  10  0
4  -15  -18  0
16  12  -11  0
-5  2  16  0
-8  -11  -1  0
18  4  -17  0
-13  9  -8  0
-4  15  -7  0
18  6  16  0
2  16  15  0
-17  5  -16  0
-4  3  -6  0
7  -1  19  0
-5  12  -7  0
6  -7  20  0
4  16  2  0
-18  5  15  0
9  -13  7  0
19  4  15  0
-19  11  -2  0
-20  -18  2  0
14  13  -9  0
-2  9  -4  0
-20  -17  11  0
1  15  -3  0
-16  9  -17  0
-5  16  -9  0
-17  16  -19  0
-19  -2  1  0
15  5  -19  0
-19  3  6  0
19  13  11  0
8  -2  -14  0
9  -14  1  0
6  -2  16  0
-14  -17  -20  0
-5  20  12  0
-14  17  15  0
-14  5  20  0
13  -20  -7  0
1  -19  5  0
15  -20  -14  0
14  -17  -12  0
7  14  19  0
16  6  -15  0
11  -12  6  0
19  -8  9  0
-15  -1  -2  0
17  -1  -11  0
