c mkcnf random cnf with seed 608957, max clause length 3
c FORCED SATISFIABLE
c 
p cnf 20  86
-1  16  11  0
-7  11  -18  0
13  14  -17  0
-10  3  18  0
-8  3  12  0
-12  -1  -2  0
7  -2  20  0
3  2  -17  0
-20  12  -2  0
18  -12  11  0
-17  19  -2  0
-18  4  9  0
-4  -11  5  0
-17  -6  9  0
-8  -6  11  0
-14  -10  -15  0
-19  -5  9  0
-8  -5  -10  0
19  -2  18  0
19  8  20  0
-19  18  -10  0
-18  13  -16  0
-15  3  8  0
-2  -4  -12  0
-4  12  -20  0
10  -3  -15  0
12  -2  5  0
-15  9  12  0
2  -7  -11  0
-19  -2  -11  0
1  -20  -9  0
-20  15  -7  0
-20  -10  11  0
-4  -15  13  0
-7  -18  11  0
-10  15  -3  0
14  -1  -12  0
-18  15  7  0
-6  -9  12  0
5  12  -3  0
10  19  7  0
-11  10  2  0
11  -17  -15  0
16  -12  -18  0
-13  -12  -19  0
-3  18  9  0
-2  -3  -20  0
13  17  3  0
-14  4  1  0
-9  -13  -10  0
3  13  -2  0
-14  20  12  0
5  10  -4  0
16  -14  9  0
-13  5  -9  0
1  -18  -7  0
12  16  -9  0
-13  20  17  0
18  -1  16  0
-14  -7  19  0
-16  4  1  0
-16  -6  9  0
-16  -6  -5  0
-16  6  -19  0
16  17  7  0
4  6  -13  0
-20  8  -19  0
-1  12  -10  0
-10  -5  17  0
-5  -12  15  0
12  3  19  0
20  -16  -18  0
-2  5  9  0
-11  -2  -12  0
-12  -5  -4  0
8  -18  20  0
14  17  7  0
18  1  5  0
-15  -5  -7  0
18  13  12  0
-10  18  8  0
-13  -4  17  0
6  -2  -8  0
-6  20  3  0
-19  7  -16  0
-13  7  -10  0
