c mkcnf random cnf with seed 608877, max clause length 3
c FORCED SATISFIABLE
c 
p cnf 20  86
-7  11  15  0
-12  6  -4  0
10  2  19  0
-18  -13  -2  0
-18  -2  15  0
-14  12  17  0
15  -20  -3  0
3  -17  8  0
-18  -19  10  0
18  11  9  0
9  -11  12  0
15  4  12  0
-16  -7  8  0
-15  -20  -2  0
2  -15  -7  0
-18  4  -8  0
-11  14  -2  0
7  -10  8  0
3  13  -6  0
5  14  -12  0
-10  19  -18  0
-14  17  -2  0
20  -17  7  0
-19  -16  -14  0
6  -7  -10  0
-1  -19  17  0
14  -13  10  0
-2  -14  -10  0
4  11  -13  0
3  10  -1  0
-13  -20  -4  0
1  12  5  0
4  -6  -12  0
-11  15  7  0
17  9  -15  0
-7  -17  2  0
-10  7  -5  0
-9  -17  14  0
13  -19  1  0
18  15  -20  0
-12  -8  -11  0
-15  19  14  0
-10  15  -7  0
-5  -13  9  0
-19  -4  -8  0
2  20  8  0
-20  19  2  0
-3  16  18  0
19  9  -15  0
-6  9  -13  0
10  -11  -9  0
-11  9  12  0
11  -10  17  0
16  9  -19  0
-2  12  20  0
-3  -9  -20  0
-4  -2  -12  0
15  -10  3  0
20  -8  -14  0
15  20  -2  0
8  11  10  0
2  5  18  0
-16  5  -4  0
-18  -19  -17  0
-2  -18  -13  0
2  18  6  0
-8  -17  -1  0
-14  5  20  0
-16  10  6  0
-13  11  3  0
20  -15  13  0
13  9  5  0
17  7  2  0
13  3  7  0
13  16  -5  0
-20  -5  4  0
-13  -7  -2  0
-14  18  -6  0
5  -13  -7  0
-9  8  -16  0
-17  6  -4  0
-3  8  -13  0
-13  9  -12  0
-18  19  15  0
6  -1  10  0
-20  -19  4  0
