c mkcnf random cnf with seed 608913, max clause length 3
c FORCED SATISFIABLE
c 
p cnf 20  86
17  8  13  0
-19  -17  -3  0
-2  -17  -12  0
16  -15  20  0
-9  -19  -13  0
17  6  -20  0
9  -2  -1  0
-20  1  -13  0
-15  4  8  0
18  10  16  0
-11  -1  4  0
-20  -5  -18  0
8  -17  -3  0
-20  -19  -1  0
10  -15  -18  0
-10  7  5  0
-2  -7  6  0
8  -13  4  0
-4  -19  -18  0
3  5  14  0
-13  -16  18  0
-13  17  -16  0
-3  -7  -17  0
12  -9  -15  0
-9  -10  14  0
7  -10  2  0
8  6  -18  0
3  14  5  0
13  -15  -19  0
-10  2  6  0
9  18  19  0
11  -16  14  0
6  7  -11  0
-9  2  8  0
-7  -19  -20  0
12  -11  -1  0
-16  3  -2  0
20  -7  -13  0
-11  5  6  0
-5  6  -17  0
13  15  17  0
3  -16  8  0
1  18  7  0
-6  13  5  0
10  -4  -17  0
-17  -10  20  0
-18  -11  3  0
6  -2  -1  0
-19  15  -3  0
7  14  20  0
12  20  -11  0
13  -14  -19  0
-3  7  -14  0
-1  -2  -13  0
15  2  11  0
2  20  -7  0
16  4  19  0
17  -10  -20  0
1  -10  19  0
7  19  6  0
20  -17  -12  0
-4  5  -12  0
-12  2  -13  0
6  2  -13  0
-10  2  7  0
16  17  -5  0
-1  2  -9  0
-20  -15  7  0
-2  6  -18  0
-19  10  -15  0
3  9  -5  0
18  11  14  0
-5  -3  -6  0
-4  -14  -3  0
-3  -20  -15  0
1  -15  -11  0
13  19  11  0
1  11  4  0
11  17  -7  0
-12  -8  -16  0
-20  -7  10  0
-12  -17  16  0
20  2  -19  0
-11  13  -9  0
-9  12  -3  0
6  16  14  0
