c mkcnf random cnf with seed 608908, max clause length 3
c FORCED SATISFIABLE
c 
p cnf 20  86
1  14  4  0
-18  -9  -4  0
10  3  2  0
14  12  19  0
6  -12  17  0
7  -15  -19  0
-8  15  12  0
-15  14  -19  0
8  -20  14  0
-5  6  1  0
-19  17  2  0
9  -7  -20  0
2  -1  15  0
1  -13  12  0
-11  6  16  0
-18  -4  -16  0
2  -8  7  0
-20  -3  -2  0
3  -16  -4  0
-18  10  13  0
8  12  17  0
4  -2  11  0
16  1  -19  0
2  13  18  0
4  5  -17  0
-4  3  -18  0
11  9  20  0
-12  13  -11  0
18  -7  -13  0
17  11  16  0
6  12  -7  0
-17  13  19  0
8  20  6  0
19  13  -7  0
10  -13  -20  0
20  17  15  0
-7  -3  -8  0
11  6  -9  0
6  17  -10  0
-17  15  12  0
-7  -11  15  0
-3  -20  -7  0
-13  15  -3  0
-14  3  -10  0
17  16  11  0
-14  -15  2  0
13  4  -5  0
-14  -16  -6  0
14  -8  -15  0
-20  -15  -16  0
-12  -8  13  0
6  18  -11  0
4  13  15  0
-14  -18  -6  0
1  -19  -11  0
-8  13  -16  0
-20  -8  -2  0
-13  12  18  0
4  -14  -16  0
14  -1  10  0
-1  -5  19  0
10  5  3  0
-9  13  6  0
8  -5  13  0
-8  -6  -12  0
-1  8  15  0
-11  12  -20  0
-9  13  -3  0
-15  -5  -9  0
15  11  -16  0
-16  -19  -10  0
-15  4  -11  0
-5  9  -4  0
18  8  -9  0
3  -11  8  0
19  -13  -16  0
19  -14  5  0
-7  -2  18  0
4  -1  -19  0
-4  -9  8  0
-3  -15  -9  0
7  15  5  0
17  -8  14  0
17  -2  -16  0
-19  -1  7  0
-18  16  -15  0
