c mkcnf random cnf with seed 608904, max clause length 3
c FORCED SATISFIABLE
c 
p cnf 20  86
-5  19  -13  0
13  -10  -12  0
-1  6  -18  0
-10  8  3  0
4  15  -5  0
5  12  7  0
5  17  -14  0
17  -7  20  0
-10  20  16  0
-7  -11  17  0
-20  1  -13  0
-14  -17  15  0
-5  -12  -17  0
1  5  -20  0
-10  19  18  0
13  -17  1  0
-6  19  14  0
5  -3  -13  0
8  10  16  0
14  -9  -10  0
-17  11  -16  0
-8  -3  -1  0
12  -3  -10  0
-14  12  15  0
-7  -19  15  0
10  -7  20  0
-16  -5  12  0
10  8  -9  0
-2  -5  9  0
-9  -7  18  0
16  3  -4  0
-18  6  -15  0
-19  -6  1  0
-7  15  4  0
-13  -8  -19  0
12  5  -8  0
7  -12  1  0
-6  18  4  0
-8  -6  19  0
-13  -6  18  0
-13  -16  2  0
3  8  -9  0
-3  -11  -18  0
8  7  11  0
-12  14  -20  0
17  -7  5  0
-17  19  -20  0
10  -17  1  0
16  18  8  0
11  14  -4  0
12  9  10  0
-1  20  16  0
6  -1  -2  0
-5  -8  19  0
20  2  -16  0
-12  9  6  0
-10  -14  3  0
-18  2  -14  0
-5  -16  4  0
19  12  17  0
-8  5  -15  0
19  11  -8  0
12  14  4  0
-8  2  -4  0
-19  15  -4  0
-11  -13  -3  0
12  19  -14  0
9  -2  -5  0
16  -8  6  0
14  19  -5  0
6  4  14  0
8  -20  12  0
-15  -6  1  0
-13  -12  3  0
-12  -3  15  0
-11  18  -16  0
6  -10  -13  0
20  6  -9  0
5  -7  -12  0
-15  -14  2  0
1  -10  2  0
7  12  20  0
-13  2  -6  0
-11  14  -15  0
3  19  -1  0
-9  -16  18  0
