c mkcnf random cnf with seed 608886, max clause length 3
c FORCED SATISFIABLE
c 
p cnf 20  86
-19  -20  -15  0
5  16  13  0
-12  4  11  0
20  19  16  0
8  -7  -2  0
20  -12  -2  0
6  17  10  0
-15  -3  -18  0
-13  -8  -6  0
-3  13  -6  0
-3  13  -15  0
-5  4  -8  0
17  3  12  0
-19  4  -11  0
-20  15  3  0
-19  14  7  0
-11  -18  -13  0
-11  19  -6  0
15  -18  11  0
20  11  16  0
-16  1  -3  0
-1  15  -17  0
5  17  -7  0
11  -6  8  0
8  -2  -18  0
20  1  -17  0
3  12  -15  0
-17  11  -18  0
17  2  12  0
-9  -5  -11  0
9  12  -2  0
20  -2  -10  0
1  -20  -9  0
-20  -13  1  0
-15  -11  9  0
6  18  12  0
-14  -3  -10  0
-3  -9  4  0
11  16  12  0
17  20  9  0
-13  16  4  0
-2  -18  -3  0
14  16  12  0
18  7  15  0
-3  6  -2  0
-1  -20  9  0
8  11  12  0
-2  -7  -3  0
8  -5  -15  0
10  19  8  0
-7  15  11  0
-12  9  15  0
3  15  19  0
-15  -11  -20  0
-8  -4  -9  0
13  -5  2  0
19  12  -13  0
3  14  6  0
-11  -16  10  0
-2  -18  -14  0
-11  -2  -10  0
4  8  -14  0
12  2  -19  0
-2  12  9  0
4  9  -10  0
-3  -13  4  0
7  19  -6  0
-11  12  13  0
-17  7  -19  0
-6  -17  20  0
-13  6  18  0
-10  -3  12  0
-1  -2  5  0
-20  -4  8  0
-7  -13  5  0
-12  -4  -19  0
-15  -8  1  0
-16  10  -15  0
-6  14  -3  0
-12  3  -20  0
17  13  20  0
10  5  3  0
13  -6  -4  0
13  -15  -2  0
1  -10  20  0
9  14  -10  0
