c mkcnf random cnf with seed 608918, max clause length 3
c FORCED SATISFIABLE
c 
p cnf 20  86
-13  2  1  0
-12  -8  -20  0
-12  5  20  0
8  -12  -1  0
-17  9  -20  0
-15  -13  6  0
-1  -12  -7  0
-15  2  9  0
-12  -11  20  0
12  8  -15  0
-8  -12  -9  0
18  -17  -1  0
-10  12  5  0
2  14  17  0
4  6  8  0
7  -5  -6  0
-7  -13  -1  0
13  11  -6  0
3  18  10  0
14  2  15  0
5  1  12  0
14  -11  -15  0
5  -6  -18  0
-3  20  -13  0
-7  -5  18  0
13  5  -20  0
19  14  11  0
-15  -11  3  0
17  -13  8  0
-2  12  -8  0
-14  -16  10  0
19  10  9  0
14  -2  -8  0
-2  11  -5  0
-10  -1  -19  0
-4  18  -15  0
-4  -3  -7  0
-11  -19  -10  0
-15  -8  -14  0
10  19  -12  0
-13  11  4  0
-15  -19  -4  0
5  -10  4  0
-4  19  -12  0
-14  19  -18  0
1  -19  10  0
-2  6  3  0
-1  -20  18  0
-10  9  4  0
14  11  -18  0
17  -8  16  0
-16  -7  -4  0
-6  20  15  0
10  20  -18  0
4  -6  -19  0
-18  9  -14  0
2  7  -18  0
8  -12  -3  0
12  17  -10  0
7  -12  -20  0
8  -14  -2  0
7  -9  -6  0
-3  -19  13  0
1  -4  16  0
4  19  6  0
14  16  19  0
-8  14  -3  0
-8  7  17  0
-17  -20  -18  0
5  -3  10  0
6  -19  5  0
20  15  -14  0
-16  -3  8  0
-10  19  4  0
-6  -11  -1  0
18  -17  9  0
18  7  -6  0
16  -3  -15  0
20  -15  16  0
18  20  1  0
-17  -13  11  0
-13  12  -8  0
-20  -2  7  0
-16  -13  -2  0
-16  10  5  0
-5  -9  15  0
