c mkcnf random cnf with seed 608882, max clause length 3
c FORCED SATISFIABLE
c 
p cnf 20  86
3  5  4  0
-12  20  -16  0
14  -2  20  0
6  -18  -14  0
-4  6  12  0
1  19  -16  0
-3  2  12  0
10  -9  19  0
17  -2  9  0
5  20  4  0
1  -11  14  0
-8  -20  -14  0
17  -14  19  0
-11  -4  8  0
2  19  -12  0
-19  -17  8  0
15  -18  -7  0
16  -2  6  0
-3  -17  4  0
18  6  -2  0
-9  5  6  0
14  -9  16  0
17  -14  -13  0
-18  20  19  0
11  -10  -1  0
-5  14  10  0
-19  -20  -18  0
13  1  9  0
-2  13  20  0
13  3  -7  0
11  -18  -15  0
20  -3  15  0
-17  12  10  0
-7  -13  -10  0
-14  10  1  0
-11  -8  -13  0
-18  -10  15  0
7  -8  -4  0
10  -7  9  0
-15  -17  12  0
-13  -14  3  0
12  -8  6  0
-6  12  3  0
-13  9  -1  0
-11  20  -4  0
-16  19  3  0
6  18  -17  0
-14  -12  -18  0
-11  13  19  0
-12  6  -9  0
-18  20  -9  0
1  -19  -17  0
-3  -7  2  0
13  15  -16  0
9  8  -5  0
16  18  19  0
-13  19  17  0
17  -2  -1  0
-3  -10  7  0
16  13  10  0
-2  -14  18  0
-10  -6  1  0
-3  -9  -7  0
-1  12  7  0
20  17  6  0
8  -13  19  0
-14  11  -13  0
1  19  6  0
-9  -15  6  0
-13  -16  -14  0
-18  -13  -14  0
18  14  -9  0
12  -7  20  0
-4  -15  12  0
10  9  16  0
18  13  -16  0
-4  -1  -9  0
11  5  1  0
-12  -7  -3  0
-20  11  -6  0
18  16  5  0
-3  -15  -4  0
7  20  -14  0
-8  6  -2  0
-5  -6  19  0
17  13  -2  0
