c mkcnf random cnf with seed 608915, max clause length 3
c FORCED SATISFIABLE
c 
p cnf 20  86
16  -6  -8  0
-2  18  17  0
-18  -15  13  0
-3  6  -11  0
8  -18  3  0
6  -14  -17  0
-1  -2  -16  0
-10  15  -6  0
1  -13  -9  0
3  -19  4  0
19  2  -5  0
-9  11  -14  0
-17  12  -3  0
14  18  2  0
16  19  15  0
-2  6  18  0
-16  1  -13  0
10  -15  -18  0
-14  -4  2  0
-20  -12  -5  0
-3  9  16  0
1  -4  -2  0
-20  -19  -9  0
20  -9  4  0
3  -9  -2  0
5  -16  -19  0
-2  1  20  0
19  -12  9  0
-3  14  -8  0
14  -6  1  0
-6  4  -12  0
-8  13  14  0
-19  10  14  0
-8  16  11  0
4  19  10  0
-9  -2  -10  0
18  -20  -3  0
-6  -9  5  0
-11  -7  -12  0
11  -13  -1  0
-7  16  -15  0
-9  5  12  0
17  -18  -9  0
7  -12  9  0
-7  10  9  0
-12  -6  7  0
-4  -17  -18  0
-3  -7  -17  0
-4  20  16  0
-10  -17  7  0
-11  17  -2  0
-9  16  2  0
-3  5  2  0
5  14  18  0
-19  11  1  0
19  -6  -13  0
-15  4  -14  0
-1  3  12  0
-5  12  10  0
-10  -13  -15  0
9  14  13  0
5  4  -17  0
-6  15  -9  0
-2  -11  -1  0
-4  6  -16  0
-16  -13  -2  0
-9  20  6  0
-5  -11  17  0
-17  -7  12  0
14  20  16  0
-6  -17  -8  0
6  -10  -5  0
8  10  -11  0
2  -9  12  0
-4  -13  -14  0
-19  -14  7  0
-5  12  -3  0
17  4  10  0
-7  10  -19  0
-6  19  18  0
19  12  17  0
8  20  -16  0
19  20  -9  0
17  -20  -18  0
-19  -20  5  0
-8  -13  -14  0
