c mkcnf random cnf with seed 608952, max clause length 3
c FORCED SATISFIABLE
c 
p cnf 20  86
5  2  3  0
-15  3  -6  0
16  -5  17  0
-11  3  -4  0
15  6  -12  0
-3  -7  17  0
-13  -1  7  0
-15  20  16  0
1  -6  -12  0
-4  16  -19  0
-3  -13  7  0
-14  -6  10  0
-9  -12  -7  0
16  -17  -3  0
-18  7  10  0
-4  9  11  0
10  1  -5  0
2  15  -13  0
11  -6  -5  0
18  -1  2  0
-19  -7  1  0
-18  -11  -13  0
11  15  -3  0
5  -18  -12  0
7  -18  -13  0
-17  -3  9  0
-9  -3  6  0
-12  1  -19  0
-17  -10  6  0
8  -4  -15  0
-10  -19  -11  0
-4  16  -9  0
16  -5  -3  0
4  -7  -2  0
-7  16  6  0
-8  6  -1  0
4  18  -19  0
15  19  -2  0
-17  11  -2  0
-8  10  -14  0
19  7  -12  0
-2  -3  17  0
-16  -14  -12  0
-1  3  15  0
5  9  -19  0
-18  -9  7  0
-13  -6  -20  0
17  -5  -18  0
-7  19  15  0
14  -19  9  0
17  6  -5  0
8  4  17  0
-13  -18  6  0
-13  12  15  0
-4  18  2  0
-10  5  -19  0
15  -9  16  0
-6  14  -10  0
1  6  -4  0
-20  12  14  0
15  -9  17  0
15  6  -12  0
-14  15  -10  0
-2  16  13  0
-5  -16  -20  0
3  12  17  0
-10  -7  -18  0
-19  16  9  0
16  -18  -5  0
-4  -12  19  0
14  -16  -10  0
-9  13  5  0
12  16  -14  0
-9  1  -16  0
7  -14  5  0
13  -14  19  0
17  18  -1  0
-5  -4  20  0
14  10  5  0
6  -8  -10  0
7  -20  19  0
-12  9  -18  0
15  2  -9  0
-19  -12  10  0
-8  -7  1  0
-14  12  8  0
