c mkcnf random cnf with seed 608954, max clause length 3
c FORCED SATISFIABLE
c 
p cnf 20  86
-3  19  18  0
-19  -18  -7  0
-11  5  14  0
-16  17  11  0
-16  18  -8  0
11  -5  -10  0
-18  -3  -19  0
19  -16  -4  0
17  2  -13  0
-16  -2  7  0
-19  -14  5  0
11  14  -17  0
-11  18  -17  0
-1  -13  5  0
4  14  -8  0
-7  -5  3  0
16  -13  7  0
-11  -19  13  0
16  -2  18  0
-8  6  -14  0
-6  -12  -2  0
4  -16  -2  0
15  9  -16  0
5  -14  -16  0
15  14  -9  0
-2  -19  15  0
10  -3  4  0
-10  -5  6  0
17  6  1  0
20  -17  -11  0
20  4  18  0
3  15  -20  0
6  -19  4  0
16  13  -17  0
18  13  17  0
-16  -4  2  0
4  -6  16  0
17  -18  -8  0
3  -19  -17  0
-13  -8  16  0
3  -8  -9  0
19  -2  -5  0
15  -14  8  0
7  18  20  0
17  12  7  0
16  7  12  0
2  -7  9  0
-11  17  3  0
-19  -11  1  0
-3  10  7  0
-4  -9  -15  0
-16  -11  -12  0
19  -10  -6  0
-12  11  -18  0
-16  7  -17  0
10  -18  -4  0
-5  -12  16  0
8  -10  1  0
6  2  -3  0
9  5  8  0
18  4  -14  0
15  -9  5  0
-12  8  2  0
-5  -7  3  0
16  -4  -14  0
-10  20  1  0
-8  20  -4  0
16  -5  -14  0
5  -11  -9  0
-7  -1  9  0
7  -3  -19  0
-7  8  -10  0
18  -17  7  0
-18  -16  -5  0
10  -8  -7  0
13  -17  7  0
-7  20  3  0
-16  9  14  0
6  12  9  0
-17  -9  -7  0
16  -19  9  0
14  -1  -20  0
17  -1  -11  0
3  5  -11  0
-10  17  15  0
-11  -8  12  0
