c mkcnf random cnf with seed 608917, max clause length 3
c FORCED SATISFIABLE
c 
p cnf 20  86
14  3  -15  0
-2  -9  7  0
10  1  -16  0
11  17  -13  0
-8  3  15  0
-4  -2  13  0
-18  -9  -6  0
3  -5  -18  0
-16  3  -2  0
-1  -9  -7  0
-10  15  -19  0
7  -3  -1  0
-9  -10  15  0
-12  -6  -5  0
-1  -7  -4  0
-15  -7  6  0
12  15  -3  0
4  -17  -9  0
13  16  11  0
-4  17  8  0
19  17  -8  0
9  -10  -8  0
-12  7  2  0
4  3  5  0
2  -13  -18  0
-7  4  8  0
-14  2  -10  0
10  -3  12  0
9  -1  -14  0
-5  13  -15  0
4  15  -9  0
12  15  -1  0
-12  -11  7  0
-7  -10  1  0
-1  10  -13  0
-3  5  16  0
-8  -4  10  0
-4  20  12  0
20  -12  19  0
-10  -12  7  0
17  9  20  0
-18  2  11  0
-1  16  12  0
-18  -19  -14  0
7  9  4  0
-15  1  -4  0
10  19  15  0
-4  12  -5  0
9  11  5  0
2  -16  -11  0
5  -3  16  0
2  -10  19  0
-8  6  -20  0
18  11  16  0
-13  -2  9  0
15  14  20  0
-19  16  13  0
6  20  3  0
3  19  -17  0
3  -2  -12  0
-2  -12  1  0
-1  8  -20  0
-17  -19  13  0
3  -7  9  0
-2  -16  3  0
12  13  5  0
-13  -8  14  0
-17  -11  12  0
1  20  -18  0
15  -2  -6  0
-10  -2  5  0
1  4  15  0
-1  -10  2  0
-20  -12  14  0
-19  7  6  0
10  -14  -4  0
3  13  6  0
15  13  -18  0
20  -4  15  0
-14  -4  8  0
4  -12  13  0
-18  14  7  0
-5  -9  -2  0
-9  19  -20  0
9  -7  10  0
16  14  -5  0
