c mkcnf random cnf with seed 608966, max clause length 3
c FORCED SATISFIABLE
c 
p cnf 20  86
14  5  11  0
18  13  -17  0
11  10  -4  0
-19  1  3  0
-12  -15  -8  0
11  10  -13  0
17  -14  9  0
8  17  19  0
-2  -7  -12  0
-16  -9  17  0
-7  4  18  0
12  -7  -3  0
9  16  -1  0
-18  -19  -1  0
5  17  -6  0
-6  15  18  0
-7  -19  16  0
-20  -3  -6  0
7  -3  -11  0
-17  -15  4  0
-6  17  -11  0
18  12  9  0
-2  -15  9  0
-10  -12  -4  0
15  -11  16  0
3  -15  -1  0
-8  -4  -10  0
-18  -13  -12  0
-14  13  1  0
17  4  -12  0
9  -4  18  0
-5  -12  1  0
-14  1  13  0
6  -10  5  0
-13  -11  -7  0
3  -15  12  0
14  5  -2  0
5  15  -14  0
11  16  -4  0
6  7  -2  0
-20  -4  -13  0
11  -9  2  0
14  -6  -2  0
-14  17  16  0
-9  -16  -4  0
-3  9  1  0
12  4  -18  0
-7  -11  -4  0
-12  11  5  0
4  11  13  0
-17  -16  19  0
-20  1  -17  0
12  -11  -3  0
-10  13  8  0
15  -20  -18  0
18  -3  -8  0
8  19  10  0
-10  7  -12  0
1  18  20  0
-13  -18  -3  0
-5  12  7  0
-10  15  18  0
-3  16  -8  0
-3  -4  -7  0
-12  -15  -11  0
5  20  6  0
12  7  17  0
9  11  8  0
11  -6  -19  0
4  -13  -3  0
-16  4  7  0
18  -8  -19  0
-4  -1  3  0
-7  19  -10  0
2  -20  -7  0
-14  11  3  0
17  15  -12  0
12  16  -15  0
9  -3  -19  0
16  3  10  0
-9  13  17  0
20  13  8  0
5  18  -9  0
9  -13  -14  0
1  -10  -15  0
-20  10  9  0
