c mkcnf random cnf with seed 608941, max clause length 3
c FORCED SATISFIABLE
c 
p cnf 20  86
14  15  -8  0
-18  -4  -16  0
-18  -10  -12  0
17  -11  6  0
13  -17  -7  0
8  5  14  0
-7  -16  12  0
-10  -4  17  0
16  18  -1  0
16  -12  10  0
16  13  -5  0
-19  1  -17  0
9  10  4  0
-6  11  -15  0
-18  2  17  0
15  -10  8  0
-14  3  12  0
6  -3  -1  0
-9  5  -2  0
4  -3  19  0
1  8  -12  0
-17  10  -20  0
7  -17  15  0
16  12  6  0
11  18  -10  0
18  -2  6  0
2  -11  -8  0
19  18  -14  0
-11  -6  -9  0
12  -10  -7  0
-16  -9  10  0
14  -16  -13  0
-18  15  -6  0
-18  -16  -8  0
1  8  13  0
17  -3  -19  0
1  8  -11  0
-15  -13  20  0
-9  -17  13  0
12  8  -18  0
18  15  17  0
-11  5  6  0
11  -6  5  0
20  -5  -16  0
-12  1  20  0
-4  13  2  0
4  9  1  0
1  10  -3  0
8  4  -15  0
-9  19  -1  0
14  2  16  0
1  10  13  0
9  14  11  0
18  -13  5  0
18  -7  -14  0
-8  -1  -11  0
-3  4  -5  0
-15  12  -9  0
16  -6  17  0
10  -11  1  0
19  13  11  0
-3  -14  13  0
9  6  -8  0
7  19  -13  0
-16  -14  -10  0
14  -11  -5  0
12  15  -11  0
13  -20  9  0
-13  -4  16  0
-13  -1  19  0
-10  19  14  0
-4  -19  -10  0
-8  -13  14  0
-2  7  8  0
4  -16  8  0
18  -10  11  0
16  -5  9  0
-3  8  15  0
2  -10  -20  0
-3  -19  -12  0
-5  -6  -15  0
-5  20  -19  0
-7  17  -6  0
-1  8  19  0
-12  3  4  0
7  18  4  0
