c mkcnf random cnf with seed 608937, max clause length 3
c FORCED SATISFIABLE
c 
p cnf 20  86
17  -19  -11  0
13  5  -11  0
-6  -17  -14  0
18  2  -8  0
19  2  -17  0
18  13  -7  0
-14  15  10  0
6  -9  5  0
-10  19  -17  0
-12  5  -9  0
15  -20  9  0
-9  -6  20  0
-16  -4  19  0
8  -3  -13  0
14  13  4  0
16  -10  19  0
-4  9  14  0
-18  -4  -6  0
-1  13  -9  0
12  13  -1  0
-1  -11  -14  0
14  19  -12  0
5  10  17  0
-13  1  7  0
-2  -13  3  0
-8  9  5  0
-19  -4  18  0
-2  -17  -18  0
13  -19  10  0
-7  -12  -14  0
18  17  16  0
16  4  11  0
2  -16  6  0
-1  -16  -19  0
13  11  8  0
12  2  1  0
-9  19  -14  0
-12  -19  2  0
-18  -19  -5  0
14  11  -7  0
-10  -2  5  0
19  -6  -13  0
-12  19  -2  0
-12  11  18  0
20  18  -17  0
2  -11  -7  0
-18  -14  -15  0
-11  15  14  0
15  -20  8  0
15  -12  11  0
12  19  8  0
17  19  12  0
12  -20  -11  0
-7  18  1  0
-17  -5  -8  0
-13  -18  17  0
16  -15  -20  0
-4  3  20  0
15  -4  -11  0
-14  3  18  0
-11  -1  8  0
9  -13  -3  0
-19  11  5  0
-2  -16  10  0
6  20  -15  0
9  -3  2  0
-6  -2  -15  0
13  -17  -10  0
11  19  -1  0
-4  10  -5  0
-18  14  3  0
1  10  8  0
-13  -5  -10  0
-11  -1  -16  0
16  5  4  0
-17  8  19  0
14  7  9  0
-19  5  3  0
1  -11  3  0
20  15  -17  0
-16  -2  7  0
-13  20  2  0
-17  5  8  0
-11  -6  13  0
-12  9  -16  0
13  -8  4  0
