c mkcnf random cnf with seed 608926, max clause length 3
c FORCED SATISFIABLE
c 
p cnf 20  86
-7  -13  -3  0
-4  16  15  0
3  -14  6  0
-2  16  -12  0
4  -1  -3  0
-2  5  -7  0
9  6  2  0
11  14  -12  0
-9  -1  8  0
15  8  5  0
-9  -19  14  0
19  -11  20  0
13  12  4  0
-4  -5  -20  0
10  -19  4  0
15  10  12  0
19  -14  -16  0
5  14  -13  0
6  7  3  0
14  -18  7  0
-20  13  9  0
18  3  -1  0
4  -10  19  0
-4  -13  -7  0
20  5  -9  0
-4  -10  8  0
-17  -12  13  0
-14  -18  17  0
1  -12  5  0
-1  19  16  0
-15  16  4  0
1  -13  -19  0
15  -10  5  0
-1  15  7  0
11  4  18  0
10  9  -1  0
2  4  -7  0
-7  11  -6  0
19  -17  -11  0
-17  -6  2  0
19  16  -18  0
-12  17  -13  0
-15  -2  -19  0
-12  -13  3  0
-8  -10  15  0
-6  -16  -8  0
-1  12  13  0
-9  -17  19  0
5  7  -14  0
6  5  12  0
13  -1  -2  0
20  -8  7  0
-8  19  -17  0
6  -15  -20  0
-8  -15  -4  0
13  10  20  0
-13  17  -14  0
-17  -10  9  0
-11  -5  -19  0
-13  12  -9  0
20  15  -7  0
12  -17  16  0
12  -11  -10  0
20  3  16  0
17  3  20  0
-18  4  -9  0
-18  10  16  0
-7  -15  -20  0
15  6  1  0
-4  -16  -3  0
-8  2  -14  0
13  5  1  0
-6  -19  4  0
-2  7  -20  0
-16  17  4  0
19  -5  8  0
20  6  -7  0
-19  -15  9  0
-7  16  -15  0
-20  8  -4  0
4  6  -11  0
-5  17  10  0
-11  13  20  0
-12  -17  19  0
-5  17  20  0
4  -18  -11  0
