c mkcnf random cnf with seed 608962, max clause length 3
c FORCED SATISFIABLE
c 
p cnf 20  86
-17  -10  20  0
14  -7  -4  0
-13  -16  -6  0
-1  8  17  0
10  15  -1  0
9  20  -16  0
-8  -1  4  0
17  4  -19  0
-20  17  -5  0
-5  -1  -15  0
4  9  -7  0
15  14  -10  0
3  -15  -16  0
6  -14  -13  0
-5  2  -9  0
-18  -12  4  0
10  17  -6  0
-10  13  -14  0
-16  2  -11  0
-16  8  3  0
-3  16  -19  0
2  -14  -17  0
-17  19  6  0
-12  -15  10  0
-15  -18  16  0
15  20  -6  0
-18  2  7  0
5  8  -10  0
-3  5  -12  0
-8  18  11  0
18  3  -17  0
-17  9  15  0
-10  -12  15  0
14  2  -9  0
15  9  -8  0
12  20  -18  0
7  2  14  0
7  4  -15  0
20  17  6  0
-14  -12  -11  0
-5  -18  -1  0
19  -4  -3  0
-14  -13  -8  0
-8  20  -9  0
16  14  -2  0
14  7  -20  0
15  -18  7  0
2  19  16  0
15  2  11  0
20  5  -19  0
-18  9  -11  0
6  -13  15  0
-3  -11  19  0
3  18  2  0
19  -14  -17  0
18  -6  -15  0
3  -17  19  0
2  6  3  0
15  -8  10  0
-3  10  20  0
8  16  -12  0
-13  -10  17  0
2  -1  -17  0
-15  -7  -11  0
-14  -8  -7  0
-2  4  8  0
12  -15  8  0
-16  -3  -17  0
-19  -12  11  0
10  -5  -15  0
-2  -14  -4  0
14  17  -20  0
-1  14  -10  0
-6  7  11  0
3  4  6  0
-9  19  14  0
-20  19  12  0
19  -11  -10  0
-4  2  -16  0
10  5  3  0
-20  12  -7  0
10  6  -17  0
-3  10  -2  0
8  -15  -14  0
6  -19  7  0
10  -6  -4  0
