c mkcnf random cnf with seed 608896, max clause length 3
c FORCED SATISFIABLE
c 
p cnf 20  86
11  8  -12  0
20  -5  -19  0
12  9  17  0
11  15  13  0
-15  11  -10  0
10  -4  7  0
4  2  17  0
-13  -3  14  0
11  -16  -20  0
1  3  -14  0
6  -14  20  0
7  12  -14  0
14  -2  -1  0
8  -19  -2  0
16  -19  2  0
4  20  3  0
17  8  20  0
-10  14  -8  0
-2  -14  -18  0
20  4  3  0
-1  -12  -18  0
2  -16  19  0
9  10  2  0
11  -9  20  0
9  -3  -2  0
-20  -2  -8  0
15  -9  8  0
-13  15  4  0
-1  -13  5  0
7  -17  19  0
16  -9  -15  0
1  -16  -20  0
15  -13  7  0
17  20  15  0
13  -16  12  0
-19  -14  10  0
19  -3  10  0
-17  -3  14  0
-12  -10  -20  0
-8  -18  -5  0
-9  17  -1  0
-9  11  1  0
-12  -7  18  0
12  -17  -3  0
-8  16  -7  0
-8  -16  -2  0
16  19  9  0
-10  15  7  0
11  -2  10  0
19  -3  -14  0
-15  16  -19  0
18  -16  -19  0
-14  10  -17  0
9  -19  18  0
-1  19  -3  0
-4  1  11  0
18  1  4  0
-19  2  -18  0
-4  20  -13  0
20  8  13  0
-13  -1  7  0
-3  17  7  0
-16  -3  5  0
-11  9  -13  0
2  14  16  0
16  7  6  0
-20  -2  12  0
-17  -5  14  0
8  -12  -3  0
18  -1  20  0
13  -17  8  0
-13  7  -12  0
-16  12  15  0
-19  4  -16  0
14  9  -1  0
-7  5  -2  0
-6  2  -15  0
3  -15  6  0
5  -15  -16  0
-9  -12  3  0
-17  -11  7  0
14  16  20  0
-9  -14  18  0
-3  -13  20  0
-1  -19  3  0
2  -19  -9  0
