c mkcnf random cnf with seed 608898, max clause length 3
c FORCED SATISFIABLE
c 
p cnf 20  86
-10  6  7  0
-9  14  3  0
-12  -9  -1  0
4  -1  -13  0
7  -9  -16  0
11  -17  14  0
18  -7  3  0
-13  14  -6  0
8  -15  11  0
15  -19  -3  0
-3  2  16  0
6  -1  15  0
14  8  -9  0
-11  2  12  0
-7  -5  10  0
17  -16  8  0
16  -20  -15  0
-13  2  -3  0
1  -9  6  0
-14  -1  -17  0
-18  -19  -8  0
13  19  7  0
-3  -2  5  0
9  -3  17  0
-17  14  -7  0
4  -9  16  0
11  5  9  0
-11  -5  -10  0
-7  -6  -13  0
-14  9  3  0
7  1  -13  0
-6  -10  8  0
-5  14  -16  0
-11  -2  19  0
2  -5  -9  0
-6  19  5  0
12  -14  11  0
19  16  -13  0
-8  19  -12  0
1  15  -9  0
9  -20  -11  0
2  12  -9  0
-2  -14  -11  0
13  -4  -6  0
4  -11  3  0
-7  6  -9  0
-17  15  14  0
-16  9  -18  0
-19  18  16  0
2  6  -3  0
11  -15  2  0
6  -1  -19  0
20  -9  -17  0
-3  -19  15  0
15  -1  8  0
-13  7  4  0
-10  13  6  0
-14  6  -18  0
-8  17  -20  0
4  -15  -20  0
-3  -1  -4  0
12  -7  -15  0
18  15  11  0
4  8  -3  0
13  -3  18  0
17  -15  -5  0
15  -9  -18  0
-15  20  -12  0
-6  -2  -16  0
-7  -10  -16  0
-5  -19  -4  0
3  11  13  0
-4  -11  -15  0
-4  16  11  0
-13  2  18  0
17  19  -7  0
14  11  -2  0
-5  -13  -17  0
-15  -16  -14  0
-8  -14  -12  0
5  -14  -3  0
11  -19  7  0
-20  -5  19  0
-1  17  3  0
18  7  -15  0
3  8  -16  0
