c mkcnf random cnf with seed 608885, max clause length 3
c FORCED SATISFIABLE
c 
p cnf 20  86
20  -1  -17  0
11  18  -16  0
-1  -11  5  0
-3  6  -19  0
12  10  -15  0
-3  8  5  0
14  -13  1  0
-19  -8  -3  0
13  7  -4  0
14  -20  -18  0
6  -1  -11  0
-14  4  -17  0
5  4  -6  0
-17  8  -18  0
-10  -14  16  0
-20  2  -6  0
-4  12  5  0
-5  -2  19  0
16  11  -7  0
-16  -12  -11  0
13  -1  12  0
11  10  8  0
19  15  -9  0
-6  -12  9  0
-15  10  12  0
3  -18  4  0
5  -4  -17  0
1  7  17  0
-10  3  -13  0
-3  8  9  0
20  17  -6  0
-7  10  -19  0
2  19  -17  0
12  5  2  0
16  -12  -10  0
-8  -13  -12  0
-19  -15  1  0
-5  -12  -1  0
-13  -19  -8  0
11  -3  6  0
10  -13  1  0
19  -3  8  0
11  3  4  0
-18  1  9  0
12  -19  -16  0
-8  -17  2  0
-12  5  1  0
-20  7  11  0
-16  -5  10  0
-5  -7  -4  0
-8  11  -3  0
-6  -1  8  0
17  12  -19  0
16  -4  19  0
1  -12  -8  0
16  -19  -2  0
-3  12  -10  0
-11  -12  -9  0
4  -14  -17  0
12  -20  15  0
15  -1  -7  0
4  7  17  0
7  17  8  0
20  5  -1  0
12  -9  -16  0
7  -1  19  0
4  -8  -20  0
-12  17  13  0
20  -6  -13  0
-17  -14  -6  0
10  -8  16  0
-11  18  -17  0
-8  -3  1  0
-19  7  -20  0
-18  -19  20  0
1  -11  17  0
7  -15  -1  0
3  -17  14  0
-9  11  -17  0
19  17  -6  0
10  -15  -17  0
15  -6  -8  0
19  2  7  0
-19  -8  4  0
15  -12  -8  0
-15  -11  12  0
