c mkcnf random cnf with seed 608944, max clause length 3
c FORCED SATISFIABLE
c 
p cnf 20  86
-12  -11  1  0
1  18  -10  0
11  -4  -12  0
2  12  13  0
18  -1  -7  0
-5  -14  -7  0
-8  -7  -1  0
19  12  -14  0
13  2  14  0
12  -7  19  0
19  11  -9  0
-2  11  20  0
11  -7  -13  0
14  -10  2  0
-19  -8  -20  0
17  8  -10  0
-5  -2  -11  0
4  -18  6  0
-18  -7  -5  0
1  9  -6  0
7  -10  -17  0
-7  -19  -11  0
18  -5  3  0
-14  3  -2  0
11  -10  -19  0
16  8  14  0
2  10  -14  0
-10  -8  -19  0
9  -18  -13  0
19  -6  17  0
-1  -3  7  0
-16  12  -6  0
12  -5  -15  0
-15  11  -6  0
-14  10  -5  0
18  -3  15  0
-11  -14  -8  0
-16  9  -8  0
17  10  14  0
17  14  -1  0
-6  5  -11  0
7  -18  -4  0
5  -8  -1  0
7  -20  -19  0
-4  -5  -14  0
7  -12  20  0
9  7  -10  0
3  -2  19  0
-2  15  -6  0
-6  12  4  0
-11  -10  20  0
7  2  -16  0
-17  -16  -5  0
-4  -17  -2  0
-2  -4  -19  0
-7  -10  -1  0
-18  -20  -12  0
-12  -16  -9  0
-11  -16  -3  0
15  -3  11  0
-1  -15  -18  0
-3  -2  4  0
-12  -19  20  0
2  -16  -20  0
14  18  2  0
1  -11  -4  0
-2  -7  13  0
3  -5  13  0
11  -18  10  0
6  16  -19  0
-9  4  -2  0
3  -9  -4  0
-14  12  -3  0
18  19  -9  0
-6  20  8  0
12  4  7  0
12  6  17  0
13  5  -1  0
12  -9  -11  0
-11  -9  -5  0
17  5  14  0
14  -7  -1  0
-7  -1  11  0
19  16  13  0
9  15  -13  0
11  -6  -10  0
