c mkcnf random cnf with seed 608949, max clause length 3
c FORCED SATISFIABLE
c 
p cnf 20  86
8  5  10  0
-18  -9  -17  0
10  -6  18  0
9  5  -18  0
1  -18  8  0
4  15  -12  0
18  8  -19  0
-7  2  13  0
-19  -12  15  0
-3  -12  -17  0
-3  -17  14  0
-5  2  3  0
-2  6  -8  0
-8  7  18  0
-1  -12  15  0
2  -17  8  0
6  -1  19  0
-8  -17  4  0
2  3  20  0
12  -20  -5  0
1  9  -19  0
20  4  2  0
16  9  8  0
-10  15  -18  0
-5  -18  -13  0
20  12  -19  0
-6  1  9  0
-2  -15  11  0
-3  4  -5  0
13  11  14  0
13  -10  -7  0
-5  8  9  0
-3  -13  1  0
8  4  14  0
18  6  1  0
-4  8  7  0
-5  17  20  0
18  8  -9  0
2  -8  -19  0
18  14  8  0
-9  -5  20  0
-3  -19  6  0
13  5  1  0
13  -8  4  0
9  -8  3  0
2  8  12  0
-11  -16  -7  0
-13  -8  -3  0
4  12  -8  0
6  -7  -8  0
16  15  20  0
-9  13  -17  0
10  16  20  0
19  12  -13  0
10  9  13  0
-4  -20  -3  0
4  5  17  0
10  -8  13  0
-5  -12  7  0
6  -3  -7  0
10  18  -19  0
-9  20  -17  0
-9  -18  -4  0
-14  -3  17  0
9  -12  -18  0
12  -19  7  0
3  11  12  0
-11  -19  4  0
16  1  -7  0
-5  -9  -14  0
4  -6  5  0
-7  3  17  0
4  -19  -6  0
19  8  -18  0
-10  15  1  0
-10  -16  6  0
-1  -9  5  0
-2  -6  -7  0
4  -20  -13  0
9  3  -14  0
-13  1  -3  0
-19  -15  12  0
-19  -8  1  0
-11  -17  -8  0
-16  19  -14  0
-14  15  6  0
