c mkcnf random cnf with seed 608911, max clause length 3
c FORCED SATISFIABLE
c 
p cnf 20  86
19  10  -17  0
9  13  7  0
17  15  -12  0
-15  10  -1  0
-18  -13  -9  0
-20  11  6  0
-9  -15  -18  0
-18  19  -13  0
19  16  20  0
-15  -2  -19  0
-4  -17  20  0
5  18  -3  0
14  3  12  0
10  11  -3  0
10  -16  -5  0
-2  -1  12  0
11  -17  -5  0
4  -20  -17  0
10  19  -9  0
18  12  17  0
-9  11  19  0
2  14  -19  0
-10  4  -15  0
-8  1  -20  0
-13  1  -12  0
16  -17  19  0
-2  -8  15  0
9  -7  -3  0
13  -10  -19  0
-1  -4  -20  0
17  15  -10  0
13  -7  3  0
-4  -15  -19  0
-6  10  4  0
-19  -3  11  0
9  -20  8  0
3  1  18  0
-6  -4  -12  0
16  13  3  0
19  -9  -7  0
11  15  19  0
2  1  -7  0
-14  20  13  0
-5  -7  -11  0
8  -11  3  0
-13  16  -3  0
-9  1  11  0
-16  1  -2  0
-15  9  6  0
20  1  -7  0
19  -14  -10  0
20  1  -14  0
4  -13  14  0
13  -11  18  0
-19  11  -14  0
11  9  -19  0
2  -16  8  0
1  9  -5  0
-2  -14  -7  0
-4  -15  -7  0
-10  -8  5  0
18  -16  -12  0
15  -20  -8  0
-10  -2  -8  0
-19  -15  -3  0
-7  -14  -19  0
3  -11  10  0
11  -13  -3  0
7  -11  18  0
-1  16  12  0
-9  7  16  0
13  17  -10  0
-20  15  -10  0
-5  8  -18  0
14  15  -3  0
-18  -10  -3  0
18  20  1  0
20  15  10  0
16  11  -3  0
-12  9  4  0
-12  9  7  0
-10  -6  9  0
19  7  16  0
9  -11  15  0
-7  5  18  0
15  14  12  0
