c mkcnf random cnf with seed 608887, max clause length 3
c FORCED SATISFIABLE
c 
p cnf 20  86
19  -12  -11  0
-19  15  2  0
-7  3  -12  0
-9  15  11  0
-14  -1  -4  0
12  -10  16  0
2  15  11  0
-13  19  12  0
1  6  -16  0
-1  -10  12  0
15  3  -4  0
-9  -13  8  0
-13  -4  14  0
-3  -17  -14  0
-1  18  17  0
-3  1  -9  0
10  2  17  0
-3  -16  -20  0
-12  -7  -16  0
-18  5  7  0
15  -11  3  0
7  -17  4  0
3  4  -14  0
10  -14  16  0
2  13  -7  0
-18  16  -1  0
-14  15  -4  0
-13  -7  17  0
-3  6  5  0
17  -1  19  0
19  13  17  0
12  9  19  0
-2  4  6  0
16  6  8  0
-12  -5  -13  0
-15  -13  -10  0
-13  18  -17  0
8  11  -6  0
-6  1  7  0
-12  -5  -7  0
6  1  11  0
4  2  8  0
1  -2  17  0
4  7  -1  0
-9  16  11  0
14  -4  6  0
-3  -6  -14  0
1  8  -11  0
4  -12  -18  0
-7  2  -20  0
6  -9  15  0
-2  5  -6  0
8  -18  2  0
1  15  -9  0
6  -15  9  0
-10  5  12  0
6  -13  3  0
-14  19  10  0
-10  -16  -19  0
-18  17  -19  0
-15  8  -6  0
6  -3  10  0
16  13  -12  0
-12  -5  20  0
-3  7  -5  0
-7  1  17  0
19  17  5  0
-17  9  -3  0
15  -7  -6  0
16  -13  -9  0
-14  -16  -5  0
-16  17  3  0
-8  10  19  0
-13  -17  5  0
13  12  -2  0
1  -6  -17  0
-7  10  -3  0
-20  10  1  0
-13  -16  11  0
-13  1  -19  0
-15  4  3  0
8  -16  18  0
-2  15  7  0
-3  -7  -1  0
-18  8  -11  0
-18  -9  19  0
