c mkcnf random cnf with seed 608914, max clause length 3
c FORCED SATISFIABLE
c 
p cnf 20  86
-16  7  10  0
-20  18  -5  0
14  -17  15  0
-4  16  13  0
-13  18  -3  0
4  -1  20  0
-4  20  1  0
-9  -18  3  0
18  13  2  0
5  6  4  0
1  -9  -11  0
-10  5  -2  0
18  -16  3  0
17  -16  -19  0
12  -7  18  0
10  8  -2  0
15  -18  -7  0
1  -12  6  0
-1  9  -13  0
11  -1  12  0
18  -2  -13  0
-4  -19  -2  0
-5  18  9  0
16  19  18  0
5  -7  11  0
-2  4  -12  0
15  -17  -18  0
9  17  -13  0
7  -11  -3  0
-5  2  -10  0
19  11  -3  0
14  7  20  0
-4  6  3  0
10  13  -14  0
-11  -15  -10  0
15  -12  19  0
-19  7  -18  0
-17  15  -8  0
8  -17  -14  0
10  -13  14  0
-4  -2  3  0
-10  -1  8  0
16  9  -15  0
-3  10  16  0
2  -12  -1  0
18  10  5  0
5  -18  -16  0
-2  -6  3  0
2  -14  6  0
-16  -9  18  0
5  20  -1  0
-11  -4  5  0
-6  18  -10  0
12  -1  -7  0
-16  4  -8  0
7  -13  -12  0
-7  -6  17  0
-8  12  -11  0
9  12  10  0
8  1  2  0
15  19  -8  0
-13  -10  -14  0
19  11  -12  0
8  1  -15  0
-11  13  3  0
19  -20  -2  0
-16  3  -5  0
17  18  5  0
-1  -20  -11  0
-18  -10  4  0
13  9  4  0
18  3  -12  0
-15  17  19  0
-14  -12  -11  0
-20  15  -2  0
-20  18  -11  0
-15  -2  8  0
13  3  8  0
-8  -2  4  0
15  1  -12  0
-2  -14  -15  0
-8  -10  4  0
11  7  8  0
-17  12  -11  0
-1  7  -20  0
-16  -19  18  0
