c mkcnf random cnf with seed 608928, max clause length 3
c FORCED SATISFIABLE
c 
p cnf 20  86
5  -10  18  0
-12  -11  -6  0
-16  -15  1  0
16  3  13  0
9  -6  -8  0
-18  -19  -3  0
18  17  14  0
10  20  -7  0
-10  -12  -3  0
16  14  -19  0
-4  5  11  0
5  7  17  0
2  13  8  0
-14  20  9  0
-4  17  -20  0
10  9  19  0
13  1  -4  0
6  -2  4  0
-12  -13  -14  0
19  18  -4  0
17  5  -20  0
5  -18  -1  0
-9  -6  -18  0
-12  -14  -3  0
5  -8  7  0
15  20  -8  0
-5  18  -6  0
13  20  15  0
7  20  -11  0
-11  -8  -18  0
-12  -20  -6  0
17  -20  5  0
6  -17  3  0
20  -7  -3  0
-4  -8  17  0
-15  -1  -17  0
-1  2  9  0
-13  15  17  0
19  3  14  0
10  20  -4  0
5  -16  -11  0
8  6  4  0
-2  -17  12  0
-16  8  3  0
12  8  -2  0
-11  13  -4  0
-19  12  -7  0
2  19  11  0
-13  -15  -17  0
-13  11  -1  0
-16  -1  18  0
2  14  -16  0
-11  20  9  0
-17  4  13  0
14  -1  -13  0
7  -11  -9  0
20  11  -9  0
12  -10  1  0
-6  -5  19  0
-10  -20  -4  0
1  -17  19  0
5  13  7  0
12  10  -19  0
-20  -9  -10  0
2  11  -20  0
-9  -18  -19  0
8  10  -2  0
-17  4  15  0
12  9  2  0
17  -15  -10  0
9  -20  -4  0
-1  12  -17  0
-19  13  1  0
18  -9  -12  0
15  -17  13  0
20  -13  -7  0
8  -18  -15  0
-20  14  18  0
13  -4  15  0
-13  11  16  0
-19  8  -18  0
10  -17  -19  0
-14  -7  1  0
-11  10  1  0
17  1  -15  0
-17  -6  8  0
