c mkcnf random cnf with seed 608875, max clause length 3
c FORCED SATISFIABLE
c 
p cnf 20  86
-9  13  20  0
-13  11  -17  0
11  8  13  0
14  19  20  0
20  14  -2  0
7  -10  16  0
-14  -10  17  0
12  -1  -16  0
-4  -14  -1  0
-2  10  -7  0
13  -15  8  0
5  -6  19  0
16  -12  11  0
-6  3  -14  0
-12  -16  -20  0
-4  15  -12  0
-2  17  19  0
-19  -14  11  0
8  4  16  0
-2  -12  20  0
-7  -12  13  0
-20  -15  11  0
6  -9  1  0
10  -19  -9  0
18  -1  16  0
3  -2  4  0
-1  11  -20  0
13  16  -20  0
-11  -15  16  0
-19  -5  -18  0
-13  19  9  0
-11  17  -13  0
19  -16  9  0
14  -4  -19  0
-6  12  17  0
16  -18  3  0
-18  -16  -14  0
-1  3  16  0
-16  2  14  0
10  2  14  0
12  8  -14  0
12  -5  -16  0
-16  13  -10  0
-3  10  -8  0
-10  7  -3  0
9  16  10  0
6  -7  20  0
-6  19  1  0
2  5  -11  0
3  4  -8  0
15  5  -12  0
-20  -3  12  0
-14  -1  -11  0
9  -18  6  0
1  -3  12  0
15  20  -3  0
4  20  10  0
5  -20  -19  0
7  -11  1  0
20  -15  -13  0
5  15  8  0
11  -4  -7  0
20  -10  -16  0
-5  20  14  0
-5  -7  17  0
-2  14  -8  0
4  16  8  0
-6  14  -2  0
13  18  19  0
-4  20  -8  0
3  -13  -20  0
-17  4  -13  0
11  9  -4  0
16  11  2  0
14  -1  -7  0
1  15  -13  0
15  -5  -2  0
1  -18  4  0
-10  15  13  0
7  -4  1  0
20  1  -10  0
2  8  10  0
-5  -14  10  0
-15  6  -10  0
-7  4  -13  0
12  -18  1  0
