c mkcnf random cnf with seed 608958, max clause length 3
c FORCED SATISFIABLE
c 
p cnf 20  86
-20  14  -9  0
-5  -7  2  0
9  -12  -18  0
5  6  -18  0
16  13  -5  0
6  7  -15  0
5  -20  8  0
4  20  -16  0
-11  8  10  0
-2  -11  13  0
-11  -18  1  0
19  4  5  0
-6  15  -8  0
-8  12  17  0
-19  -3  11  0
-13  9  -2  0
2  -5  -17  0
5  -1  -4  0
20  -16  -2  0
9  -17  8  0
11  14  -10  0
7  20  -15  0
-6  -11  9  0
-12  7  -5  0
5  16  -14  0
11  20  8  0
16  10  7  0
-5  -16  -20  0
-10  18  3  0
-4  -9  -6  0
-10  6  11  0
-14  -6  -10  0
-20  18  10  0
-16  -20  1  0
-7  -18  -15  0
8  3  16  0
-3  -14  1  0
16  -9  -6  0
-9  18  -19  0
17  19  4  0
-15  -20  3  0
12  -6  -3  0
-6  17  -4  0
11  -5  15  0
-1  -3  2  0
-16  8  -9  0
11  13  20  0
4  -13  12  0
-16  -18  11  0
-11  13  5  0
9  7  -1  0
5  -3  -7  0
2  11  8  0
19  -6  -12  0
-5  -15  -14  0
-3  -9  1  0
7  -3  15  0
3  16  -5  0
5  -6  16  0
-15  13  -16  0
-2  18  -1  0
6  -11  17  0
17  -5  -20  0
-6  3  5  0
-18  16  7  0
-18  -7  -12  0
15  -13  -9  0
11  20  -7  0
2  -9  -16  0
-1  14  -16  0
19  -20  -13  0
5  2  -6  0
20  -9  17  0
-17  8  1  0
-19  -11  -17  0
14  -18  10  0
-16  8  -1  0
14  -8  7  0
-6  -10  -1  0
8  9  18  0
-4  7  -12  0
-5  20  8  0
15  7  -13  0
3  -5  14  0
-6  -16  -7  0
3  -16  -20  0
