c mkcnf random cnf with seed 608920, max clause length 3
c FORCED SATISFIABLE
c 
p cnf 20  86
-11  -20  16  0
1  -5  -2  0
-11  -1  12  0
-4  -16  -5  0
-18  14  6  0
-1  -9  4  0
-11  20  -16  0
-2  1  -7  0
5  -2  4  0
8  -6  -10  0
18  -11  -8  0
6  11  15  0
10  -14  -4  0
11  6  9  0
14  18  -15  0
-18  -8  16  0
-14  1  -8  0
-20  9  -19  0
-12  3  16  0
-6  19  17  0
14  20  -4  0
-4  -15  1  0
19  -16  -17  0
-19  -1  13  0
19  15  2  0
5  -17  -9  0
2  -6  8  0
8  -6  -9  0
-13  -16  -2  0
18  -2  19  0
-17  -7  -5  0
-1  8  -20  0
-5  -6  10  0
18  15  13  0
3  6  -15  0
6  2  10  0
16  11  18  0
-1  4  -19  0
-11  8  -1  0
-4  20  7  0
6  13  20  0
-18  19  8  0
-10  -17  1  0
1  -4  -17  0
6  12  15  0
11  10  9  0
-18  -3  -8  0
-12  -5  20  0
5  -11  -14  0
5  9  6  0
-5  16  3  0
16  12  -4  0
6  20  13  0
3  -11  20  0
5  2  14  0
-17  -8  19  0
-9  -14  -1  0
-4  18  -17  0
18  7  -15  0
-4  -18  -12  0
19  -2  12  0
12  6  3  0
-17  5  14  0
-12  -20  -19  0
-18  4  2  0
7  -3  5  0
18  17  3  0
-3  -13  7  0
-16  -12  8  0
1  7  11  0
7  -9  -10  0
7  16  -4  0
4  20  3  0
-20  8  -18  0
-7  2  6  0
-2  -1  -9  0
2  1  -13  0
-14  9  2  0
15  19  14  0
-7  -18  -19  0
13  -4  9  0
-3  -1  15  0
8  -6  -19  0
7  12  -15  0
-15  -10  14  0
-13  6  -5  0
