c mkcnf random cnf with seed 608930, max clause length 3
c FORCED SATISFIABLE
c 
p cnf 20  86
3  -8  -13  0
17  -8  -19  0
9  -17  -16  0
-20  9  -8  0
11  -4  -17  0
15  -20  -2  0
14  20  10  0
1  10  -12  0
-15  -14  7  0
-6  -12  1  0
-20  -16  2  0
8  -5  -15  0
19  -12  -15  0
-16  20  11  0
14  6  -9  0
-15  1  5  0
9  -20  7  0
2  -15  -12  0
-8  -7  1  0
-13  -11  8  0
8  4  -18  0
18  3  4  0
14  10  7  0
11  -16  5  0
1  17  20  0
6  9  20  0
19  6  2  0
6  -8  -18  0
-2  4  -5  0
-17  -12  5  0
6  -13  -9  0
9  -5  12  0
20  11  -13  0
-18  -15  1  0
-11  10  9  0
-10  9  4  0
-3  8  -4  0
2  -4  -15  0
-7  8  -15  0
6  -14  -8  0
2  7  3  0
1  6  15  0
1  7  -15  0
5  -8  6  0
5  -13  7  0
-8  -18  -20  0
3  17  7  0
20  1  2  0
7  -18  -11  0
-14  -17  18  0
-4  -6  7  0
1  -14  8  0
-6  -3  -19  0
-18  2  -17  0
-4  5  -18  0
16  13  18  0
-3  15  7  0
-4  -1  -11  0
-13  -17  -19  0
-2  -8  -12  0
-6  -4  -8  0
-14  -2  -1  0
8  6  -5  0
16  -10  20  0
-16  6  -10  0
9  2  -14  0
16  15  6  0
6  -20  -5  0
-6  -1  20  0
-11  -1  -5  0
-2  7  -13  0
16  -2  -5  0
-11  -18  5  0
-13  -10  19  0
-13  4  15  0
-7  18  -16  0
2  -14  15  0
-19  -7  12  0
-9  -20  6  0
19  16  -8  0
-7  14  -13  0
-18  11  -16  0
-9  -16  -3  0
-4  3  5  0
-11  15  12  0
-9  8  2  0
