c mkcnf random cnf with seed 608967, max clause length 3
c FORCED SATISFIABLE
c 
p cnf 20  86
-13  4  8  0
-10  13  -7  0
11  -12  -18  0
-5  -9  -6  0
-17  8  -12  0
8  15  6  0
-3  -7  -5  0
8  -16  -11  0
-12  -1  -6  0
-19  -10  13  0
-8  -12  -5  0
-11  7  2  0
9  4  12  0
-14  1  -8  0
4  -13  -2  0
-17  20  -9  0
-12  -4  6  0
4  8  16  0
19  -10  -1  0
14  3  -8  0
20  8  -13  0
-16  -9  12  0
15  -9  5  0
16  18  -5  0
9  -20  5  0
19  -4  -11  0
17  13  -9  0
19  -8  -3  0
10  17  -20  0
-14  19  11  0
-4  2  9  0
7  19  18  0
-8  15  -18  0
-10  6  18  0
8  4  20  0
4  -20  -12  0
16  -8  5  0
-13  -16  2  0
-15  -16  17  0
-6  10  4  0
-15  5  19  0
11  -3  -15  0
-16  -17  8  0
20  13  -3  0
18  19  17  0
-6  8  14  0
-1  7  20  0
-15  -1  -9  0
20  -15  -17  0
1  16  -9  0
-4  19  2  0
18  12  4  0
1  11  -12  0
-13  -11  -16  0
-14  -4  -9  0
19  -3  -11  0
6  2  -7  0
-20  19  -16  0
3  -16  10  0
-8  -16  3  0
18  14  -7  0
2  12  -15  0
18  -11  13  0
-10  -9  2  0
16  -19  -3  0
-2  -6  -7  0
20  6  17  0
-15  -1  -18  0
-9  -7  11  0
11  14  -9  0
-2  4  20  0
14  2  19  0
18  -14  -13  0
-20  2  11  0
6  9  7  0
-13  -18  1  0
-1  -19  -7  0
2  -11  4  0
2  -10  -7  0
15  -6  -20  0
-2  -18  -15  0
18  -1  16  0
-4  16  -12  0
-4  5  9  0
-7  2  16  0
4  -3  -9  0
