c mkcnf random cnf with seed 608897, max clause length 3
c FORCED SATISFIABLE
c 
p cnf 20  86
10  -7  -9  0
-12  11  14  0
15  18  -5  0
4  -10  -17  0
9  -10  8  0
1  -8  12  0
2  -9  -7  0
-3  -17  -1  0
-6  -20  -11  0
-18  -11  15  0
5  13  16  0
-13  -15  -14  0
-14  -8  -11  0
11  2  -12  0
-5  -14  12  0
7  -4  6  0
3  -11  17  0
-4  -12  18  0
11  13  12  0
-7  -2  -16  0
-13  -15  16  0
-18  13  -1  0
-2  10  3  0
18  12  7  0
10  -19  -17  0
3  -11  8  0
10  -5  13  0
1  2  -20  0
-8  15  -17  0
-8  18  2  0
14  -5  -11  0
-4  15  3  0
11  1  -9  0
8  18  13  0
10  -19  -9  0
19  -14  5  0
-9  -14  15  0
5  -16  14  0
8  -16  -1  0
9  17  15  0
1  7  -15  0
-1  -13  11  0
-7  -14  8  0
-4  -2  -16  0
-2  9  -13  0
20  17  -3  0
-3  -12  5  0
14  -7  4  0
15  -14  -3  0
3  17  -8  0
-13  17  -8  0
18  3  19  0
-10  -17  -14  0
-17  13  -20  0
10  -6  -7  0
11  4  20  0
-16  15  8  0
-12  6  -13  0
13  12  8  0
16  -14  13  0
2  -4  16  0
-8  12  -13  0
9  5  -13  0
-20  -18  -2  0
-4  -2  17  0
1  -20  14  0
20  13  8  0
-10  -6  -20  0
-11  8  -19  0
12  1  -17  0
-1  -20  -9  0
17  12  15  0
16  -17  -6  0
-2  17  14  0
-14  -1  -3  0
4  10  9  0
9  20  -3  0
-16  -18  20  0
17  3  7  0
-3  9  -5  0
8  -6  20  0
-18  11  17  0
18  13  2  0
12  6  -1  0
-2  -19  -13  0
8  -16  -14  0
