c mkcnf random cnf with seed 608878, max clause length 3
c FORCED SATISFIABLE
c 
p cnf 20  86
-6  -10  13  0
9  4  -12  0
17  18  7  0
-11  -7  19  0
-7  -8  16  0
18  -11  -1  0
-13  -19  -18  0
11  -15  -8  0
19  -4  6  0
-7  -19  11  0
-10  19  12  0
-1  -7  -13  0
10  5  -8  0
-13  4  5  0
5  -17  -12  0
-18  -8  -17  0
2  -10  20  0
8  -7  -18  0
-1  20  18  0
17  -2  19  0
-18  -14  2  0
-18  19  5  0
3  4  -11  0
-18  -16  10  0
13  -11  -19  0
9  13  -10  0
4  -14  20  0
-7  -19  -8  0
7  -18  -20  0
-6  5  -13  0
16  -8  -11  0
2  14  9  0
1  8  19  0
-7  -15  -6  0
13  -11  4  0
-1  12  16  0
10  14  -2  0
-4  -16  -14  0
7  18  8  0
16  3  8  0
-14  17  18  0
-7  -20  -10  0
20  -4  -2  0
13  -14  7  0
-19  15  -12  0
-2  -18  9  0
15  5  9  0
-20  -6  8  0
-5  -15  -7  0
11  10  7  0
17  12  11  0
-4  -3  15  0
-8  13  11  0
5  -4  -18  0
11  -20  -14  0
-12  -7  16  0
4  19  -11  0
-1  -13  12  0
4  10  14  0
-5  -1  15  0
7  -2  18  0
4  2  -3  0
-3  13  17  0
11  10  -20  0
17  -18  20  0
-11  20  13  0
-5  12  -20  0
7  14  -11  0
-19  -17  12  0
14  1  7  0
13  7  -17  0
15  -20  -19  0
-1  15  -19  0
10  -17  -8  0
-5  17  -12  0
12  -1  -19  0
-17  9  -10  0
19  -20  11  0
-9  -14  -8  0
9  12  3  0
-5  -11  -1  0
2  -14  13  0
-10  -5  2  0
12  11  -3  0
-3  -14  -10  0
3  7  -15  0
