c mkcnf random cnf with seed 608972, max clause length 3
c FORCED SATISFIABLE
c 
p cnf 20  86
-9  -18  -17  0
-2  20  9  0
-19  -10  18  0
17  -4  -14  0
-3  1  -2  0
-16  5  -4  0
5  -6  9  0
7  -17  5  0
12  -18  11  0
8  5  18  0
12  -10  -20  0
-12  14  18  0
-15  -9  -10  0
9  12  13  0
6  -18  -5  0
-12  -4  16  0
16  3  6  0
7  -5  -6  0
-19  18  -5  0
-20  15  18  0
-9  -10  -15  0
3  -18  5  0
-6  -9  -19  0
20  -18  -2  0
-20  -14  -8  0
-1  -11  17  0
4  17  -6  0
12  16  11  0
-17  -19  -2  0
-7  2  15  0
4  9  -17  0
12  -5  9  0
-20  15  17  0
-11  18  5  0
20  -7  16  0
-1  17  10  0
-7  -17  -6  0
-19  -4  5  0
-1  6  7  0
16  9  2  0
-5  -18  6  0
-9  10  -13  0
9  17  6  0
19  -6  -4  0
-9  2  -8  0
19  1  -11  0
-14  -17  -19  0
-11  -19  -4  0
-2  8  18  0
12  -11  -19  0
-5  -19  14  0
19  20  6  0
19  -7  4  0
13  -11  8  0
15  -20  -19  0
9  -18  1  0
17  -10  -16  0
-11  -5  10  0
16  -15  -1  0
-8  7  -19  0
19  -2  -5  0
5  -13  11  0
3  9  -17  0
1  -9  13  0
6  17  15  0
11  -1  -20  0
12  -9  16  0
-20  -16  12  0
18  -7  -4  0
11  -15  18  0
10  -4  2  0
11  20  18  0
-17  -2  -12  0
11  13  17  0
-8  5  -4  0
-6  7  11  0
11  -15  20  0
10  -9  -4  0
-15  -1  16  0
11  2  -8  0
5  -11  4  0
14  -11  6  0
9  -13  1  0
12  -11  -6  0
-2  -19  -17  0
8  5  17  0
