c mkcnf random cnf with seed 608881, max clause length 3
c FORCED SATISFIABLE
c 
p cnf 20  86
4  6  14  0
-15  -18  -20  0
-14  -20  -4  0
6  12  8  0
-15  -5  -10  0
-12  -18  3  0
15  -20  10  0
-16  12  9  0
-14  13  2  0
11  -6  -18  0
20  -14  15  0
8  -2  3  0
12  20  -3  0
-1  8  -12  0
-10  13  2  0
6  15  19  0
10  4  14  0
2  17  -3  0
-2  6  18  0
-9  -11  -13  0
14  -5  18  0
12  -15  -6  0
20  -8  13  0
11  2  -15  0
-17  19  -12  0
-18  1  -17  0
2  -1  -20  0
-3  -20  -14  0
-6  -18  -20  0
9  8  -4  0
-2  -5  14  0
15  1  8  0
20  -6  10  0
8  13  1  0
-11  19  -15  0
-13  7  3  0
-2  -10  9  0
-1  14  7  0
3  9  -6  0
-9  -11  2  0
20  -19  -2  0
7  1  -6  0
13  -1  -19  0
-16  4  -18  0
-12  -7  9  0
15  -10  -18  0
2  -15  8  0
13  -15  -4  0
15  -10  -13  0
12  -16  -10  0
10  19  -5  0
-20  -13  9  0
4  15  -7  0
8  -17  9  0
4  20  -6  0
17  18  11  0
12  -5  11  0
18  -17  9  0
-13  -4  6  0
13  2  5  0
-9  18  10  0
-6  19  -14  0
-4  -14  17  0
-1  6  2  0
-2  -16  -10  0
4  18  10  0
-20  -19  -18  0
-9  16  10  0
-5  20  -15  0
-17  -20  -3  0
17  14  13  0
3  20  -12  0
-14  16  -12  0
6  7  -16  0
20  19  -17  0
-1  11  -10  0
-18  -1  11  0
-11  6  5  0
12  -14  9  0
-11  20  -9  0
-5  3  17  0
-9  -1  20  0
-7  18  6  0
-9  19  12  0
5  -2  -13  0
-18  -14  17  0
