c mkcnf random cnf with seed 435582, max clause length 3
c FORCED SATISFIABLE
c 
p cnf 80  344
-13  9  -24  0
56  80  -52  0
52  1  -26  0
57  52  43  0
-67  -44  -55  0
-2  34  5  0
-12  -77  -75  0
-39  -69  66  0
49  -1  4  0
20  79  47  0
12  -67  -5  0
78  -7  19  0
20  40  -63  0
-11  -60  33  0
58  79  19  0
-46  -25  35  0
-38  20  8  0
-56  -65  -51  0
10  -31  14  0
-71  -60  18  0
-30  -25  64  0
5  53  34  0
15  -11  18  0
7  22  -73  0
-29  -16  -24  0
-14  -74  39  0
8  -60  -39  0
-56  45  -1  0
74  -26  -72  0
-41  29  26  0
16  37  56  0
10  -44  -76  0
-73  47  70  0
47  56  4  0
46  -75  -68  0
-61  5  16  0
47  -1  49  0
-52  -23  -64  0
76  60  4  0
-57  54  2  0
47  58  -16  0
-22  -66  -14  0
4  -64  51  0
-32  79  -48  0
-39  35  47  0
28  -46  55  0
-55  49  2  0
-18  40  -59  0
46  -45  -25  0
74  -56  -75  0
-55  24  -13  0
43  54  67  0
58  31  -48  0
67  -54  17  0
-6  -27  -56  0
63  -34  9  0
-58  25  -9  0
-60  16  -79  0
-32  -28  52  0
-68  44  77  0
16  75  -47  0
2  15  -21  0
-72  78  34  0
23  71  -56  0
-41  69  11  0
38  18  -35  0
26  -31  18  0
-47  42  14  0
-12  -61  7  0
-64  40  22  0
-79  -68  -44  0
-46  -63  34  0
35  14  15  0
31  -36  74  0
41  40  9  0
69  -17  33  0
-35  -7  -4  0
11  -32  79  0
-58  79  50  0
-53  54  80  0
69  57  -68  0
27  65  -23  0
48  4  44  0
32  -9  -23  0
9  -15  -65  0
-35  20  -39  0
-17  -41  -76  0
24  -40  70  0
66  25  -31  0
-5  -65  -74  0
79  21  -70  0
-61  -70  -63  0
-51  61  -78  0
-60  14  -46  0
-48  -74  4  0
-16  79  -36  0
38  -43  58  0
-6  7  5  0
20  13  -50  0
32  -46  -53  0
42  58  -31  0
-61  51  -14  0
25  57  -31  0
-44  46  60  0
19  15  47  0
-74  -7  2  0
20  78  -22  0
-43  73  40  0
-25  -14  57  0
-67  -35  47  0
19  -53  -69  0
-49  15  44  0
-80  67  51  0
45  -40  49  0
19  52  47  0
65  17  21  0
78  9  43  0
51  -67  -15  0
-61  66  46  0
42  -41  -77  0
58  25  45  0
-44  -36  -43  0
-58  -15  -42  0
-49  52  67  0
29  59  23  0
-78  -54  60  0
48  -17  27  0
68  20  74  0
8  39  -11  0
12  -77  -62  0
-40  36  -76  0
2  31  -22  0
-19  -71  -44  0
-43  64  -34  0
38  27  66  0
16  -79  66  0
9  -57  -13  0
26  -30  -38  0
42  64  -75  0
53  62  17  0
-55  35  9  0
-63  76  -21  0
31  -33  -18  0
66  46  54  0
-21  37  61  0
-61  79  55  0
-16  -30  18  0
-16  14  -69  0
-40  52  -23  0
71  -1  -27  0
55  17  -3  0
14  23  73  0
-79  72  75  0
41  -67  80  0
17  24  79  0
56  -7  -80  0
28  -16  -56  0
-14  59  -19  0
-48  7  -74  0
39  -35  -50  0
-18  -11  78  0
73  9  -76  0
-43  18  56  0
-53  -80  14  0
44  -6  -72  0
-75  -59  66  0
-22  -44  -45  0
-47  -16  36  0
66  -35  -1  0
69  -5  -25  0
41  26  56  0
-35  -31  14  0
33  29  -23  0
-68  -11  75  0
-61  15  57  0
-8  54  -21  0
18  22  -16  0
-33  -26  2  0
7  35  53  0
56  -25  -49  0
-53  56  -68  0
22  43  -42  0
73  31  -17  0
-29  -2  46  0
67  -47  -42  0
-79  9  65  0
-12  -48  27  0
-78  -73  77  0
-4  -67  -22  0
-8  49  -42  0
-60  -58  13  0
35  49  -77  0
45  22  -51  0
21  40  38  0
37  48  -57  0
68  -29  -27  0
9  66  33  0
78  -32  -13  0
-63  22  60  0
72  27  -51  0
36  23  -49  0
65  -48  45  0
18  16  38  0
11  -43  -22  0
-56  -44  -62  0
-67  -34  66  0
-28  -51  75  0
65  -13  -41  0
-50  -53  76  0
-71  76  2  0
78  -59  -2  0
46  35  61  0
-3  80  -16  0
18  -26  6  0
61  72  -44  0
13  -14  36  0
-10  -45  -51  0
53  -63  -67  0
56  61  -52  0
-19  -27  64  0
46  -56  -15  0
-11  61  21  0
9  -80  -72  0
52  -46  -15  0
-54  -18  -24  0
-63  -71  -80  0
64  -46  -44  0
42  -26  -69  0
73  -19  -40  0
60  25  -29  0
-39  75  -23  0
-5  70  60  0
-51  -10  50  0
-32  -26  64  0
-10  78  32  0
-3  43  -80  0
-3  67  16  0
-2  -14  -39  0
27  13  -35  0
45  -5  -29  0
2  67  -53  0
43  -60  6  0
-31  5  69  0
-25  12  76  0
25  60  -47  0
46  14  -8  0
38  -16  -48  0
45  -19  -67  0
22  -26  -16  0
55  -1  -8  0
-38  -12  -54  0
48  -74  63  0
-20  -2  -74  0
-36  -21  9  0
61  10  9  0
-2  -51  -54  0
69  -16  -4  0
26  18  9  0
-10  24  17  0
69  67  45  0
-48  -38  73  0
-14  29  -21  0
76  -35  -19  0
21  -56  80  0
57  -29  46  0
-33  54  41  0
33  70  23  0
60  38  56  0
-31  68  -56  0
-5  -72  16  0
-1  74  -69  0
-14  -34  -67  0
73  -77  -39  0
-31  -49  69  0
51  22  -7  0
-41  6  61  0
-26  50  -5  0
21  77  -5  0
18  -12  -35  0
46  -6  13  0
-43  2  52  0
1  -14  49  0
-36  1  -5  0
-47  6  72  0
5  68  -35  0
-26  -27  77  0
33  23  -13  0
-23  -60  59  0
2  78  -80  0
-18  23  -56  0
-47  73  58  0
58  13  60  0
-55  52  31  0
-58  -75  -78  0
-33  -65  -78  0
28  50  -25  0
-35  30  -63  0
60  -63  -18  0
-18  12  -45  0
-80  -77  -23  0
-15  43  13  0
-55  3  -73  0
21  3  69  0
1  29  -25  0
38  -63  71  0
-77  2  -34  0
18  -40  -76  0
-52  -44  -42  0
-76  56  -32  0
-23  17  -73  0
-3  -60  -45  0
47  63  -46  0
26  -13  72  0
-40  -50  45  0
17  -78  29  0
-56  43  -53  0
-34  62  -55  0
59  24  34  0
-3  -38  -14  0
-14  -80  56  0
60  21  -75  0
26  -15  30  0
-51  22  -57  0
-79  57  -39  0
35  20  -67  0
-16  -59  -3  0
-8  64  60  0
52  44  41  0
54  -56  -28  0
24  6  20  0
-35  -38  67  0
4  -21  63  0
-43  -38  -68  0
-30  61  29  0
36  78  50  0
-51  25  57  0
72  74  66  0
-13  76  66  0
41  56  -27  0
59  14  9  0
10  -2  64  0
50  28  71  0
-55  70  -36  0
-74  47  -77  0
