c mkcnf random cnf with seed 435551, max clause length 3
c FORCED SATISFIABLE
c 
p cnf 80  344
71  50  -79  0
-13  57  76  0
-74  33  15  0
-66  -1  -28  0
61  -76  8  0
-43  -70  19  0
-21  -78  6  0
54  38  21  0
-49  -5  11  0
-53  -31  16  0
17  75  67  0
-59  64  -15  0
76  -2  30  0
-3  14  61  0
-5  29  76  0
-6  -57  50  0
-65  22  -38  0
-54  14  -21  0
-64  28  -60  0
-9  20  17  0
73  -4  -30  0
16  40  -43  0
74  5  28  0
47  48  43  0
-20  27  28  0
19  65  32  0
-9  -51  -33  0
70  -37  35  0
-58  -39  -80  0
-1  69  -22  0
7  -12  -4  0
-54  80  2  0
-55  -48  65  0
54  72  -79  0
-33  57  -44  0
43  -79  -75  0
-58  -45  33  0
-35  -14  39  0
-63  40  -9  0
68  -38  -77  0
-64  -2  59  0
76  65  -21  0
41  -68  -70  0
41  74  64  0
61  23  17  0
24  23  -35  0
34  -17  -36  0
-65  -21  35  0
3  60  -10  0
58  -69  -72  0
-34  -58  35  0
62  1  30  0
-22  45  51  0
23  79  -3  0
-68  43  49  0
78  -69  -64  0
25  31  60  0
-64  41  -17  0
-73  -59  3  0
-26  -39  14  0
-29  67  -27  0
59  -26  76  0
-79  -5  64  0
27  -69  -52  0
-59  8  -34  0
16  -39  -20  0
64  45  3  0
11  -48  -4  0
-8  18  -62  0
21  60  50  0
38  -2  60  0
23  -45  35  0
-20  12  78  0
-62  -29  56  0
-43  -9  54  0
37  64  -53  0
36  13  -7  0
-68  70  37  0
36  58  -22  0
-65  58  -36  0
-80  58  9  0
38  -59  -52  0
-27  12  -60  0
1  17  12  0
-61  -18  -72  0
42  57  19  0
71  -76  -64  0
32  40  -26  0
36  66  -48  0
-18  -73  -2  0
-78  37  36  0
44  -54  -63  0
76  -13  69  0
43  27  61  0
31  -17  36  0
11  -72  3  0
76  -64  -38  0
3  74  -37  0
-57  -53  33  0
-68  -70  -11  0
79  77  76  0
41  57  -78  0
-3  38  -57  0
59  -23  53  0
63  -79  80  0
51  -70  55  0
65  -13  25  0
-14  59  25  0
77  -34  -45  0
73  58  -44  0
-43  -66  -4  0
-14  13  -46  0
18  -29  -32  0
-11  40  33  0
-59  44  -61  0
-10  54  -14  0
-67  -1  49  0
21  22  -27  0
41  78  67  0
7  73  43  0
67  27  -2  0
70  19  65  0
37  43  18  0
-2  17  27  0
-3  -20  -59  0
37  -12  28  0
-18  33  21  0
29  -40  -70  0
-10  -72  23  0
45  18  -9  0
34  -39  17  0
-12  -64  -76  0
-7  -34  -80  0
61  27  -17  0
-1  80  54  0
-21  -42  -70  0
74  -45  29  0
-66  -41  -64  0
64  11  -15  0
54  14  4  0
64  -39  46  0
-2  -4  59  0
73  -64  68  0
72  -58  -55  0
-48  -22  -77  0
-37  -9  11  0
-57  -24  41  0
-3  77  -33  0
79  -1  -33  0
-38  28  9  0
-54  30  -57  0
-11  -55  -28  0
40  -5  7  0
78  -68  71  0
58  20  52  0
-58  44  -76  0
-48  -72  19  0
-63  -34  19  0
40  14  -11  0
8  43  -7  0
56  -9  -35  0
-26  38  13  0
-62  48  59  0
-74  -72  48  0
2  12  44  0
-5  52  -50  0
31  -56  -48  0
2  -74  42  0
-16  71  9  0
-72  -32  6  0
16  -22  55  0
-6  -64  -30  0
-58  14  40  0
62  -8  57  0
-23  -40  58  0
66  -19  -36  0
9  -69  67  0
-55  -41  -22  0
42  -45  -38  0
-29  16  -28  0
-67  -68  -13  0
-29  -53  40  0
-69  35  -27  0
-49  -66  34  0
-34  -46  50  0
42  -45  34  0
-41  72  66  0
33  49  78  0
36  48  -80  0
50  -72  -32  0
-57  10  6  0
19  -75  -3  0
-14  -9  31  0
30  -22  -72  0
-47  -19  -69  0
-26  -17  23  0
-65  -64  78  0
32  -16  -37  0
-63  18  33  0
-75  73  -70  0
62  -38  26  0
-16  -21  -59  0
-61  80  54  0
-43  79  -8  0
-44  -52  -5  0
37  -62  31  0
-33  8  -44  0
76  50  79  0
-56  45  -1  0
44  68  47  0
42  41  62  0
-40  -4  -58  0
28  -4  20  0
59  42  -12  0
41  -2  9  0
-8  -35  -55  0
52  -78  -50  0
-11  74  17  0
-68  -58  57  0
-45  71  24  0
-12  -3  -25  0
55  -2  49  0
-71  60  32  0
-80  -31  15  0
55  13  26  0
45  42  21  0
-36  -70  43  0
75  -34  -43  0
40  -67  -16  0
-32  62  -9  0
-38  -5  -18  0
47  -41  -34  0
-49  -62  70  0
-55  14  -10  0
-48  -73  3  0
-7  -11  -14  0
1  42  -4  0
1  -64  78  0
-61  17  70  0
-47  68  -21  0
-9  -80  55  0
-77  19  -4  0
25  29  45  0
15  -76  80  0
28  -64  75  0
23  -2  -35  0
-49  -12  45  0
80  -70  -31  0
-51  -61  10  0
-61  -15  49  0
10  74  79  0
2  76  32  0
-30  -5  60  0
-34  39  62  0
-18  40  -51  0
-59  5  -21  0
-29  70  57  0
56  -53  67  0
-15  -41  -55  0
-32  -18  -1  0
50  -67  24  0
-44  -32  76  0
-48  -47  -36  0
24  -21  46  0
-45  74  -31  0
-66  -78  -24  0
1  3  16  0
-47  48  27  0
28  -2  -58  0
34  46  79  0
9  39  -44  0
61  6  37  0
-5  -41  38  0
59  -2  -11  0
-33  57  -17  0
66  -63  -62  0
70  -17  -16  0
11  -29  -2  0
24  -51  -29  0
-45  48  17  0
36  -5  40  0
-29  -51  -44  0
15  -17  74  0
-70  32  5  0
17  73  66  0
-51  78  30  0
-33  18  74  0
-53  -64  6  0
-58  -2  75  0
-8  -67  2  0
29  -44  -22  0
73  40  -74  0
7  65  -29  0
38  31  -32  0
-49  -31  68  0
28  -33  57  0
15  -48  -37  0
18  -50  -72  0
36  74  -19  0
-59  31  -26  0
-26  -65  19  0
-4  18  70  0
62  -58  -30  0
19  -11  5  0
-29  58  -5  0
-22  -59  -48  0
-61  -29  14  0
-32  -13  -60  0
-13  -65  -59  0
49  -73  34  0
53  65  -9  0
38  47  -6  0
66  13  72  0
59  -6  -46  0
40  -7  61  0
6  -13  45  0
-25  74  12  0
-35  34  -61  0
-26  36  64  0
58  53  -68  0
-62  -39  26  0
-38  -27  6  0
34  -46  -77  0
19  -14  -20  0
16  -26  8  0
9  37  33  0
39  68  -66  0
34  -45  37  0
78  12  -48  0
-39  -63  72  0
78  -6  -63  0
4  -79  -58  0
53  1  -35  0
13  70  -44  0
-15  -49  4  0
-42  -14  -15  0
-17  7  -39  0
12  -55  40  0
33  -46  -52  0
-77  15  -19  0
-67  -72  -68  0
75  -55  11  0
-69  25  -6  0
-15  60  44  0
