c mkcnf random cnf with seed 435522, max clause length 3
c FORCED SATISFIABLE
c 
p cnf 80  344
34  -70  42  0
67  -54  -43  0
54  56  43  0
-67  -15  -3  0
38  -46  63  0
29  -22  51  0
-66  -36  47  0
69  -54  -46  0
-8  1  23  0
-46  14  75  0
-3  -67  -26  0
-1  53  -44  0
-58  -40  3  0
-29  -59  -54  0
-47  55  34  0
61  -67  -51  0
-78  -34  12  0
41  -74  34  0
56  68  77  0
-8  70  64  0
-12  -47  -62  0
72  -69  -55  0
73  18  43  0
-72  7  -9  0
-16  39  38  0
66  14  25  0
75  16  73  0
35  -30  62  0
14  -57  43  0
-48  57  42  0
-66  35  38  0
-50  2  -30  0
-8  53  -59  0
-18  77  63  0
36  -47  5  0
52  19  68  0
2  -14  66  0
25  62  -35  0
5  2  78  0
-10  59  -61  0
56  30  15  0
32  -18  -66  0
14  -55  -69  0
-42  -59  -77  0
-69  26  -44  0
27  -65  -18  0
-69  40  26  0
-61  32  -35  0
-35  16  69  0
28  80  -46  0
-68  34  -4  0
-44  9  25  0
60  68  59  0
32  -5  -37  0
-29  -73  -22  0
-17  12  33  0
-58  -22  -54  0
71  -6  51  0
-20  24  5  0
-51  -74  77  0
-31  -45  -76  0
3  66  9  0
-3  66  65  0
-14  4  -35  0
9  -73  56  0
8  -44  -7  0
20  76  32  0
43  18  74  0
-8  53  -6  0
-34  55  33  0
29  -23  46  0
-11  15  31  0
56  -22  39  0
59  -38  -7  0
43  80  -78  0
-72  -51  -65  0
-11  -21  56  0
62  -26  -68  0
22  74  38  0
-18  -64  63  0
-29  44  -51  0
-47  -14  28  0
-32  -39  -20  0
-66  48  36  0
55  -56  43  0
-32  -56  79  0
61  79  15  0
67  -65  48  0
-4  -40  -68  0
-78  -12  -33  0
8  34  37  0
54  -37  13  0
15  52  -76  0
60  -16  -68  0
76  30  -72  0
73  -68  -16  0
-73  -7  -52  0
-37  -80  -78  0
-79  -38  23  0
-56  1  -32  0
-44  40  -31  0
-36  -62  -31  0
-33  -11  34  0
-27  26  33  0
-27  62  64  0
38  4  -63  0
-61  -18  15  0
-10  -45  12  0
77  55  -54  0
45  52  -49  0
-22  8  37  0
-58  62  73  0
-23  -80  25  0
77  45  30  0
-55  17  -33  0
-77  -5  58  0
70  -76  17  0
3  -6  -13  0
-36  -72  -40  0
65  52  18  0
76  -5  11  0
-35  -74  -36  0
-68  29  23  0
17  -56  1  0
-21  3  -74  0
80  19  -57  0
45  58  1  0
-26  -22  56  0
-13  -52  -25  0
-15  -13  -20  0
26  -42  -12  0
-26  -78  42  0
43  79  29  0
78  73  -59  0
-25  -63  -51  0
-27  32  55  0
-70  -57  -26  0
49  15  -45  0
13  55  -39  0
9  -56  -77  0
-34  10  6  0
-53  -17  -18  0
4  -63  66  0
29  80  75  0
-77  8  23  0
-54  -50  -21  0
-45  -54  32  0
80  -47  -68  0
22  -27  37  0
38  -67  74  0
26  -7  71  0
-12  -19  -5  0
-44  10  26  0
10  53  3  0
-58  -6  -63  0
9  15  -38  0
40  -31  -3  0
-7  36  -44  0
59  -56  10  0
66  72  -2  0
-16  -72  46  0
18  -1  -66  0
11  -18  -71  0
-44  -31  -46  0
-25  80  61  0
-11  8  59  0
-61  -47  -59  0
-67  -78  -41  0
-8  6  -56  0
-57  21  26  0
80  33  -27  0
-80  9  -51  0
-3  40  -45  0
4  15  30  0
38  36  37  0
-28  50  -54  0
-18  -36  14  0
38  -54  -11  0
25  74  -29  0
-75  65  -5  0
76  -43  62  0
27  10  45  0
-5  -47  -57  0
22  -35  -48  0
19  -35  43  0
47  77  -32  0
-15  -16  39  0
21  -27  71  0
78  67  76  0
68  -50  3  0
18  -21  -29  0
2  76  19  0
-31  -64  79  0
-57  61  -2  0
-19  -23  74  0
45  -3  39  0
-5  -37  2  0
-53  -4  -78  0
-69  11  8  0
65  -28  -76  0
25  -58  30  0
-62  -45  34  0
40  44  -38  0
-63  31  -75  0
-52  59  57  0
-79  -45  -10  0
-65  3  32  0
64  -79  -25  0
47  -32  2  0
-66  -48  -80  0
-70  14  40  0
45  -65  26  0
-35  8  -3  0
44  47  25  0
49  -74  37  0
-9  -27  76  0
61  -11  25  0
-4  -40  60  0
23  27  71  0
-29  -68  54  0
13  -65  -2  0
6  16  9  0
28  -26  -51  0
-9  -80  -39  0
-28  29  -25  0
35  74  66  0
-44  55  -56  0
49  5  -35  0
-34  33  -63  0
78  32  17  0
77  20  15  0
39  -67  -66  0
5  13  -57  0
-64  -4  -55  0
59  75  -18  0
28  56  -49  0
4  -23  59  0
-74  66  -12  0
-19  9  -54  0
31  -80  11  0
-1  58  2  0
51  34  69  0
-14  57  63  0
-37  13  43  0
5  -22  62  0
10  36  -55  0
-27  -74  48  0
-36  79  -43  0
63  -57  72  0
58  64  44  0
-4  -71  51  0
19  45  44  0
18  61  35  0
-4  22  53  0
-15  -5  -37  0
48  39  -51  0
63  -56  -71  0
45  -74  8  0
48  43  -28  0
-70  -1  -77  0
8  78  -76  0
7  63  -11  0
-66  -67  -31  0
-68  25  -59  0
7  31  67  0
31  46  72  0
-18  70  -12  0
-67  -51  -56  0
42  -52  3  0
57  23  52  0
5  -38  1  0
49  2  62  0
62  -63  76  0
-44  -19  7  0
-1  -8  80  0
41  -69  -78  0
18  26  64  0
-65  58  -4  0
21  69  -12  0
-76  15  52  0
52  54  -49  0
-5  -14  -12  0
77  50  72  0
-15  -30  23  0
41  25  -3  0
-1  -3  -54  0
53  -10  80  0
-3  51  -8  0
66  50  27  0
64  59  -36  0
-38  -41  -24  0
63  -14  5  0
77  55  66  0
-52  -3  -34  0
76  62  -5  0
-13  18  -61  0
-28  -32  77  0
67  -29  42  0
30  -21  -39  0
-42  35  -24  0
41  33  -9  0
-25  44  56  0
17  -18  -43  0
77  18  -80  0
-63  -42  26  0
60  47  -33  0
21  2  19  0
-59  74  76  0
-20  13  27  0
9  18  -22  0
-49  56  -24  0
14  -77  48  0
68  33  -3  0
75  1  -6  0
18  -58  -7  0
27  15  44  0
-42  17  -15  0
-37  21  16  0
7  53  -66  0
38  -45  67  0
-37  -58  2  0
-69  53  3  0
-14  -9  33  0
-51  31  -10  0
75  53  -71  0
-52  72  47  0
-72  -33  -47  0
15  20  -26  0
42  54  29  0
-23  -40  -4  0
-12  52  45  0
8  66  45  0
-54  -74  -33  0
-28  -29  13  0
23  51  70  0
66  -22  -80  0
9  -14  -71  0
-63  -5  -14  0
33  -22  36  0
49  68  -1  0
-43  -80  2  0
39  -4  6  0
-26  -61  32  0
-37  30  74  0
