c mkcnf random cnf with seed 435518, max clause length 3
c FORCED SATISFIABLE
c 
p cnf 80  344
-62  -32  65  0
-10  -51  -14  0
-70  -38  13  0
-51  -23  -61  0
43  -31  -27  0
3  -44  -12  0
55  -8  27  0
-48  1  -78  0
64  -34  75  0
-38  -5  -29  0
-40  67  -15  0
-14  -25  -61  0
-66  40  78  0
58  16  -76  0
-52  34  -16  0
54  10  53  0
-23  -69  -5  0
43  -50  5  0
42  13  -67  0
-20  52  50  0
22  -67  39  0
-78  -31  28  0
40  11  59  0
-18  25  71  0
-6  -47  -73  0
78  37  -64  0
-62  31  -54  0
-58  -23  44  0
17  -64  -44  0
15  -12  -63  0
-44  31  80  0
5  -58  -8  0
-56  75  -55  0
-36  15  -38  0
75  -77  71  0
8  -73  7  0
-27  -66  52  0
26  51  30  0
58  1  44  0
-46  73  43  0
1  -53  78  0
3  15  78  0
51  39  77  0
-65  10  -5  0
-52  -74  -24  0
52  -15  6  0
-3  -13  -60  0
-12  26  50  0
-4  -76  -14  0
37  32  -73  0
-1  -4  60  0
-1  -14  3  0
-57  -56  -40  0
-50  31  6  0
58  2  -59  0
78  66  23  0
-38  19  -28  0
-8  -65  -72  0
23  -61  -78  0
-37  -64  3  0
-47  31  48  0
-64  -30  62  0
-80  4  -5  0
-62  -54  -47  0
-4  65  60  0
55  -50  -40  0
-54  26  -28  0
80  -33  -32  0
-26  -70  -72  0
-26  -47  23  0
-60  -14  68  0
30  67  72  0
-80  21  20  0
73  38  -41  0
49  74  42  0
77  -59  37  0
56  -66  43  0
-19  -17  35  0
-13  -18  -48  0
44  46  68  0
63  42  -23  0
-16  -5  19  0
-37  -6  -1  0
-60  -74  -70  0
-64  -20  -74  0
42  -66  -7  0
62  59  -57  0
40  67  -76  0
19  44  49  0
48  -5  -42  0
25  -41  33  0
14  -52  62  0
-41  75  67  0
55  72  -48  0
-8  -67  44  0
-16  -48  37  0
-29  50  -15  0
19  -40  -33  0
-73  -12  51  0
17  58  -23  0
-56  33  3  0
-27  -24  29  0
6  16  4  0
-2  -75  -28  0
47  59  -53  0
2  -49  78  0
48  -72  20  0
-5  -46  -71  0
-25  -57  14  0
44  -74  68  0
-1  -52  -37  0
-53  42  48  0
34  -19  68  0
60  -72  -70  0
-79  -71  13  0
56  -66  -2  0
59  60  7  0
39  -20  51  0
1  -64  -70  0
32  -23  78  0
-21  -13  -56  0
-17  -77  -45  0
-4  24  -38  0
76  -79  28  0
-69  48  64  0
-32  -61  47  0
67  54  31  0
28  -6  -38  0
-1  70  -29  0
25  -2  33  0
14  -44  -79  0
51  37  -56  0
-75  8  39  0
70  42  -28  0
-31  -19  47  0
36  34  -45  0
-1  17  7  0
30  -9  -24  0
-65  1  66  0
16  12  74  0
8  48  30  0
2  -15  -54  0
62  55  11  0
-34  46  68  0
-14  19  -75  0
49  67  -26  0
-58  -21  1  0
-16  -23  8  0
-12  -74  -45  0
17  31  -28  0
-48  66  72  0
75  80  -21  0
28  -16  -34  0
36  -63  -60  0
18  -63  69  0
-53  46  57  0
43  -19  -13  0
11  77  58  0
-1  -80  62  0
19  -59  -38  0
69  39  62  0
-2  47  45  0
60  -58  -11  0
45  38  34  0
-78  -61  21  0
-34  -11  -31  0
30  5  48  0
77  27  61  0
6  59  -72  0
-52  -79  -34  0
-18  52  11  0
-79  5  -66  0
-63  62  -53  0
-31  -55  -62  0
-15  -72  26  0
-56  -78  -26  0
37  -32  -41  0
-73  23  18  0
-63  -27  -65  0
50  -67  -46  0
-15  73  -38  0
48  69  8  0
-66  -67  6  0
-11  49  9  0
24  18  -38  0
-20  -19  11  0
71  -68  64  0
-74  24  29  0
-20  18  3  0
60  10  -4  0
79  68  25  0
-35  10  63  0
-52  79  -39  0
-30  40  -31  0
-79  14  -43  0
-27  70  5  0
-16  -78  -14  0
-26  -19  14  0
16  -72  -49  0
-59  -74  33  0
-54  -67  42  0
-42  74  -50  0
59  -44  73  0
-9  -8  55  0
16  -25  13  0
-20  39  -11  0
-46  1  72  0
-50  -37  46  0
70  37  -45  0
-55  56  64  0
29  -42  -62  0
-69  -35  22  0
-51  70  -75  0
61  -11  58  0
17  -71  27  0
27  -35  -38  0
-21  48  74  0
16  9  47  0
-35  37  14  0
-31  62  -14  0
36  76  -50  0
-69  51  -75  0
-67  42  8  0
-51  -11  32  0
-19  -68  39  0
72  -53  14  0
-79  -75  -35  0
50  41  -35  0
30  -51  44  0
72  -6  59  0
-74  -21  -40  0
43  -12  22  0
-32  23  28  0
49  32  -8  0
62  23  -22  0
43  67  9  0
55  20  -44  0
56  44  -51  0
66  -70  -80  0
-32  -55  39  0
59  56  -20  0
-67  -58  -9  0
13  70  20  0
1  79  52  0
-28  -63  59  0
-70  -74  -27  0
34  11  -58  0
51  53  77  0
20  73  -4  0
-36  24  51  0
27  -47  60  0
74  6  15  0
38  63  -47  0
67  -25  -77  0
-19  -76  39  0
-38  44  42  0
21  73  41  0
15  51  -63  0
21  -16  -63  0
35  -49  65  0
75  -29  68  0
73  58  52  0
52  -37  -30  0
66  46  -45  0
-13  -76  -16  0
-67  48  2  0
-75  48  32  0
29  69  67  0
2  76  10  0
2  72  -63  0
32  -63  -54  0
-45  -42  13  0
-77  37  -71  0
-71  8  -34  0
50  70  26  0
-9  40  64  0
9  -72  68  0
-7  42  -56  0
22  -38  41  0
-41  29  30  0
-59  -41  -65  0
-69  -63  -15  0
-28  73  6  0
-8  -30  -23  0
35  -73  -40  0
-14  16  57  0
-1  49  10  0
-4  8  -71  0
44  49  -58  0
-60  36  -30  0
14  -2  -60  0
43  13  72  0
2  12  -63  0
-57  72  44  0
-66  -56  30  0
53  2  36  0
-63  -46  -17  0
1  -68  61  0
13  -61  53  0
66  39  18  0
-52  51  -22  0
-73  -6  -54  0
-55  -51  -35  0
73  -9  -52  0
-21  -30  60  0
-13  17  67  0
74  -63  67  0
39  -9  45  0
-54  44  18  0
-66  16  -22  0
-50  59  31  0
79  -36  24  0
-54  -61  -20  0
80  65  5  0
-54  1  -69  0
-58  33  -77  0
78  79  -24  0
-46  61  -37  0
51  -63  -66  0
-39  -8  29  0
79  -32  70  0
36  -74  -1  0
77  -57  73  0
4  -19  56  0
-33  -32  25  0
76  -64  2  0
-42  21  66  0
-63  7  54  0
-66  79  -51  0
-14  -67  -59  0
-42  12  17  0
50  -43  68  0
-19  -78  69  0
52  -69  30  0
-71  -10  69  0
15  -4  -44  0
71  32  -41  0
-43  -60  70  0
17  1  -41  0
-24  -26  -11  0
-27  -16  -23  0
38  -72  -53  0
41  3  75  0
16  13  -68  0
