c mkcnf random cnf with seed 435581, max clause length 3
c FORCED SATISFIABLE
c 
p cnf 80  344
20  59  -70  0
-57  48  15  0
39  -8  63  0
20  -8  -13  0
-27  31  51  0
-8  -53  -2  0
35  51  61  0
-76  -24  -42  0
-52  80  -72  0
72  29  -26  0
51  80  6  0
67  -21  8  0
79  63  22  0
-34  32  7  0
-55  -42  -63  0
-42  -3  -52  0
5  68  20  0
-17  11  -64  0
9  22  -5  0
-78  -28  -45  0
15  27  -58  0
-31  -50  19  0
-47  50  -54  0
13  10  -47  0
50  -69  66  0
36  68  -27  0
-76  14  -61  0
-14  -55  48  0
14  -52  -45  0
49  -9  22  0
74  47  -51  0
-32  15  -4  0
55  -12  32  0
47  15  53  0
21  9  46  0
79  -3  12  0
-68  -31  42  0
-14  -6  -20  0
-62  -73  -71  0
-78  42  -5  0
-72  51  -74  0
-10  -24  60  0
34  54  -79  0
77  -35  1  0
-53  -9  52  0
74  -35  -3  0
-80  -72  -1  0
-10  40  -60  0
-22  33  58  0
-54  -23  35  0
76  -48  46  0
-9  -39  4  0
20  -10  -38  0
-56  -39  -47  0
-32  -48  45  0
-35  64  -50  0
68  14  -2  0
6  9  23  0
-25  34  -1  0
46  52  3  0
41  65  -50  0
-4  -24  -29  0
9  -21  18  0
-76  -44  -31  0
-32  -58  -25  0
-42  19  36  0
-79  -37  10  0
-18  60  -73  0
-41  -67  35  0
58  9  51  0
6  45  46  0
66  45  68  0
52  -8  -44  0
74  6  54  0
75  -38  13  0
70  -46  76  0
24  -59  46  0
20  4  -13  0
8  -27  -71  0
69  12  -54  0
63  -29  50  0
43  14  -22  0
13  -21  25  0
-51  44  28  0
-35  21  -63  0
32  33  60  0
-24  59  10  0
33  56  49  0
-60  57  -41  0
-78  -51  -20  0
-35  -37  9  0
-21  43  77  0
-25  -30  -66  0
-33  58  61  0
71  -43  -59  0
62  -44  15  0
-36  60  56  0
-65  8  -64  0
-63  39  61  0
26  77  36  0
-57  56  14  0
47  64  -61  0
-48  58  28  0
8  -66  19  0
-39  68  -29  0
80  -69  20  0
-51  -48  -9  0
-61  -77  -47  0
17  71  3  0
29  39  2  0
-23  -79  6  0
74  -49  10  0
-44  45  47  0
-26  -27  13  0
-16  -77  -72  0
-10  -48  42  0
-10  -52  9  0
-27  -29  74  0
15  23  -36  0
49  30  -74  0
-15  19  37  0
25  33  -63  0
-28  40  3  0
-43  -9  -74  0
-1  69  -77  0
47  -56  6  0
60  66  54  0
25  -44  -4  0
-20  3  43  0
-27  -75  -38  0
-16  -72  6  0
-28  12  -16  0
-1  -22  -34  0
-49  78  -71  0
30  -9  63  0
28  -15  -7  0
74  52  -51  0
33  71  -43  0
-62  29  30  0
-10  53  3  0
-36  4  15  0
66  -71  -4  0
-45  -80  -79  0
-10  70  -26  0
76  -57  -78  0
11  -71  -29  0
-1  40  47  0
46  -44  -3  0
-24  31  -78  0
-61  -34  -17  0
10  75  -74  0
27  -18  12  0
-60  -6  -21  0
2  49  -60  0
44  -22  51  0
-75  68  -40  0
-12  28  -45  0
-21  3  -23  0
40  52  -25  0
-20  -4  -55  0
-37  11  10  0
-21  -22  -45  0
12  47  -52  0
6  -71  -31  0
72  79  5  0
-27  33  59  0
-38  35  67  0
-59  10  27  0
-78  -77  -26  0
-77  26  2  0
80  -24  2  0
-48  28  34  0
66  2  -19  0
68  -3  -4  0
-58  80  61  0
61  59  6  0
44  80  35  0
-76  -51  -33  0
-50  -51  57  0
-5  74  56  0
-40  -63  -8  0
-71  -36  -20  0
67  75  77  0
6  -78  15  0
51  24  -62  0
-68  -53  10  0
32  16  -68  0
9  -7  -21  0
16  31  79  0
-41  22  -19  0
-9  50  -12  0
32  74  -16  0
3  42  9  0
-60  24  39  0
-60  -29  15  0
-33  -23  -66  0
-65  -58  72  0
49  -79  -3  0
23  9  -36  0
67  -59  -4  0
14  42  -54  0
25  27  -52  0
24  -57  20  0
-17  -58  66  0
-25  -64  -38  0
-20  4  -3  0
-51  -41  -28  0
-12  52  62  0
-1  69  -80  0
80  -34  -25  0
52  59  -12  0
73  -69  -38  0
62  -47  60  0
-47  -24  6  0
58  -49  -26  0
-35  -24  -75  0
-25  -78  -50  0
58  22  50  0
34  -3  -1  0
38  -18  -73  0
-6  15  -33  0
73  4  37  0
25  -60  -74  0
16  -25  65  0
78  -66  41  0
6  31  39  0
-3  -32  45  0
35  71  12  0
-65  -14  -16  0
-6  47  14  0
-48  -73  37  0
-44  72  34  0
10  47  -74  0
-40  -16  36  0
-33  1  -5  0
12  -6  11  0
-15  25  -6  0
-78  51  -76  0
30  -66  -55  0
41  -28  38  0
-48  -42  10  0
-57  -22  46  0
24  -2  -28  0
42  -71  -47  0
-29  41  10  0
20  36  -59  0
-63  61  -51  0
17  -50  5  0
73  -16  48  0
-15  53  -41  0
-39  74  35  0
77  80  49  0
-66  79  -19  0
-42  29  -28  0
-2  62  -41  0
76  45  37  0
44  -26  67  0
-60  26  2  0
-13  11  73  0
73  74  3  0
63  -62  59  0
65  -12  30  0
23  -75  49  0
-35  -53  28  0
-75  -74  39  0
41  -74  -37  0
26  76  35  0
-32  -8  -48  0
-31  -23  -75  0
22  -38  -67  0
38  36  49  0
-29  60  -38  0
69  36  33  0
63  61  -29  0
-74  -5  50  0
-24  78  33  0
-13  23  42  0
73  -46  23  0
-78  -19  -9  0
6  -1  43  0
48  34  -29  0
23  -7  -42  0
-41  -44  39  0
-62  11  35  0
10  -77  -22  0
-40  66  -53  0
47  76  53  0
-21  -39  49  0
-21  59  -40  0
-10  40  37  0
-6  56  -77  0
-41  14  29  0
44  27  69  0
4  -39  -15  0
76  -74  61  0
-66  -76  71  0
-25  11  34  0
-64  -45  -66  0
6  52  31  0
1  28  -39  0
-73  65  -5  0
50  -44  25  0
80  58  -42  0
-35  2  20  0
63  -29  34  0
-14  42  55  0
-63  -34  45  0
8  59  -79  0
-49  -39  -48  0
-45  -28  -52  0
-58  13  46  0
-78  46  22  0
-68  43  -40  0
-28  -62  44  0
-18  -53  16  0
6  49  -1  0
-29  -16  -20  0
62  -45  -35  0
52  -14  19  0
11  -73  -48  0
-60  18  21  0
14  -32  50  0
-58  67  -7  0
-39  14  -17  0
68  -35  29  0
-51  -37  72  0
-47  -31  78  0
-38  11  -23  0
-77  -53  -64  0
27  44  6  0
51  -56  -61  0
-44  32  -49  0
-66  35  -20  0
-6  -10  -20  0
-27  -41  -66  0
-53  45  30  0
-64  21  74  0
65  11  33  0
48  62  -43  0
60  70  61  0
69  71  29  0
-1  61  68  0
65  -77  67  0
10  -74  -25  0
