c mkcnf random cnf with seed 435501, max clause length 3
c FORCED SATISFIABLE
c 
p cnf 80  344
-22  8  -41  0
-67  -43  38  0
3  -31  -70  0
-24  39  -8  0
-52  -5  -2  0
25  -71  -21  0
-22  24  78  0
48  -20  51  0
-56  1  -55  0
16  -24  -48  0
8  -78  65  0
-18  29  26  0
59  -26  -44  0
79  -27  -34  0
31  32  48  0
-36  14  -79  0
2  -74  30  0
-59  69  -5  0
-71  37  -10  0
-26  -33  -39  0
14  1  5  0
50  33  78  0
-36  -19  -27  0
-22  55  -35  0
-54  -7  36  0
-58  -5  -33  0
41  43  66  0
-50  -14  -17  0
-66  77  65  0
-39  -75  -77  0
38  -5  76  0
-31  -34  70  0
34  -40  -6  0
-19  56  -69  0
-41  -43  -13  0
-36  60  75  0
-50  31  -12  0
18  -73  -20  0
57  -4  -43  0
23  -20  43  0
12  71  -18  0
57  71  -61  0
-10  50  65  0
-31  32  -38  0
56  12  -38  0
-62  -55  75  0
8  -46  -24  0
46  38  -57  0
18  53  -35  0
-62  13  28  0
-46  76  17  0
-79  -43  65  0
-76  -63  -41  0
5  50  30  0
-54  -72  -32  0
-43  54  -45  0
-73  31  -40  0
27  -30  2  0
-62  69  -9  0
-10  -68  -40  0
-10  17  5  0
-19  -71  -36  0
29  35  -73  0
-55  -76  -15  0
-61  -31  13  0
-78  -23  -32  0
-75  -48  -44  0
-61  72  50  0
40  22  68  0
-75  -3  51  0
-63  37  33  0
-80  51  1  0
2  -47  36  0
44  -37  -57  0
45  33  55  0
-65  71  70  0
-20  61  -46  0
-32  -78  45  0
-7  -35  77  0
35  -28  63  0
65  15  -44  0
76  38  -68  0
78  -20  65  0
-9  -31  24  0
45  60  34  0
-79  5  -77  0
47  71  33  0
34  79  66  0
-33  23  -15  0
1  -11  15  0
-73  49  14  0
40  -20  -63  0
34  53  -54  0
-52  -56  9  0
66  -30  11  0
26  -68  -75  0
55  6  -15  0
32  61  -39  0
-2  69  -20  0
-69  -32  -6  0
-14  -69  -3  0
-78  80  -32  0
18  -69  -14  0
46  33  16  0
78  -76  43  0
70  -64  14  0
-16  -33  -31  0
2  53  25  0
71  73  -77  0
32  -38  62  0
65  -46  -63  0
76  -53  43  0
-53  -19  23  0
80  5  -10  0
57  28  -79  0
51  67  -72  0
-69  -18  2  0
-38  75  69  0
-60  24  21  0
-63  -24  19  0
-41  55  53  0
45  -5  32  0
-61  -29  -48  0
37  41  39  0
-49  -8  28  0
16  45  -49  0
-74  -11  -7  0
-78  44  -50  0
67  -28  76  0
33  48  -31  0
-23  -31  19  0
60  78  -33  0
-2  19  14  0
-17  47  -65  0
61  39  -17  0
-30  77  -76  0
39  -14  -29  0
-52  69  14  0
-66  -14  5  0
-32  1  -44  0
-74  53  -8  0
-47  -76  -50  0
-70  -52  2  0
62  -25  -29  0
42  -67  -17  0
68  -2  73  0
4  -41  -18  0
-25  -1  22  0
75  -57  -30  0
15  14  57  0
56  64  19  0
-72  -52  -71  0
-41  -2  47  0
8  -31  61  0
-7  -51  -71  0
56  -54  -12  0
-19  22  -80  0
-21  60  31  0
21  -56  28  0
-30  -4  -31  0
-35  -74  46  0
15  -49  -23  0
77  -64  6  0
55  57  23  0
-53  2  1  0
42  71  -12  0
13  -58  -62  0
-27  23  49  0
10  12  -17  0
32  -29  -5  0
8  -10  15  0
46  -30  61  0
53  60  -42  0
-46  59  52  0
35  -27  -68  0
-47  -21  1  0
-11  58  -79  0
-6  -40  -71  0
10  44  1  0
11  -17  -72  0
71  23  -74  0
-36  28  56  0
-70  25  66  0
-53  -30  15  0
-66  4  18  0
-20  64  55  0
35  -76  -45  0
-46  -41  8  0
65  -25  -76  0
-46  -13  -60  0
-66  23  -73  0
64  1  6  0
40  21  -59  0
-76  53  -45  0
70  -80  -65  0
-69  -72  -56  0
32  -76  39  0
-3  56  -48  0
-62  -2  -80  0
68  19  -5  0
-77  54  -69  0
-10  43  -55  0
17  -45  -28  0
55  -74  -35  0
-1  15  11  0
63  73  -80  0
77  -51  71  0
48  -68  9  0
-73  48  63  0
31  46  -25  0
-18  -9  -6  0
61  -13  -35  0
42  15  -77  0
-60  52  26  0
71  47  -14  0
26  -27  -52  0
-52  -76  -58  0
14  -52  -9  0
34  38  -74  0
26  -50  55  0
-5  -70  69  0
-77  32  -80  0
-33  -43  51  0
16  -50  10  0
65  45  -58  0
-22  29  -48  0
-14  32  21  0
-70  -29  -2  0
2  -52  -41  0
80  -25  18  0
52  -70  -60  0
10  8  18  0
-74  72  70  0
-57  -20  26  0
-52  -31  -74  0
77  50  -51  0
-54  -80  -56  0
-44  -47  -15  0
15  -66  -63  0
-32  42  77  0
40  43  -13  0
11  9  -27  0
44  22  7  0
46  -9  2  0
-33  -47  -14  0
-37  -17  -70  0
-14  -49  -56  0
46  41  -59  0
-36  62  58  0
-70  63  -62  0
40  -43  38  0
-66  -56  50  0
10  79  68  0
-7  71  34  0
-59  -40  31  0
-56  44  -58  0
-40  -14  -43  0
-23  -22  -1  0
-39  -63  32  0
55  52  -13  0
30  -16  -47  0
9  -62  59  0
79  18  11  0
-80  20  -44  0
3  30  13  0
-44  -32  22  0
41  2  -36  0
-64  68  -17  0
79  -47  -1  0
52  -19  -21  0
71  -8  36  0
-5  32  10  0
15  -61  4  0
61  -68  59  0
13  -39  25  0
71  30  -38  0
18  38  -70  0
57  -69  -5  0
41  48  -74  0
72  -43  -39  0
53  14  -42  0
67  52  -25  0
-76  -19  -24  0
-30  46  80  0
-10  57  -75  0
70  -74  72  0
18  70  4  0
-67  55  46  0
51  17  2  0
14  28  -37  0
35  -37  -46  0
26  11  63  0
-77  -59  -69  0
10  4  29  0
53  -26  -50  0
31  -34  -51  0
59  57  52  0
-70  -73  -36  0
27  -10  -37  0
-69  19  -72  0
-6  -19  -77  0
-35  65  79  0
-56  53  -52  0
-62  33  -60  0
-36  -49  -33  0
68  -20  44  0
29  -27  -16  0
50  25  -45  0
70  59  -8  0
51  71  50  0
-42  50  -51  0
66  1  2  0
27  -80  -66  0
10  46  4  0
29  -6  -50  0
8  -21  -61  0
1  -80  -27  0
78  57  40  0
79  12  3  0
66  -46  79  0
-16  69  -67  0
62  5  -29  0
25  -5  45  0
43  56  -7  0
-54  28  -49  0
23  24  55  0
27  8  -39  0
47  -14  -59  0
58  71  -22  0
-5  -75  -6  0
-78  -3  -36  0
-19  -47  37  0
16  -4  80  0
31  -4  80  0
-34  55  75  0
74  -28  -69  0
9  68  -73  0
59  -9  -40  0
15  -58  -33  0
75  -64  -68  0
71  -38  -44  0
-14  78  -41  0
-66  -72  -60  0
-76  27  -18  0
