c mkcnf random cnf with seed 435562, max clause length 3
c FORCED SATISFIABLE
c 
p cnf 80  344
73  56  -57  0
-80  -6  13  0
-69  -27  -42  0
52  -38  78  0
40  34  37  0
72  38  -40  0
-50  23  -21  0
16  -50  -5  0
10  -16  -9  0
-49  -71  68  0
-21  -20  63  0
-7  -43  -16  0
-59  9  11  0
55  43  -78  0
4  72  -51  0
12  77  -58  0
34  35  57  0
42  29  21  0
-59  7  32  0
76  55  -43  0
5  -12  73  0
-54  27  47  0
-26  40  -14  0
-14  13  34  0
-6  -42  70  0
-63  -71  67  0
-47  -38  -52  0
-71  36  35  0
-62  7  72  0
61  -53  -73  0
-43  -48  -11  0
-38  75  -27  0
44  64  -43  0
-71  -13  22  0
24  60  -69  0
71  -66  54  0
42  78  69  0
3  -67  6  0
27  15  -11  0
-79  66  -39  0
65  63  -9  0
-53  -23  17  0
80  -57  -55  0
-79  -43  -12  0
-15  -63  -8  0
71  31  1  0
28  -39  -63  0
-39  65  38  0
52  49  -3  0
76  75  80  0
-8  50  -32  0
49  51  34  0
37  59  71  0
3  75  -23  0
-79  -61  -72  0
-77  33  57  0
-29  -5  35  0
-41  80  79  0
46  7  21  0
-17  -51  69  0
-34  -42  22  0
16  40  -67  0
27  76  -67  0
18  64  78  0
39  -26  54  0
-69  -7  9  0
46  -45  19  0
31  -22  74  0
37  -42  -27  0
58  -42  64  0
67  14  48  0
-45  -47  19  0
30  -62  -4  0
-51  -16  -79  0
44  -47  -52  0
74  -70  -22  0
-33  -14  -40  0
-63  -54  57  0
68  60  -55  0
11  32  -59  0
60  -63  -39  0
-14  13  24  0
-44  31  58  0
-53  -73  63  0
71  -39  -20  0
-3  13  29  0
62  23  25  0
-13  4  -59  0
-9  -16  45  0
-64  -74  -27  0
66  -50  -39  0
-49  1  -27  0
38  70  2  0
-21  -18  7  0
-75  -8  -54  0
60  -19  -38  0
59  -17  53  0
-8  60  -55  0
-24  -47  49  0
-26  73  48  0
-56  -17  45  0
-36  34  18  0
-63  -25  -48  0
-9  47  -7  0
26  -48  2  0
-9  -55  -6  0
-20  -69  -4  0
28  -59  -56  0
28  26  -42  0
15  -29  72  0
54  35  -79  0
63  11  44  0
34  49  32  0
43  55  39  0
-30  -39  -43  0
-7  45  50  0
-12  -16  19  0
-4  47  10  0
-78  -28  -65  0
14  -37  24  0
24  8  -14  0
6  -60  -22  0
51  41  -56  0
-4  -30  -37  0
-33  72  76  0
-11  -13  -1  0
-33  32  -30  0
-16  -29  31  0
73  77  20  0
-42  -59  4  0
-59  63  79  0
-80  75  -66  0
33  1  -71  0
-25  54  -17  0
40  3  16  0
-53  76  78  0
-36  80  13  0
36  35  -28  0
-69  7  5  0
23  25  -29  0
68  25  -5  0
-37  -39  -26  0
9  19  24  0
17  27  -62  0
25  -7  -20  0
76  46  -29  0
-8  -73  52  0
49  -76  -67  0
-63  -50  -59  0
55  11  33  0
-16  46  74  0
8  13  65  0
-11  -77  2  0
5  78  -29  0
32  58  -27  0
47  -62  -74  0
-46  -29  5  0
12  42  -78  0
-76  27  8  0
19  63  -10  0
24  32  -40  0
-14  -12  -41  0
-31  80  34  0
67  -41  -44  0
-58  -31  -13  0
-64  15  -80  0
-40  61  14  0
-8  -24  -73  0
-34  26  11  0
-14  4  61  0
6  64  -70  0
-34  16  7  0
-58  -75  -80  0
-48  -67  -17  0
-46  45  -39  0
4  -8  -57  0
-47  -64  8  0
50  18  16  0
-9  -66  63  0
6  -44  64  0
16  4  30  0
-67  27  -11  0
80  32  77  0
4  -47  -31  0
-61  71  -72  0
48  -2  32  0
9  74  -21  0
-45  17  -24  0
-62  -78  70  0
-23  32  -41  0
41  -64  42  0
-50  -78  -49  0
50  -19  -80  0
-31  -47  13  0
-27  -46  -3  0
-61  43  1  0
62  -51  -11  0
78  -39  59  0
-41  61  -22  0
48  -4  59  0
13  46  33  0
-43  15  37  0
-38  58  22  0
46  70  33  0
-44  -14  62  0
80  -8  23  0
-49  -24  -4  0
3  53  20  0
65  41  12  0
-62  -1  70  0
-28  4  -10  0
-48  7  12  0
78  23  70  0
-24  -76  -74  0
31  72  26  0
42  -30  -77  0
-29  -74  80  0
-11  -15  -21  0
47  -15  -61  0
60  -24  -41  0
16  68  41  0
-8  74  -33  0
63  -71  -43  0
73  -50  -45  0
52  47  -66  0
52  73  61  0
-72  53  8  0
-14  69  -70  0
50  -38  -29  0
24  20  34  0
62  24  66  0
55  53  3  0
-35  -30  -70  0
64  78  4  0
-22  -40  -79  0
46  13  33  0
-62  -29  53  0
22  53  -28  0
-25  -30  23  0
-64  -72  3  0
8  -45  73  0
30  -43  -77  0
-41  76  -9  0
44  27  12  0
1  -24  61  0
65  -79  80  0
11  7  24  0
30  23  42  0
-41  -77  31  0
68  -24  18  0
-33  -69  -58  0
18  11  7  0
77  -49  -12  0
-77  -26  71  0
-6  5  -8  0
-51  -61  -58  0
23  -30  14  0
13  75  -80  0
-62  76  79  0
70  18  11  0
8  68  -12  0
5  -71  -54  0
21  56  -52  0
76  -9  62  0
-32  -35  -6  0
16  -56  -73  0
48  -47  -65  0
72  -27  -61  0
27  49  -24  0
-4  12  -18  0
-48  -68  28  0
-35  -43  -49  0
-7  -76  73  0
1  -40  11  0
34  -37  47  0
-2  -49  -62  0
-60  38  57  0
-75  -37  -24  0
-25  -8  -48  0
7  -65  -22  0
-78  53  -45  0
-49  10  -78  0
45  27  -69  0
6  79  16  0
12  73  -71  0
21  40  -2  0
7  -24  -43  0
40  -52  -68  0
-44  -15  -45  0
-67  -22  71  0
-18  39  -7  0
36  33  -58  0
69  53  65  0
3  6  69  0
-23  76  -60  0
-55  -12  -79  0
-46  15  41  0
30  14  -52  0
-25  -32  -80  0
-32  29  27  0
66  16  -30  0
31  12  77  0
-7  8  1  0
30  57  -74  0
-10  -27  45  0
29  72  7  0
59  -45  53  0
13  -41  -34  0
-41  11  -61  0
-23  37  4  0
-80  44  -13  0
-31  -48  54  0
-78  -76  45  0
21  62  73  0
-34  32  -64  0
38  42  -40  0
-80  -18  -36  0
13  76  -21  0
28  11  -77  0
-45  71  -59  0
-75  -14  -26  0
-69  -45  -6  0
23  -76  15  0
-64  -61  -10  0
50  6  -37  0
27  -76  -62  0
38  -74  17  0
42  -61  -37  0
-43  76  18  0
-70  -28  -15  0
-32  -35  50  0
-13  36  -76  0
-36  -17  -41  0
64  -59  -23  0
37  -48  -31  0
-5  -13  -77  0
-32  -5  -25  0
38  -13  -32  0
71  40  -66  0
78  -74  44  0
-65  28  -17  0
67  52  49  0
-52  49  -39  0
73  -48  -46  0
