c mkcnf random cnf with seed 435544, max clause length 3
c FORCED SATISFIABLE
c 
p cnf 80  344
40  -2  -79  0
-33  56  5  0
-16  1  22  0
-61  50  46  0
12  50  -8  0
-38  29  -78  0
13  -65  -70  0
-38  52  -42  0
-74  45  78  0
60  26  55  0
-42  9  70  0
-59  73  22  0
7  -55  14  0
6  -49  -8  0
-58  -32  -56  0
-40  -61  -52  0
3  -37  -72  0
-73  32  77  0
32  -76  -11  0
-32  -44  79  0
48  -56  10  0
18  -49  -69  0
57  69  -77  0
-21  48  -63  0
74  -7  43  0
-23  64  36  0
69  -22  -36  0
-72  44  14  0
9  58  -73  0
35  -25  -2  0
37  49  -63  0
-7  14  -70  0
18  -15  22  0
-45  29  -74  0
31  67  10  0
-62  -17  -50  0
30  77  -8  0
-36  -9  1  0
1  -19  -28  0
-78  1  19  0
72  -44  17  0
-63  -4  68  0
-35  -49  -30  0
-64  17  -26  0
-7  -63  35  0
-63  -11  39  0
-14  -80  78  0
13  40  4  0
65  10  49  0
53  -66  -47  0
-50  72  64  0
-68  6  -37  0
-8  43  53  0
11  28  -47  0
-59  19  35  0
65  -69  45  0
61  -1  -28  0
-42  64  -33  0
-43  -39  -16  0
-49  -25  -47  0
-66  58  28  0
24  26  51  0
63  -43  -24  0
71  39  68  0
-29  55  31  0
-68  -75  -22  0
-76  -56  28  0
-53  -29  -14  0
64  67  50  0
70  -35  -3  0
-54  -50  -11  0
-53  77  -9  0
-53  13  61  0
55  -33  40  0
-73  34  49  0
-18  -38  -50  0
19  -29  75  0
8  22  65  0
44  59  28  0
19  48  -76  0
41  70  -25  0
-22  10  17  0
-39  40  48  0
42  -70  -10  0
-51  52  -10  0
38  54  -23  0
25  -61  -41  0
-57  56  -46  0
28  -5  2  0
-76  73  42  0
-13  32  65  0
-63  -76  31  0
38  12  42  0
-68  -25  -32  0
20  -55  61  0
42  -77  -72  0
-63  8  -39  0
46  -52  -78  0
-57  -43  38  0
47  -51  -40  0
-79  57  -13  0
-52  -75  -9  0
-8  36  40  0
-1  8  -71  0
-68  -28  -69  0
-51  12  61  0
-56  -45  52  0
-78  -14  16  0
35  55  48  0
10  -77  -26  0
-18  -68  44  0
-22  33  -36  0
-32  -64  71  0
-38  -30  -7  0
63  2  -9  0
41  77  -71  0
13  -26  -37  0
42  3  -35  0
-25  16  -80  0
78  7  74  0
48  -51  25  0
-49  -9  -53  0
-78  -69  15  0
-18  17  33  0
-71  -78  46  0
-17  39  5  0
13  16  44  0
-44  27  -39  0
-34  -8  -66  0
-65  30  53  0
-2  8  -24  0
28  38  50  0
40  -53  6  0
27  32  -19  0
-1  33  -11  0
-66  -13  -63  0
20  15  61  0
39  -26  50  0
-45  28  8  0
-48  -21  -2  0
-66  58  13  0
74  -11  -6  0
15  -41  40  0
54  -24  60  0
-69  33  -3  0
-66  58  -80  0
-61  7  -10  0
-77  -34  10  0
-68  -37  27  0
48  -77  -23  0
39  78  16  0
46  66  79  0
-41  2  -5  0
70  -72  22  0
-30  -27  8  0
-37  -29  34  0
-47  76  28  0
70  -79  33  0
6  34  31  0
20  -63  -7  0
-19  -61  32  0
80  24  -19  0
-58  -37  -62  0
-27  -37  -16  0
-24  46  7  0
12  -32  -34  0
21  6  -36  0
74  76  13  0
52  -35  26  0
-39  -14  37  0
-3  44  -46  0
77  24  71  0
-24  76  -13  0
-64  25  51  0
-12  7  48  0
20  -32  39  0
31  -35  80  0
-80  -16  -13  0
-34  -45  -65  0
20  -53  -10  0
59  11  -15  0
-59  -79  -50  0
71  60  25  0
76  -80  2  0
36  -45  51  0
65  -64  31  0
3  9  -5  0
-4  43  26  0
-14  -80  -71  0
76  -72  69  0
48  -8  -10  0
45  -54  -30  0
18  29  33  0
-51  12  42  0
34  59  12  0
-30  -53  -66  0
-43  -73  -10  0
-44  -50  36  0
49  15  37  0
-1  77  -10  0
-22  43  -1  0
47  57  76  0
8  -76  24  0
41  -62  61  0
-2  -38  -7  0
51  -40  13  0
4  -56  24  0
37  -68  -27  0
35  75  60  0
-71  24  23  0
-32  56  17  0
-66  -33  4  0
33  64  19  0
-1  -69  76  0
69  27  -20  0
6  40  26  0
51  -63  -80  0
34  45  -51  0
-16  10  22  0
33  -52  -65  0
12  36  53  0
-26  51  75  0
-3  -14  -62  0
-41  53  -58  0
-45  71  77  0
19  -58  -11  0
29  74  42  0
-65  46  59  0
-63  -72  -26  0
30  70  -6  0
59  79  -76  0
56  46  -29  0
-9  -71  49  0
25  34  -31  0
40  -13  66  0
-53  24  25  0
-33  18  -24  0
72  63  37  0
80  78  -33  0
-24  68  -50  0
71  -68  -42  0
-69  -60  -38  0
-80  47  10  0
76  -34  78  0
61  13  33  0
-66  11  -59  0
20  34  -46  0
-55  -49  48  0
78  53  80  0
68  -33  -18  0
-78  33  -64  0
-22  66  -42  0
37  3  -7  0
-47  80  -76  0
-35  -31  -80  0
-59  -26  -50  0
2  -30  -58  0
-51  32  69  0
-15  51  -69  0
-41  22  54  0
-21  -1  -79  0
-29  22  59  0
-76  -30  -39  0
-39  51  38  0
-28  -58  -45  0
-34  39  -6  0
-34  57  -67  0
-70  17  55  0
-20  71  60  0
-25  46  -2  0
48  -19  63  0
-32  -43  30  0
-47  -39  -46  0
19  -52  -70  0
67  14  15  0
41  -56  -44  0
21  69  -33  0
74  33  77  0
40  26  -37  0
-10  -37  74  0
-60  -57  -61  0
66  -54  9  0
39  31  -2  0
22  -78  -18  0
-21  25  55  0
6  -72  -27  0
-8  -11  78  0
50  -73  -54  0
-30  20  -18  0
-67  72  65  0
1  14  30  0
18  -77  -76  0
-12  50  16  0
-11  -44  -45  0
-30  -28  -56  0
41  -54  37  0
-38  -47  68  0
68  -4  1  0
54  66  12  0
-11  61  4  0
-48  -45  5  0
6  58  -59  0
57  23  -55  0
10  -27  -61  0
-60  8  61  0
32  31  -52  0
-79  67  -80  0
-72  32  49  0
-47  36  78  0
-30  57  59  0
43  1  -34  0
-7  -79  51  0
74  -73  -16  0
-44  15  -39  0
-24  48  6  0
55  29  15  0
-47  -22  -30  0
78  -65  -51  0
-26  -43  31  0
-72  -67  15  0
-74  -69  37  0
48  -70  -31  0
62  65  -51  0
-30  -76  -57  0
47  -1  25  0
63  -31  -42  0
-6  42  -69  0
-52  -59  20  0
1  26  78  0
-68  11  66  0
-23  -11  -72  0
-75  58  12  0
11  -17  -45  0
33  -44  60  0
-72  78  71  0
65  -36  -56  0
48  55  -17  0
25  30  10  0
26  79  -4  0
-13  -5  -27  0
-49  -62  -44  0
-63  -13  4  0
4  71  8  0
-67  -37  79  0
