c mkcnf random cnf with seed 435502, max clause length 3
c FORCED SATISFIABLE
c 
p cnf 80  344
15  38  -75  0
72  24  56  0
32  -69  60  0
56  -60  -40  0
19  23  -61  0
-80  -25  -63  0
-21  69  -24  0
50  47  1  0
49  42  79  0
-6  22  7  0
-39  -53  -37  0
60  76  62  0
37  -71  -73  0
3  -7  26  0
76  48  11  0
-7  -58  -15  0
8  22  3  0
-46  41  -77  0
52  51  -48  0
-37  -67  13  0
-64  44  -21  0
47  37  33  0
59  -60  -61  0
79  -4  45  0
-47  48  -2  0
76  -14  18  0
27  -30  -51  0
43  22  6  0
65  33  72  0
-30  42  -69  0
-35  -69  41  0
48  17  -55  0
64  -21  70  0
19  -5  -12  0
69  -3  -47  0
-55  30  -6  0
-78  -7  76  0
43  -27  46  0
-63  75  -21  0
53  11  -71  0
-79  14  16  0
58  45  -25  0
-49  39  28  0
6  -17  -45  0
-51  6  28  0
-41  73  15  0
19  22  -24  0
7  69  -59  0
49  -24  -74  0
38  -26  46  0
27  45  5  0
-41  31  -44  0
-33  -1  80  0
31  24  33  0
-28  -71  57  0
12  53  -70  0
-59  10  -12  0
47  -56  72  0
39  33  -70  0
-10  -18  41  0
-63  -1  55  0
71  -15  57  0
-67  51  -74  0
-56  -49  2  0
-4  22  -79  0
-2  39  -61  0
29  -68  -51  0
12  -51  76  0
11  38  -45  0
78  54  -18  0
-61  -21  50  0
63  16  -65  0
69  33  25  0
-71  -13  -30  0
42  -76  63  0
35  -31  76  0
75  -45  13  0
55  7  70  0
23  77  33  0
-53  75  50  0
-2  75  -44  0
7  -66  -80  0
58  -70  -21  0
-36  10  54  0
-7  -67  -26  0
-65  -78  62  0
-76  70  23  0
-59  39  -4  0
-38  10  -28  0
28  -55  -26  0
-72  -27  -49  0
-11  -34  80  0
65  55  -18  0
-47  53  -36  0
9  19  -46  0
1  -68  -72  0
-11  -66  -39  0
72  23  -57  0
-42  33  12  0
-69  -9  -13  0
-17  -73  56  0
69  -30  -39  0
24  -25  33  0
60  -17  25  0
80  75  30  0
30  45  62  0
32  34  64  0
33  -45  17  0
-25  -47  64  0
4  -32  75  0
78  -7  35  0
-22  -8  54  0
-30  27  7  0
37  -72  -77  0
-8  -48  63  0
-60  -40  14  0
-74  -67  -49  0
-39  -54  63  0
-28  47  24  0
12  50  -54  0
75  -16  -5  0
-63  70  -45  0
43  58  37  0
69  34  -55  0
-30  -41  -4  0
-60  -2  77  0
-53  7  -57  0
-51  41  45  0
37  -23  43  0
-32  4  -62  0
-75  -29  -51  0
34  -10  64  0
-3  29  39  0
-28  -13  55  0
-37  -35  80  0
-9  41  -67  0
41  62  -67  0
-59  23  13  0
28  6  -12  0
38  33  62  0
-33  -25  -64  0
-70  -9  32  0
-19  58  -76  0
80  9  -5  0
54  62  -2  0
-27  -30  62  0
-14  -32  66  0
-26  68  63  0
77  10  -22  0
35  37  -7  0
27  45  44  0
-52  -26  76  0
2  37  -40  0
42  35  79  0
18  79  -47  0
27  72  -60  0
25  16  -47  0
46  17  -43  0
70  27  66  0
-40  -12  70  0
-75  55  67  0
21  -42  37  0
-59  58  -37  0
-50  78  31  0
-75  -52  -72  0
30  24  65  0
48  52  -33  0
52  -2  -47  0
-41  -36  42  0
-62  -61  77  0
-40  68  -72  0
-44  -21  -7  0
6  -19  -39  0
23  74  18  0
46  -2  21  0
78  38  61  0
40  -46  79  0
2  38  -63  0
33  44  30  0
67  -22  56  0
45  7  77  0
66  53  -8  0
-57  66  -65  0
65  -18  -20  0
29  65  -22  0
-65  7  -34  0
49  -1  -47  0
-32  -46  -5  0
14  -29  -4  0
50  -3  -9  0
-80  13  -67  0
-80  38  -71  0
-77  -39  -60  0
12  2  -47  0
-20  6  43  0
41  17  49  0
37  80  -53  0
-55  -64  65  0
-68  -49  -75  0
-43  -4  -49  0
30  57  -61  0
10  -73  -40  0
67  -6  8  0
-56  -27  35  0
-35  19  20  0
38  -29  55  0
62  44  63  0
64  30  14  0
-14  -55  -29  0
65  71  -38  0
-58  -42  78  0
71  -74  -14  0
-37  61  -75  0
-3  57  -11  0
58  41  -39  0
79  -80  13  0
-65  13  -15  0
60  -76  52  0
32  56  -38  0
78  -19  36  0
23  40  36  0
-14  -31  2  0
-69  66  56  0
3  -17  8  0
-18  5  -67  0
-18  -22  -17  0
-8  -18  19  0
58  21  76  0
34  -62  -66  0
29  7  -59  0
45  -73  64  0
33  14  -34  0
-52  -56  -68  0
25  -80  -73  0
23  15  -30  0
56  -31  -48  0
-51  35  38  0
45  -68  -79  0
16  18  -19  0
-4  -47  -21  0
21  -1  7  0
59  -74  -18  0
59  16  -77  0
10  78  71  0
6  10  -70  0
-70  -54  24  0
-29  -54  56  0
-51  33  -46  0
-45  -64  66  0
65  -23  -19  0
-79  6  9  0
44  -31  -5  0
23  -3  -70  0
-47  -28  65  0
-59  -50  -41  0
-59  -21  -43  0
-53  52  10  0
-34  -63  -58  0
-54  -42  66  0
-13  26  -29  0
21  -62  -45  0
-68  -76  29  0
21  -53  76  0
21  -22  76  0
-79  49  14  0
24  7  62  0
9  14  65  0
-63  -45  -35  0
-7  -29  -61  0
32  11  18  0
-1  -27  -55  0
-70  73  -32  0
5  -36  -55  0
7  -36  3  0
54  -52  -48  0
48  35  45  0
-65  -3  47  0
28  10  -55  0
-39  -13  -70  0
-43  54  -79  0
-9  -36  23  0
60  -9  -18  0
37  -28  4  0
61  -39  -14  0
29  28  -61  0
41  -78  -43  0
37  1  78  0
69  79  66  0
-78  -13  75  0
60  71  30  0
78  -63  -67  0
-55  -44  78  0
-55  61  11  0
-34  -25  59  0
-66  -39  69  0
53  32  -76  0
17  -22  -12  0
-52  -30  70  0
-51  78  -28  0
4  15  8  0
61  9  -34  0
9  -43  -53  0
-55  -56  43  0
-57  39  55  0
-35  -63  -27  0
-16  -36  -52  0
30  62  44  0
65  -68  58  0
-2  -61  -27  0
47  69  -66  0
1  17  2  0
12  28  -10  0
18  22  66  0
-51  -1  -75  0
42  33  -53  0
-2  17  -46  0
48  -6  64  0
70  -73  -78  0
-12  -57  49  0
38  -52  -44  0
77  10  4  0
34  -36  -61  0
48  -60  61  0
-49  29  -7  0
-48  -8  -38  0
61  -41  -71  0
23  17  72  0
32  -70  59  0
56  22  -52  0
-35  40  -5  0
-18  -29  -11  0
-32  -51  -11  0
46  -20  -69  0
-26  41  -71  0
-59  79  -69  0
20  16  56  0
-8  19  64  0
24  -59  -56  0
21  42  18  0
3  -49  55  0
22  -27  -51  0
76  -27  -21  0
2  -58  -75  0
2  -33  -51  0
