c mkcnf random cnf with seed 435505, max clause length 3
c FORCED SATISFIABLE
c 
p cnf 80  344
74  -46  18  0
-69  39  -10  0
-9  -44  76  0
49  28  -56  0
50  -61  6  0
71  -19  42  0
28  -67  -73  0
2  71  67  0
61  -5  12  0
-30  -61  -79  0
17  -9  -8  0
-52  -12  -41  0
37  17  -33  0
-46  -50  -49  0
-49  18  -32  0
52  23  -75  0
-46  -25  19  0
63  -74  -22  0
60  -47  -14  0
55  43  75  0
49  26  -17  0
-75  -15  -65  0
-49  -54  25  0
5  55  18  0
80  66  -63  0
52  -5  -30  0
-15  -79  44  0
21  -11  64  0
53  56  40  0
47  20  37  0
28  -37  14  0
-48  -50  -40  0
-58  15  -24  0
-26  -40  18  0
-74  -6  -63  0
47  44  16  0
-54  -1  -50  0
74  46  -77  0
-43  2  77  0
-42  66  79  0
-6  70  20  0
-48  18  32  0
28  -71  -33  0
-59  -17  -38  0
77  -80  -43  0
62  40  63  0
-2  -32  -73  0
-31  29  7  0
-77  -76  -75  0
-60  13  8  0
45  59  -7  0
36  -6  33  0
52  -47  -3  0
23  -54  10  0
16  -4  -26  0
-57  -33  35  0
-62  36  26  0
-19  23  -67  0
34  68  -10  0
-21  72  44  0
18  29  -71  0
28  -4  61  0
-22  66  -41  0
14  -19  21  0
-67  -19  -15  0
41  -18  -68  0
42  76  -45  0
35  -41  -52  0
-48  -59  54  0
76  -78  7  0
-5  63  -12  0
27  43  28  0
71  -41  10  0
-5  71  -17  0
17  11  -6  0
33  54  -4  0
-69  68  14  0
49  -7  -62  0
77  12  -65  0
-48  67  40  0
-36  -31  -10  0
-18  30  -66  0
-58  -28  32  0
-3  -46  37  0
-50  18  24  0
28  73  -33  0
4  -3  9  0
-32  23  -50  0
64  61  72  0
-33  -66  -16  0
-43  79  -76  0
65  72  -17  0
53  -10  -48  0
42  -17  75  0
-49  -34  8  0
-14  46  -56  0
-61  31  71  0
10  -60  45  0
-65  33  57  0
-1  46  78  0
-30  -55  -7  0
44  33  -42  0
6  10  -75  0
-14  28  -19  0
-49  59  -46  0
-25  -32  30  0
-24  29  -8  0
78  33  -66  0
5  73  52  0
3  34  41  0
13  -51  -59  0
37  -70  -29  0
68  26  63  0
-52  80  41  0
-73  -42  15  0
-73  -1  71  0
-38  19  47  0
57  12  -74  0
6  34  58  0
-17  -39  66  0
-77  -49  -39  0
40  42  -54  0
-51  20  -40  0
-31  -51  -61  0
-75  1  -57  0
79  5  54  0
-56  -36  51  0
-69  52  18  0
-60  20  -73  0
-75  52  47  0
63  -1  75  0
-70  -5  -31  0
49  -18  8  0
-31  79  30  0
-77  -26  -78  0
-70  -45  61  0
79  -20  41  0
-36  37  -70  0
-78  -42  -35  0
-78  -42  9  0
-20  47  80  0
-49  -63  -69  0
-70  -28  46  0
3  33  -9  0
-31  -11  -12  0
-31  78  -56  0
-3  -25  -38  0
-65  34  78  0
-22  24  63  0
65  -11  -51  0
69  77  50  0
-8  -47  52  0
-42  78  -65  0
-2  65  33  0
24  78  -16  0
-72  -62  15  0
-18  -45  8  0
57  -8  12  0
24  13  -54  0
11  -8  71  0
-20  75  -71  0
-77  27  -30  0
-4  -61  33  0
73  -24  38  0
-57  -17  67  0
-23  77  35  0
-80  75  -11  0
6  35  7  0
1  -41  62  0
-9  10  -25  0
-58  62  -31  0
51  31  -57  0
-14  34  -3  0
-63  -54  -50  0
-57  58  -16  0
-2  73  66  0
44  74  -72  0
-22  -51  -80  0
-38  22  21  0
50  2  -14  0
-4  49  72  0
-8  23  63  0
63  1  20  0
13  47  17  0
-34  -58  10  0
59  13  28  0
31  -24  14  0
3  -11  68  0
63  -30  56  0
72  24  58  0
32  21  -6  0
69  20  73  0
-75  4  -66  0
15  26  -35  0
-5  -20  -55  0
-62  41  -43  0
45  26  -10  0
-55  6  -66  0
-1  42  -34  0
54  -3  -40  0
-62  -27  -20  0
37  -17  -71  0
26  -75  59  0
-74  50  -42  0
34  40  -26  0
-47  14  -30  0
-33  -26  38  0
-32  -12  -28  0
-57  -33  61  0
-4  73  65  0
8  -62  -56  0
-22  50  42  0
-26  -4  -1  0
55  65  4  0
57  -28  -25  0
58  -74  -33  0
68  6  -11  0
4  -45  60  0
46  -51  38  0
-64  -75  20  0
-2  -50  70  0
42  78  -57  0
14  41  -75  0
-58  33  -26  0
53  61  51  0
-59  -50  -2  0
53  -16  74  0
55  -41  -79  0
40  41  45  0
-68  -18  -55  0
-68  -36  21  0
25  16  13  0
80  -72  -35  0
3  -21  29  0
77  -29  64  0
-1  75  -11  0
43  29  63  0
77  33  -69  0
-41  -38  69  0
30  67  9  0
36  32  57  0
11  70  25  0
-26  -80  75  0
-29  71  28  0
3  59  69  0
-73  -6  -32  0
-14  22  11  0
14  29  17  0
29  -65  -2  0
-52  76  62  0
19  -15  -21  0
-28  11  16  0
-19  -46  -11  0
28  67  -64  0
56  3  74  0
-62  -77  -49  0
-1  -40  14  0
-69  -78  -32  0
-78  13  47  0
43  -2  68  0
22  -59  -64  0
65  70  -27  0
51  -34  2  0
-71  5  -50  0
45  -58  -55  0
-10  61  -35  0
-13  47  -27  0
-69  21  -57  0
-40  73  -18  0
9  30  29  0
17  -30  -75  0
-61  -35  -36  0
-74  -80  -57  0
-37  62  80  0
13  -31  46  0
-50  -15  62  0
-16  52  -60  0
-65  -74  -56  0
77  -12  24  0
20  -4  -26  0
-7  -62  -27  0
14  35  10  0
46  -34  29  0
11  -74  19  0
70  50  -32  0
44  -6  53  0
-23  40  10  0
65  -49  37  0
-18  -17  -27  0
-63  -39  -61  0
76  -1  45  0
46  68  51  0
-19  -27  -24  0
-41  45  59  0
44  19  18  0
64  24  4  0
76  42  -65  0
-43  -51  70  0
-23  73  19  0
-63  72  50  0
-71  -38  -21  0
-68  15  40  0
-15  22  -44  0
-43  56  18  0
43  -78  -33  0
31  -28  60  0
-42  12  45  0
-6  -21  46  0
66  31  -52  0
-15  -30  54  0
-6  -12  75  0
74  -22  49  0
60  -56  -62  0
80  11  54  0
-79  20  -67  0
-31  75  -9  0
-30  13  -54  0
-40  68  66  0
-27  -65  60  0
-71  -46  -21  0
-74  44  27  0
14  3  60  0
17  29  -19  0
-27  -56  64  0
41  -19  -24  0
-3  25  -64  0
23  26  60  0
-59  66  -70  0
-72  66  -3  0
44  61  57  0
9  21  -23  0
34  10  16  0
-32  -6  48  0
27  78  -31  0
51  59  -52  0
-51  -4  25  0
21  -44  77  0
-77  -19  -54  0
69  -72  61  0
-56  -52  41  0
44  -27  -54  0
-49  15  -64  0
-3  -68  13  0
55  -44  -64  0
