c mkcnf random cnf with seed 435557, max clause length 3
c FORCED SATISFIABLE
c 
p cnf 80  344
-28  68  -45  0
-6  7  64  0
31  55  -6  0
-73  -39  -20  0
-57  3  48  0
16  -56  -25  0
-21  25  -27  0
-65  -17  -38  0
30  -48  18  0
4  23  62  0
-14  -80  59  0
-27  45  21  0
25  -57  61  0
3  71  -44  0
16  46  -23  0
53  -1  -70  0
43  -75  -67  0
71  -35  62  0
-57  71  -20  0
-57  3  -77  0
-57  43  5  0
-1  -15  -8  0
43  -10  -30  0
78  -49  -17  0
-80  36  -50  0
-44  51  -69  0
-22  -52  53  0
-21  -31  -68  0
64  -39  -22  0
-5  15  56  0
79  44  60  0
-70  24  -41  0
-20  34  66  0
-50  -42  19  0
-30  -24  55  0
45  48  -46  0
-79  -45  13  0
78  42  -17  0
65  -12  9  0
-6  2  34  0
-9  10  -19  0
-78  -6  74  0
70  35  17  0
-17  -30  -61  0
-48  32  42  0
-47  -3  68  0
21  78  -72  0
-51  12  -80  0
2  48  21  0
-64  -40  -80  0
-20  -17  -21  0
-15  67  -27  0
5  51  64  0
-35  -46  77  0
-36  37  58  0
30  -79  -80  0
-4  72  69  0
-43  -17  1  0
-38  -22  -61  0
42  71  -20  0
-4  -15  -44  0
28  -24  -13  0
-5  41  -39  0
21  70  -59  0
18  -5  24  0
-1  -76  74  0
-8  30  -48  0
55  -42  15  0
67  -15  -23  0
20  55  74  0
53  -31  64  0
29  -74  -35  0
15  -57  -58  0
-42  12  -24  0
-67  24  -54  0
-14  -10  27  0
-51  -59  62  0
-25  12  -1  0
-10  22  7  0
-70  6  -71  0
21  55  12  0
-76  28  -48  0
79  -73  -8  0
47  38  -49  0
74  68  -79  0
45  -69  5  0
52  -64  53  0
11  47  -17  0
4  -3  -9  0
33  31  -79  0
21  41  -3  0
-27  66  -29  0
11  -59  -12  0
10  72  -26  0
-12  -42  -77  0
10  -39  37  0
-8  -40  -69  0
-58  21  -77  0
-37  -12  24  0
19  -58  29  0
7  60  -39  0
-22  77  -64  0
-71  39  28  0
65  -15  34  0
47  20  -17  0
21  -52  37  0
20  7  -29  0
41  -79  -77  0
-27  47  37  0
8  -36  40  0
33  -55  43  0
-73  -78  10  0
68  78  -61  0
36  -33  18  0
-8  22  74  0
14  -71  18  0
8  3  32  0
-12  -78  -50  0
-74  43  -7  0
-77  -30  -15  0
-65  -67  -59  0
34  -52  76  0
-59  -56  -78  0
-25  -66  -15  0
-3  -29  12  0
-76  -47  -60  0
78  -33  41  0
-53  -72  22  0
-38  60  -41  0
66  43  -1  0
-32  40  44  0
-51  -27  58  0
23  -34  -63  0
-8  -47  -27  0
-71  33  56  0
50  66  67  0
-69  -41  61  0
-38  55  54  0
-16  -53  -3  0
-2  10  41  0
69  -40  63  0
42  75  27  0
19  -77  -59  0
-11  -59  10  0
-6  66  -70  0
-78  -37  -75  0
41  69  -73  0
-74  56  -18  0
41  -29  12  0
-39  -76  3  0
-48  -49  -39  0
-71  46  54  0
-49  46  -24  0
39  46  -28  0
-45  56  -19  0
25  24  -36  0
53  -78  56  0
-80  -27  -5  0
30  32  36  0
-54  43  -67  0
4  -46  69  0
19  -59  -12  0
-57  -72  26  0
35  -43  -58  0
42  -41  43  0
-14  -59  52  0
-58  -5  -78  0
52  67  60  0
-22  -25  3  0
25  -13  7  0
32  65  9  0
-47  -78  37  0
46  64  -34  0
33  4  31  0
25  41  52  0
-76  -24  -42  0
-75  47  80  0
-73  -41  -9  0
14  -76  66  0
46  36  -66  0
-63  67  55  0
52  -54  -16  0
28  11  20  0
-64  74  -42  0
1  16  -30  0
-54  -25  -18  0
-46  72  74  0
-38  -68  -59  0
-4  40  -30  0
-65  -3  18  0
43  34  68  0
-28  43  15  0
-13  -1  53  0
7  12  -16  0
-22  -2  -80  0
-20  36  -69  0
-40  23  64  0
22  46  17  0
38  -51  50  0
14  -57  21  0
-69  55  38  0
-29  -67  -46  0
-17  -58  -75  0
-12  -51  31  0
64  54  77  0
-28  -8  50  0
-55  -66  67  0
50  30  -78  0
1  -53  54  0
19  71  41  0
32  58  75  0
-51  45  7  0
-51  -19  -49  0
19  -69  76  0
63  62  -2  0
-24  -4  -61  0
29  76  -17  0
-55  -10  -60  0
-49  57  35  0
-52  60  25  0
-67  58  9  0
-57  51  -79  0
-2  43  14  0
34  -30  -49  0
-16  12  50  0
5  -30  79  0
-39  29  -63  0
80  -60  -40  0
11  -58  2  0
80  -76  15  0
25  51  -52  0
67  80  -21  0
16  8  21  0
69  73  40  0
-42  -19  -62  0
-66  -58  14  0
-67  57  23  0
2  21  18  0
-80  27  -70  0
6  -59  41  0
-50  -43  -49  0
-12  -6  -41  0
-53  13  -45  0
6  54  -72  0
-20  25  -62  0
-36  -65  -54  0
-38  25  -22  0
54  -53  -18  0
8  -42  -6  0
7  5  -45  0
-10  -75  -15  0
31  -77  -22  0
14  -66  -75  0
53  12  23  0
38  65  18  0
14  73  1  0
10  40  72  0
-6  74  -9  0
-70  -73  -51  0
55  -76  41  0
60  74  -68  0
79  -31  28  0
26  22  75  0
19  41  -38  0
-5  66  20  0
77  -19  -56  0
-28  11  12  0
-24  40  49  0
38  -68  -41  0
59  47  -52  0
-66  42  4  0
50  62  67  0
-2  -49  26  0
80  1  -29  0
48  -19  38  0
13  -23  -72  0
-49  36  73  0
57  -27  50  0
22  -37  40  0
67  43  53  0
8  -15  -31  0
56  -38  17  0
-30  72  46  0
37  44  -46  0
36  -16  79  0
61  -27  -79  0
-79  1  53  0
11  7  -43  0
42  -21  57  0
-27  -64  -3  0
-47  27  45  0
34  69  -51  0
28  -43  -80  0
5  -54  -49  0
-27  21  54  0
-56  47  21  0
43  5  -71  0
-44  53  66  0
-37  70  20  0
-18  -6  -77  0
-8  -46  63  0
-45  -29  22  0
76  -30  26  0
-32  58  48  0
-12  76  13  0
-25  69  -15  0
55  -5  58  0
80  -40  46  0
-42  1  14  0
60  55  -40  0
-11  78  44  0
-46  77  -16  0
-7  79  42  0
8  -43  26  0
-68  32  73  0
-58  59  45  0
2  -61  -78  0
-54  -57  34  0
-41  68  -10  0
-60  -12  32  0
-11  74  -79  0
-59  76  -30  0
4  61  10  0
48  -2  5  0
35  -76  23  0
50  20  -48  0
59  33  1  0
5  53  2  0
60  -57  -34  0
-34  -27  74  0
-6  47  14  0
-59  -74  71  0
-67  -48  -28  0
-46  -25  73  0
-15  68  9  0
-39  23  76  0
-19  5  6  0
54  -15  61  0
61  -8  -57  0
-25  -70  20  0
51  18  -80  0
-8  -42  47  0
-78  60  -24  0
58  -65  74  0
