c mkcnf random cnf with seed 435533, max clause length 3
c FORCED SATISFIABLE
c 
p cnf 80  344
37  -76  -21  0
-64  28  -45  0
42  22  -80  0
-41  48  12  0
44  -42  -61  0
68  46  42  0
-48  36  13  0
-70  49  62  0
-20  -37  9  0
70  -42  -51  0
60  12  54  0
-36  -75  -4  0
22  -65  75  0
-70  9  74  0
46  79  -39  0
-18  54  43  0
75  -23  -28  0
-15  40  -29  0
-16  -35  -50  0
-17  29  65  0
29  28  52  0
45  -59  53  0
41  -1  -52  0
12  39  -35  0
57  -4  35  0
76  57  77  0
71  -34  -16  0
59  -14  -63  0
64  -35  -74  0
32  -54  19  0
-25  -63  -78  0
-25  -39  -26  0
-14  -41  -5  0
-67  -54  17  0
40  -52  75  0
77  30  10  0
-51  -52  5  0
35  -30  -44  0
-55  -3  -57  0
9  16  36  0
-38  67  2  0
75  63  -24  0
16  24  -25  0
-9  -73  -72  0
-3  8  17  0
-63  -27  5  0
-10  -12  60  0
49  18  78  0
-79  -7  64  0
-46  21  68  0
18  -17  38  0
62  54  27  0
-54  -15  13  0
52  56  -9  0
-20  17  29  0
-46  -58  33  0
6  36  -16  0
-47  2  53  0
44  63  45  0
29  15  -47  0
-78  -6  15  0
-48  -26  66  0
-6  26  -12  0
-25  80  24  0
-9  71  7  0
37  -13  17  0
-25  10  -61  0
25  -31  -62  0
-40  -43  -63  0
27  -33  10  0
-28  -57  -30  0
29  17  -57  0
80  -36  75  0
20  40  -16  0
-7  -11  -18  0
-39  50  80  0
37  -25  10  0
19  75  -62  0
-61  -13  -40  0
-69  -1  -37  0
-71  -48  69  0
-36  -43  -66  0
-30  -80  8  0
30  -43  34  0
-73  33  -43  0
-59  52  42  0
25  49  22  0
-52  69  44  0
55  35  53  0
59  -26  -37  0
35  34  60  0
-12  36  -32  0
9  23  47  0
-72  -71  -4  0
-22  -32  -59  0
60  34  -62  0
27  -40  29  0
30  -60  46  0
23  -48  -4  0
-7  -29  51  0
74  5  35  0
51  38  13  0
-12  67  -1  0
66  -14  62  0
42  2  -69  0
-65  -37  -68  0
59  31  79  0
17  47  2  0
-80  -58  -8  0
-64  -30  27  0
-2  10  39  0
-75  -16  -73  0
-43  -71  42  0
47  42  44  0
-80  64  -70  0
-61  -13  -68  0
38  -67  -61  0
72  22  -40  0
28  80  -65  0
-61  -57  75  0
-16  -14  -2  0
45  -42  5  0
28  -24  -50  0
3  -2  -69  0
-46  75  -26  0
16  24  -64  0
14  43  -77  0
32  59  57  0
-72  2  -24  0
-68  16  57  0
79  -42  37  0
67  10  52  0
24  43  32  0
-60  25  -48  0
-24  59  43  0
80  -12  74  0
-67  -33  -38  0
-5  73  -58  0
-36  62  -48  0
37  -59  53  0
72  -80  71  0
-50  -7  59  0
-39  -25  -9  0
-37  -52  -11  0
5  4  -54  0
-42  80  45  0
-2  -8  69  0
-4  75  -53  0
5  22  -42  0
-20  -2  -68  0
66  -78  -68  0
15  45  18  0
79  10  -33  0
34  23  45  0
-2  23  -32  0
5  -45  1  0
49  -3  -75  0
-7  -76  -73  0
30  -5  -2  0
-2  -17  -74  0
47  66  44  0
-17  -68  -67  0
-41  -36  -35  0
-18  31  -19  0
26  68  62  0
-10  77  -13  0
5  50  -63  0
51  46  13  0
66  -76  -36  0
-35  -28  -24  0
-16  2  -30  0
60  59  -23  0
37  -28  -68  0
10  70  29  0
-14  -54  -29  0
-57  -49  52  0
59  -65  29  0
33  -41  54  0
-9  65  -7  0
26  57  71  0
18  -64  7  0
54  -75  -58  0
69  -41  -60  0
2  -54  -36  0
15  -58  -25  0
-59  -45  -27  0
-15  -53  -71  0
20  -55  -36  0
78  -80  -10  0
52  -37  -77  0
-40  55  62  0
44  76  45  0
-50  -76  -68  0
37  17  78  0
-36  57  15  0
-52  18  77  0
-72  -76  42  0
-40  -29  -7  0
-23  10  76  0
-35  -16  34  0
64  17  -5  0
-50  -30  -48  0
-57  9  47  0
68  45  40  0
-41  -70  34  0
-69  13  26  0
26  -53  -62  0
-75  -66  -19  0
75  -59  -73  0
-53  73  49  0
70  79  -1  0
9  -42  61  0
-78  -34  20  0
-33  52  37  0
49  66  -71  0
-47  -34  42  0
-29  -44  65  0
76  7  5  0
-26  -24  -20  0
38  -20  -64  0
39  -70  46  0
15  75  -11  0
-20  -47  35  0
-37  -50  -30  0
-68  60  -79  0
-13  43  -24  0
-24  -56  -42  0
-60  -48  -38  0
-44  -57  -49  0
-4  65  41  0
63  -65  71  0
-22  -79  -54  0
45  40  -61  0
-75  -48  6  0
-51  -44  -74  0
-38  -65  -72  0
61  -67  45  0
-23  -64  41  0
56  31  -50  0
-35  -24  -79  0
-45  39  -25  0
-5  -64  -9  0
-71  27  -13  0
-49  53  -8  0
-28  -2  -20  0
-14  54  -39  0
-27  73  5  0
27  5  53  0
-18  73  78  0
-65  -44  36  0
-63  -53  27  0
15  -50  -41  0
-31  -65  -47  0
-31  68  8  0
75  39  68  0
44  77  18  0
41  8  -51  0
-80  9  13  0
-35  22  15  0
50  -7  -43  0
-1  64  8  0
66  35  52  0
13  -26  33  0
79  -26  6  0
67  -19  1  0
58  -69  3  0
68  2  -50  0
59  36  71  0
-68  57  -78  0
-15  74  69  0
30  -72  -61  0
38  -29  43  0
-61  46  -67  0
-56  37  48  0
-9  17  38  0
-66  -8  -69  0
47  44  -4  0
-20  61  -3  0
-61  -10  -14  0
-72  -71  -37  0
-38  75  80  0
-8  -54  66  0
75  -56  35  0
-20  40  -10  0
-20  -30  14  0
56  -28  -43  0
-53  -27  -78  0
43  65  -61  0
60  -12  64  0
38  63  14  0
-79  31  -65  0
-37  22  -6  0
-46  38  12  0
-11  44  -37  0
-78  34  44  0
-44  62  49  0
44  -77  -38  0
-79  -49  6  0
29  54  13  0
56  -16  33  0
46  -19  21  0
-60  44  24  0
-12  -46  64  0
68  23  -57  0
-27  6  -5  0
-43  20  56  0
9  -66  29  0
-5  56  64  0
26  -6  63  0
-14  -53  -41  0
1  60  62  0
49  20  1  0
72  -34  -26  0
74  45  -10  0
60  -45  -49  0
-73  -30  65  0
50  -71  -38  0
-16  36  49  0
-21  9  33  0
13  -20  -54  0
-19  -79  -72  0
-10  72  17  0
-5  72  -52  0
29  -53  4  0
77  33  31  0
-29  -73  80  0
18  65  33  0
36  71  77  0
67  -7  -80  0
5  -2  10  0
-76  -33  32  0
56  -61  78  0
29  -25  -9  0
-71  -66  73  0
29  31  -14  0
-35  61  -59  0
-52  -20  60  0
15  -51  -71  0
-68  -52  14  0
-36  -27  -7  0
-68  -57  -33  0
-57  -10  16  0
-70  -41  23  0
80  63  64  0
