c mkcnf random cnf with seed 435515, max clause length 3
c FORCED SATISFIABLE
c 
p cnf 80  344
4  23  42  0
-57  -36  69  0
-41  31  28  0
17  -15  -77  0
31  -56  -37  0
-74  6  -52  0
-77  -21  -2  0
-71  76  48  0
10  -61  3  0
52  21  80  0
-5  31  -47  0
-28  24  37  0
-8  59  11  0
15  59  16  0
-42  -2  15  0
63  28  -78  0
77  41  34  0
3  -61  69  0
-18  -74  -16  0
10  -28  69  0
63  -51  -55  0
28  65  41  0
-27  -76  24  0
28  -35  -1  0
44  36  3  0
-6  3  -60  0
22  -29  60  0
-13  57  4  0
-25  14  -48  0
27  68  46  0
-49  21  62  0
-50  -24  -56  0
-8  -76  77  0
-33  -45  -6  0
65  -72  -41  0
62  -47  -70  0
56  25  -17  0
-36  73  14  0
46  -4  -59  0
59  -47  -54  0
-66  -73  -75  0
9  -52  21  0
-30  51  -36  0
15  -10  44  0
12  -36  29  0
44  29  -13  0
-65  -40  -7  0
27  -11  8  0
20  -26  31  0
13  31  -20  0
-23  -30  -48  0
-33  14  -61  0
11  23  54  0
47  -77  65  0
-34  19  6  0
45  -68  4  0
-59  -28  31  0
24  55  -44  0
-36  -64  -17  0
-12  57  38  0
33  12  47  0
-33  59  47  0
68  -75  -72  0
-78  58  49  0
-73  4  -39  0
-43  1  61  0
63  53  52  0
-40  -37  10  0
-44  22  31  0
-44  33  5  0
20  -28  9  0
-53  27  26  0
12  -4  -39  0
-66  -40  63  0
-37  -7  1  0
-78  49  -9  0
71  -63  -24  0
-71  -38  8  0
-78  73  5  0
79  -71  56  0
30  -47  61  0
-53  26  -43  0
18  23  60  0
79  -1  23  0
70  -2  -50  0
-29  20  73  0
59  -19  -41  0
72  39  70  0
-23  13  30  0
34  -33  -78  0
40  -62  34  0
-12  47  4  0
-73  -64  -39  0
-60  -40  -13  0
9  28  -70  0
-72  17  -10  0
35  79  58  0
69  -9  63  0
76  56  30  0
57  -79  -55  0
-69  18  10  0
-56  -80  -74  0
-38  59  37  0
-34  -17  -46  0
-43  -16  34  0
-66  61  -28  0
53  48  -49  0
-33  -74  13  0
26  -36  62  0
70  -63  -64  0
61  75  -60  0
59  46  55  0
76  18  -16  0
13  -71  30  0
7  -71  -43  0
64  -51  -18  0
73  -64  -9  0
35  -22  -79  0
80  -52  -14  0
-5  -14  -4  0
-43  -28  -63  0
-33  27  -4  0
-30  -66  49  0
-2  8  -12  0
4  -10  50  0
-16  -17  22  0
77  -9  -39  0
20  -16  17  0
56  -38  -68  0
72  -4  -79  0
-68  53  -62  0
-15  19  -77  0
-30  7  38  0
-70  29  39  0
45  18  11  0
-25  11  -51  0
-12  -10  42  0
63  -11  -73  0
17  -32  -58  0
38  23  66  0
-80  36  -72  0
75  33  -64  0
64  60  71  0
2  -42  -29  0
16  22  -10  0
25  9  49  0
43  -44  -36  0
30  -75  77  0
56  -68  -48  0
26  42  3  0
62  61  -51  0
36  -53  54  0
-30  9  -38  0
-38  -14  -49  0
-31  -8  -44  0
-25  -28  -29  0
-28  -46  69  0
-57  -9  22  0
74  10  -53  0
-53  -62  -79  0
5  -55  14  0
60  -42  -18  0
3  -46  -36  0
59  -25  69  0
-28  40  -18  0
56  74  -1  0
-5  30  6  0
-24  -38  -61  0
-58  -20  -31  0
8  43  39  0
-71  13  -8  0
-59  -30  10  0
-33  -38  -29  0
79  -47  45  0
31  34  -40  0
-7  17  -16  0
15  48  71  0
-15  20  -44  0
11  2  -34  0
-32  -12  -56  0
13  53  -64  0
26  -10  20  0
60  -27  -15  0
44  -56  78  0
3  17  -4  0
9  -14  26  0
-64  -1  -2  0
-38  -75  -12  0
-46  -74  69  0
-32  -9  3  0
-39  -17  -68  0
-51  -69  2  0
35  -43  26  0
31  47  19  0
-13  56  47  0
1  -26  45  0
-11  -36  -14  0
-71  24  -39  0
-49  69  -16  0
69  8  73  0
-26  -80  11  0
55  -68  9  0
65  -30  77  0
-55  36  31  0
3  -70  -60  0
1  64  47  0
-36  -39  20  0
-14  15  -12  0
-18  73  -33  0
80  -29  -14  0
76  -53  -79  0
-62  -2  -64  0
-53  -60  6  0
-49  55  -46  0
-77  43  3  0
-21  5  -72  0
-44  -34  71  0
-13  50  -18  0
63  26  3  0
44  13  65  0
43  -45  53  0
-73  36  38  0
50  -7  -35  0
70  11  17  0
-5  56  -36  0
-9  35  49  0
9  11  34  0
-39  -76  49  0
3  70  -51  0
-28  44  57  0
-50  -47  80  0
-9  -63  60  0
-80  -1  -19  0
18  -14  -75  0
-27  -77  -50  0
4  49  44  0
48  62  51  0
-61  -62  60  0
32  -18  -1  0
17  30  13  0
34  -50  -31  0
-24  62  -40  0
-1  -21  10  0
30  -20  -8  0
11  1  2  0
-67  74  -42  0
65  22  34  0
-14  -19  -54  0
57  59  43  0
78  -60  -59  0
-79  -8  -4  0
61  46  -74  0
-27  -71  20  0
34  21  -68  0
-30  -48  -12  0
-29  58  9  0
3  -28  -57  0
-79  59  -15  0
-58  60  41  0
9  64  -5  0
70  -32  -41  0
69  53  -32  0
42  30  -38  0
-18  11  10  0
-29  -13  62  0
-8  -79  -7  0
11  -16  29  0
35  -38  -47  0
-37  -25  1  0
-48  -43  12  0
-66  -30  77  0
74  -13  -64  0
5  72  11  0
77  -62  52  0
19  27  51  0
11  67  32  0
-9  76  -29  0
-11  19  -79  0
71  -60  -57  0
45  -78  69  0
72  40  18  0
-54  39  36  0
-80  67  -59  0
-32  -3  19  0
23  24  55  0
13  42  12  0
78  -10  -37  0
74  -52  -79  0
42  -64  40  0
-55  -2  -59  0
-80  58  -37  0
4  23  37  0
-67  -72  78  0
65  37  -25  0
-19  34  28  0
-70  23  14  0
-20  -25  -23  0
-15  -67  47  0
-61  -2  44  0
-7  -64  27  0
-5  78  22  0
69  80  -36  0
45  52  -39  0
1  -66  6  0
-46  -51  61  0
-10  -55  39  0
74  -13  2  0
74  18  22  0
23  -44  -79  0
45  -78  -9  0
-80  -79  17  0
49  27  73  0
-7  61  73  0
-7  -58  -28  0
-45  53  68  0
78  -63  -11  0
-56  60  -5  0
-2  -39  -49  0
-55  72  -32  0
2  15  56  0
-73  -19  -69  0
-63  19  -44  0
37  74  47  0
-21  -23  14  0
45  27  -30  0
-48  69  -68  0
-60  -48  76  0
-28  -69  -29  0
-15  -75  -14  0
70  -68  69  0
-71  2  27  0
-61  -69  -25  0
-51  -39  78  0
-80  -22  -49  0
-29  -54  43  0
1  32  -4  0
18  62  -22  0
35  -22  1  0
-17  80  23  0
77  38  65  0
-66  -59  -14  0
70  -69  54  0
-52  70  -49  0
21  -62  -66  0
