c mkcnf random cnf with seed 435532, max clause length 3
c FORCED SATISFIABLE
c 
p cnf 80  344
-44  47  66  0
-6  74  -54  0
-32  77  44  0
-57  49  -77  0
59  -11  41  0
4  77  8  0
46  -5  76  0
-10  21  18  0
59  57  -7  0
-42  47  22  0
51  52  -38  0
-5  53  48  0
49  -6  67  0
-54  75  51  0
-20  -5  -25  0
11  22  -67  0
-5  -14  -39  0
77  -24  74  0
4  73  65  0
52  45  29  0
-79  -15  -27  0
46  69  57  0
26  14  -69  0
16  80  -32  0
-64  17  -14  0
-17  -46  -54  0
25  48  52  0
-35  9  12  0
-21  -43  -29  0
38  73  -66  0
-26  -13  -50  0
-42  -52  23  0
48  23  39  0
-21  19  -34  0
-66  46  57  0
14  -33  8  0
-25  -31  -72  0
63  -50  -54  0
37  -60  -8  0
1  -36  -62  0
44  33  22  0
-48  -53  -50  0
-1  18  -34  0
-36  49  -39  0
-41  -48  79  0
-78  -70  -59  0
-19  45  15  0
13  10  35  0
-25  43  1  0
15  -16  58  0
-9  10  71  0
-30  -33  -72  0
-70  -9  -27  0
-69  18  9  0
-34  -43  -59  0
-66  20  -5  0
-42  -76  -78  0
-48  -55  76  0
2  -6  -63  0
-76  25  -64  0
52  61  -24  0
64  18  76  0
-38  -56  -37  0
56  57  51  0
-6  68  -22  0
15  -51  49  0
-44  38  -9  0
27  -26  25  0
72  -77  -26  0
11  71  -22  0
25  75  -8  0
-59  -53  -16  0
-58  31  12  0
-48  7  35  0
-80  -75  -74  0
-37  66  -49  0
-68  13  9  0
47  22  17  0
-48  -38  -36  0
67  9  14  0
-73  -37  31  0
13  70  49  0
-13  -18  32  0
14  30  -40  0
-50  -28  21  0
1  12  32  0
74  37  26  0
-11  44  -21  0
28  53  27  0
-75  -4  45  0
60  -66  -5  0
-51  73  66  0
-69  38  19  0
-10  -56  48  0
-62  -3  -9  0
66  69  18  0
1  -2  63  0
26  -59  13  0
-70  -32  72  0
-23  64  16  0
75  76  -4  0
32  -28  -73  0
24  71  -49  0
-60  15  -80  0
79  -25  61  0
-40  60  -2  0
27  -50  22  0
65  29  -38  0
32  60  -54  0
18  74  49  0
59  -53  76  0
-40  -75  33  0
41  -20  -57  0
-63  -45  18  0
-63  48  -60  0
-8  -48  -40  0
-24  59  -78  0
3  55  13  0
64  12  70  0
16  49  14  0
-29  74  -16  0
-76  6  70  0
42  -9  36  0
-1  -59  -79  0
-59  67  -78  0
-36  71  29  0
-59  -32  64  0
59  -24  58  0
-1  28  39  0
32  -64  -16  0
14  38  -35  0
38  42  -31  0
-29  -25  -50  0
7  -20  22  0
60  -64  50  0
62  40  17  0
51  -69  -64  0
-5  34  -29  0
-14  61  23  0
-66  63  1  0
67  45  -68  0
68  78  -58  0
-26  -45  10  0
33  23  -10  0
-25  23  -69  0
-52  57  -70  0
14  -76  19  0
-66  -19  67  0
34  -61  -20  0
-45  27  -28  0
-50  -70  -2  0
-58  -72  45  0
58  -10  28  0
-63  -14  -50  0
15  16  -69  0
-73  -69  -37  0
21  52  8  0
7  2  -54  0
-24  1  30  0
-48  56  36  0
57  27  -71  0
-10  27  -18  0
-78  -47  57  0
38  -11  -26  0
-20  56  -6  0
10  -67  -55  0
22  -55  42  0
-45  28  29  0
-58  20  56  0
64  13  1  0
-68  75  48  0
-26  -33  66  0
8  -52  -20  0
61  44  -74  0
51  2  10  0
-26  10  23  0
-47  23  -24  0
34  45  -71  0
-40  -68  -32  0
-56  70  68  0
53  71  -38  0
-47  -23  -7  0
19  46  -76  0
43  55  -28  0
30  1  45  0
46  42  -27  0
12  -75  41  0
-43  35  2  0
-55  -48  38  0
17  49  -29  0
-42  6  3  0
40  -27  -25  0
-8  25  27  0
-30  65  79  0
73  16  -19  0
-16  12  45  0
-41  13  -59  0
64  -28  48  0
-55  -35  4  0
48  50  68  0
47  53  -23  0
66  29  51  0
-11  29  -25  0
-26  -59  -79  0
28  62  78  0
10  57  39  0
38  68  19  0
-37  -35  -55  0
12  -11  61  0
28  -8  66  0
-70  60  -75  0
-69  -56  -62  0
-17  9  4  0
35  -37  2  0
-9  -66  45  0
67  72  10  0
24  -57  53  0
-18  -41  -57  0
-28  -69  -71  0
71  -75  -8  0
54  -57  -71  0
-66  14  19  0
-77  -23  27  0
-49  -72  -79  0
-28  72  -68  0
-57  45  74  0
-63  79  42  0
-55  -22  51  0
42  62  -34  0
21  -13  -17  0
22  -39  45  0
26  80  -35  0
-20  -34  -49  0
-11  67  35  0
-10  -67  78  0
-66  -45  -31  0
10  21  -9  0
54  -55  8  0
11  -39  10  0
68  -39  36  0
-36  -40  -28  0
65  -71  -18  0
-30  -40  56  0
-20  -40  62  0
63  -54  26  0
-44  -63  -34  0
4  -10  -15  0
-59  18  -46  0
72  2  47  0
-40  46  -73  0
-49  23  62  0
72  -76  75  0
80  -30  -50  0
78  -59  -71  0
48  30  59  0
-8  -53  78  0
-37  -27  78  0
-54  14  -25  0
27  -23  5  0
61  39  67  0
-48  43  22  0
78  74  -58  0
37  19  -63  0
-41  -36  11  0
62  23  -44  0
39  -13  53  0
19  -33  13  0
36  -45  -34  0
-71  -40  60  0
-26  -15  -19  0
50  -4  -2  0
48  21  -77  0
25  67  -51  0
36  27  68  0
-63  17  -78  0
1  -25  -48  0
52  9  72  0
-78  -11  -61  0
37  44  -70  0
24  -18  22  0
-68  -42  49  0
-57  52  34  0
-37  51  12  0
-26  -31  1  0
-61  -13  54  0
18  -74  23  0
-47  -31  68  0
-49  25  -66  0
-44  54  -53  0
22  -56  -59  0
17  -34  -16  0
23  -50  -56  0
60  80  -8  0
63  44  -71  0
79  -5  -47  0
59  -49  -7  0
57  24  40  0
75  57  26  0
24  39  -8  0
9  19  -21  0
40  73  69  0
-48  -29  20  0
17  -76  -41  0
-17  74  27  0
8  -73  -66  0
33  -71  66  0
-50  -13  19  0
63  -49  41  0
-6  3  32  0
-32  37  18  0
-72  18  47  0
-62  -30  20  0
4  26  -60  0
-52  48  30  0
-20  13  -54  0
67  65  -13  0
76  20  47  0
69  46  34  0
21  -12  -38  0
-73  -20  -51  0
-13  -27  77  0
27  18  31  0
4  62  -36  0
64  -52  7  0
-72  6  -40  0
-9  -45  -37  0
-52  62  39  0
-4  30  33  0
-22  -15  -8  0
57  -37  62  0
58  -77  -10  0
-4  1  -14  0
26  -69  -15  0
46  -25  11  0
-48  -56  28  0
61  -70  -25  0
45  62  -29  0
64  68  32  0
-39  -16  80  0
13  -65  -11  0
-12  -30  31  0
11  46  38  0
-60  22  -56  0
55  -6  -79  0
