c mkcnf random cnf with seed 435524, max clause length 3
c FORCED SATISFIABLE
c 
p cnf 80  344
-20  -50  31  0
46  -1  -11  0
-29  11  -65  0
40  69  -49  0
-43  -19  -18  0
39  70  71  0
25  55  -45  0
-75  -50  -52  0
36  69  75  0
-35  -36  80  0
-62  59  60  0
-44  61  -39  0
63  -38  68  0
-70  46  -59  0
80  -46  63  0
-63  13  -46  0
-17  56  -36  0
5  -79  73  0
-59  -31  -9  0
80  52  -30  0
-39  17  18  0
-56  -62  -31  0
-69  4  -28  0
3  4  34  0
70  58  56  0
-59  -64  61  0
18  5  -26  0
-51  -56  -55  0
-79  43  45  0
-78  -45  71  0
73  40  21  0
24  -67  75  0
-70  7  -14  0
-76  11  -66  0
15  -32  -80  0
45  53  -72  0
38  -2  -37  0
46  24  31  0
40  -60  -32  0
60  68  -38  0
-28  -3  73  0
-17  -39  37  0
7  30  57  0
-78  -58  -25  0
47  -11  52  0
-47  -5  -64  0
-74  78  -26  0
72  -34  -38  0
28  -71  58  0
-74  -43  -60  0
63  -43  -59  0
78  -50  22  0
41  -33  -74  0
-5  67  37  0
55  75  -7  0
17  -74  -49  0
6  -77  -34  0
-70  -66  -30  0
-22  -4  -70  0
-7  -69  79  0
55  -7  20  0
80  -43  78  0
4  -57  -41  0
-25  55  80  0
3  -64  31  0
-29  76  69  0
-42  72  59  0
26  43  -15  0
-33  28  27  0
-9  -65  -19  0
31  44  30  0
-13  5  39  0
67  57  27  0
-19  -77  -7  0
-31  6  -22  0
38  -7  41  0
25  -63  33  0
39  14  -11  0
46  -55  -54  0
-37  70  68  0
-63  48  -76  0
-11  71  -32  0
54  -38  43  0
-73  -10  -7  0
-23  -4  -9  0
18  -17  -14  0
-9  -15  -26  0
-47  -46  -40  0
41  -71  59  0
14  -60  -36  0
-71  -41  78  0
80  -24  78  0
-75  34  -66  0
47  -13  -7  0
-63  -42  29  0
-51  3  7  0
15  70  -32  0
-36  22  -58  0
74  -18  -9  0
29  -16  -18  0
-74  -76  23  0
45  54  41  0
-79  60  -15  0
-49  43  -42  0
-42  -68  30  0
-19  -21  51  0
-27  -61  28  0
45  51  38  0
-18  -60  -5  0
-76  70  -20  0
68  32  -63  0
21  45  -28  0
-80  -69  18  0
-73  -68  8  0
78  46  -34  0
-63  -49  66  0
-69  48  35  0
77  16  30  0
11  -73  -9  0
-72  -7  -57  0
15  -45  73  0
17  -18  -49  0
26  34  -24  0
34  70  60  0
-15  44  -10  0
66  9  21  0
22  -76  14  0
-75  -43  12  0
7  -10  -36  0
-45  -42  14  0
-35  64  -49  0
62  2  -53  0
-38  -30  -53  0
-34  17  -66  0
52  -9  78  0
67  -1  -27  0
-43  -20  59  0
-52  5  34  0
13  5  32  0
-6  71  27  0
1  -17  -40  0
-66  -7  -63  0
22  4  17  0
-66  26  17  0
-27  69  -67  0
43  55  36  0
-26  6  46  0
-28  13  12  0
-19  49  23  0
17  -25  -20  0
24  -76  -42  0
-2  57  -64  0
55  -77  57  0
-80  -45  16  0
6  -64  49  0
-75  56  11  0
12  -71  5  0
-62  65  15  0
-18  24  -46  0
48  23  -59  0
79  -80  -4  0
-33  36  4  0
-11  56  -13  0
21  10  8  0
77  -26  -22  0
-72  62  -47  0
1  8  -37  0
-21  -50  3  0
41  -54  10  0
-17  21  -36  0
17  69  -8  0
3  -43  13  0
-24  35  -57  0
73  39  16  0
79  -28  45  0
46  17  -43  0
-78  17  3  0
-44  53  75  0
39  40  -3  0
8  15  4  0
-25  71  -18  0
43  26  39  0
10  49  -66  0
1  35  -4  0
-36  -63  -54  0
-23  36  72  0
62  -20  -34  0
2  79  24  0
47  -23  -15  0
-33  32  31  0
-52  42  -51  0
-10  48  65  0
77  8  36  0
-11  -73  -49  0
-24  53  -66  0
80  70  66  0
41  -28  -80  0
-49  67  50  0
49  -50  46  0
12  -4  -51  0
20  -52  -9  0
-34  -4  -33  0
-55  32  -25  0
77  58  10  0
-48  55  78  0
54  -66  -70  0
6  -46  -14  0
-26  45  -16  0
-5  40  39  0
-76  -2  24  0
-59  10  -79  0
54  58  52  0
-55  58  -21  0
37  38  -20  0
69  -33  21  0
62  -67  70  0
76  -37  20  0
19  62  -20  0
49  52  -54  0
70  34  7  0
-78  49  47  0
-57  58  63  0
76  -6  -15  0
75  -54  -19  0
42  -50  2  0
74  72  79  0
24  8  -42  0
45  24  -21  0
49  -53  38  0
-22  -37  49  0
-52  62  -14  0
5  50  79  0
-7  -13  -80  0
45  -26  36  0
-26  -75  -77  0
-54  -64  -33  0
-34  -25  -19  0
56  -54  24  0
-20  -11  16  0
-37  -75  60  0
-63  -15  -64  0
20  2  76  0
53  -8  27  0
-57  65  -5  0
-61  3  69  0
63  13  -17  0
3  -53  24  0
32  29  -70  0
6  -66  -33  0
33  58  53  0
60  27  -65  0
45  20  63  0
-57  15  -9  0
-31  69  -43  0
48  68  -20  0
-16  73  42  0
-19  33  -74  0
-27  77  -46  0
80  58  -76  0
-3  -62  21  0
35  -69  77  0
71  -53  56  0
49  -14  47  0
9  29  77  0
22  -2  79  0
14  -24  -57  0
-19  -78  79  0
-6  31  24  0
-53  -49  41  0
-16  -44  54  0
-61  -62  -28  0
-54  -43  -33  0
58  70  79  0
-9  -3  68  0
52  -16  74  0
55  61  18  0
67  14  58  0
-5  -73  -65  0
21  13  -1  0
50  13  61  0
-22  -7  -23  0
3  8  52  0
-3  -71  22  0
-4  -60  38  0
20  -33  -56  0
-25  5  40  0
-45  14  60  0
60  38  55  0
21  55  -67  0
-55  -45  77  0
-61  -18  -7  0
-51  33  79  0
-45  -17  -79  0
-70  18  76  0
-22  5  73  0
-65  -53  -69  0
-62  51  -68  0
10  -12  -70  0
65  -5  -10  0
-62  -60  -20  0
-77  -5  -6  0
18  61  -60  0
9  67  -16  0
-28  -3  44  0
-78  12  41  0
-61  73  -7  0
-68  -55  57  0
74  54  56  0
-57  37  8  0
27  80  -40  0
28  43  -21  0
28  59  -33  0
77  48  23  0
68  3  58  0
-55  -35  -30  0
-48  20  -79  0
13  -43  -21  0
38  -66  -45  0
66  -67  50  0
74  -68  52  0
-79  -70  60  0
27  77  -63  0
-50  19  44  0
43  62  38  0
-32  6  5  0
31  33  8  0
-38  -31  -33  0
-71  -29  64  0
-79  -28  76  0
39  35  -52  0
79  27  -59  0
-4  -3  31  0
35  8  65  0
-5  21  -36  0
-33  -39  -72  0
1  59  -17  0
17  58  -65  0
-38  40  -44  0
53  15  -1  0
-46  12  73  0
-74  -47  72  0
-79  19  -30  0
16  -51  -21  0
-76  2  -23  0
