c mkcnf random cnf with seed 435590, max clause length 3
c FORCED SATISFIABLE
c 
p cnf 80  344
36  -6  59  0
-8  -50  -73  0
22  2  -77  0
-26  10  -46  0
75  -31  61  0
-7  -59  -22  0
-68  72  -8  0
-36  77  -59  0
20  -54  57  0
-47  66  39  0
-55  -24  25  0
-56  28  27  0
10  -29  -2  0
67  73  36  0
61  37  -57  0
-39  -73  72  0
15  -3  49  0
48  -53  -51  0
10  27  22  0
-28  7  -1  0
-9  34  -48  0
4  26  73  0
44  -13  -78  0
74  -23  4  0
22  -49  -20  0
64  -32  -7  0
-78  -68  66  0
-6  -4  5  0
-55  18  -78  0
4  56  -23  0
10  44  36  0
-14  3  27  0
-79  47  -1  0
11  -54  -32  0
73  -13  49  0
-14  61  55  0
-79  59  -1  0
-79  6  -53  0
-32  78  52  0
-30  33  -11  0
-65  16  -80  0
-49  72  -61  0
61  76  -12  0
-37  -67  72  0
5  70  14  0
-62  -5  -25  0
-8  -34  -28  0
-16  28  31  0
-44  -50  -70  0
-76  -71  80  0
-24  32  3  0
-11  19  55  0
27  -15  -5  0
77  41  29  0
-17  -45  65  0
-19  -18  -29  0
50  -52  -22  0
-53  -23  -18  0
63  54  31  0
-67  50  -74  0
55  -32  -67  0
-51  43  72  0
15  59  57  0
2  -3  -51  0
53  42  4  0
67  3  -2  0
7  -1  -13  0
-19  52  -51  0
70  24  23  0
50  59  23  0
-46  -30  65  0
75  -28  4  0
-27  2  -74  0
49  -30  36  0
38  10  -23  0
49  69  12  0
-38  54  15  0
66  53  -48  0
67  -37  77  0
24  -2  -30  0
-19  -39  48  0
64  -69  -22  0
-46  -73  52  0
-17  -38  -23  0
24  -8  21  0
-33  -21  19  0
-19  30  -50  0
-40  41  -10  0
30  36  20  0
8  29  -64  0
75  4  77  0
41  63  -5  0
17  79  -67  0
-25  -80  32  0
67  55  -43  0
-32  -14  78  0
5  35  45  0
62  75  -1  0
75  -61  -38  0
-10  -61  -54  0
1  51  -58  0
-30  2  -20  0
-61  67  35  0
-52  12  -51  0
-56  -20  26  0
75  -9  -24  0
2  -27  -68  0
74  -45  -71  0
-16  26  -68  0
78  6  9  0
5  8  -33  0
23  32  57  0
-13  -71  78  0
74  77  55  0
-77  -37  -78  0
-21  57  70  0
-72  -14  -7  0
-22  66  -41  0
-25  1  12  0
56  -41  44  0
3  -41  -71  0
10  8  -34  0
43  34  1  0
57  41  33  0
-16  -49  -26  0
52  -28  25  0
38  -14  54  0
15  -46  52  0
-25  -29  -67  0
-19  -23  34  0
29  -51  -67  0
31  -67  3  0
34  -11  46  0
21  -74  -55  0
-15  21  -18  0
8  -40  -62  0
71  -14  -48  0
-48  -73  -69  0
11  -41  -40  0
17  53  -21  0
-79  -8  -69  0
-11  -40  -34  0
-20  -70  -40  0
46  30  -16  0
41  -36  -75  0
-36  1  40  0
-74  63  -14  0
46  49  -6  0
-33  -2  79  0
-45  -74  34  0
30  71  -75  0
22  -30  70  0
-17  -9  78  0
50  -19  -61  0
40  59  -21  0
-2  -55  -43  0
-57  -44  5  0
8  23  50  0
44  -45  -19  0
-71  -66  16  0
-46  -4  -22  0
75  -56  62  0
-57  -64  29  0
-55  45  -40  0
-12  62  27  0
-21  55  -12  0
-74  35  13  0
-68  80  54  0
-5  -33  -17  0
71  50  12  0
56  33  -28  0
18  -2  -35  0
-23  -22  -14  0
-69  -41  -72  0
-24  -79  19  0
46  -62  -11  0
31  56  65  0
-11  74  67  0
19  69  -13  0
-19  58  -70  0
80  73  61  0
34  40  78  0
-21  30  75  0
-30  53  -44  0
-74  -23  3  0
-45  52  28  0
-38  7  -10  0
2  59  37  0
35  29  -80  0
73  -71  79  0
64  29  3  0
-67  -38  71  0
-75  5  -49  0
6  -71  -75  0
-13  -57  15  0
-44  23  22  0
33  16  69  0
-1  39  50  0
44  -71  78  0
67  -7  48  0
-23  25  -28  0
36  -19  73  0
-8  -15  -72  0
23  55  -14  0
-36  80  -52  0
-4  -21  77  0
65  -61  80  0
4  48  40  0
31  14  68  0
31  -47  13  0
54  27  -62  0
17  -59  -1  0
27  39  -56  0
-19  59  -28  0
-50  68  -80  0
-40  74  -5  0
78  -13  -65  0
1  48  42  0
-80  -46  71  0
51  -56  -72  0
76  -63  13  0
78  -46  -55  0
-69  41  -25  0
-63  -77  -45  0
5  -41  -46  0
15  26  -20  0
1  -60  -25  0
-36  -64  66  0
-62  34  -3  0
75  41  80  0
-12  -67  -73  0
8  2  36  0
13  -51  -26  0
71  55  24  0
-73  70  48  0
71  21  40  0
16  73  -9  0
-16  4  -74  0
-33  -77  -55  0
-7  -74  -33  0
-60  -2  -50  0
38  25  49  0
-79  62  58  0
-80  -32  -5  0
39  80  35  0
-62  24  -13  0
6  65  -74  0
30  -15  -5  0
-62  7  75  0
-2  43  23  0
-47  56  -54  0
6  71  -41  0
20  -76  57  0
-79  -16  -3  0
41  70  -16  0
-76  -39  54  0
79  46  39  0
76  59  5  0
2  55  -30  0
46  -70  -77  0
75  -54  6  0
10  48  52  0
75  -26  17  0
-72  3  47  0
57  44  -23  0
-60  -79  -32  0
27  14  -37  0
-38  -67  -18  0
-60  4  -50  0
36  -8  5  0
-48  -74  -29  0
-46  -36  44  0
-43  50  -64  0
9  -39  8  0
63  -29  -1  0
-22  -77  4  0
-68  -9  67  0
-57  -32  -53  0
7  11  24  0
47  48  -34  0
-32  42  58  0
-79  3  46  0
-11  26  75  0
69  -27  31  0
-17  78  73  0
-19  37  18  0
28  -57  53  0
-80  -7  -26  0
-14  17  19  0
37  -27  55  0
-22  -56  -6  0
-72  -76  13  0
55  36  -63  0
56  -31  -3  0
11  -47  3  0
-77  38  -33  0
17  7  76  0
8  -79  25  0
67  -62  6  0
28  -71  54  0
74  80  3  0
3  9  -27  0
19  46  76  0
-49  19  -58  0
-41  45  19  0
71  -5  -30  0
-6  -23  22  0
-39  15  72  0
-32  78  24  0
-31  8  32  0
13  78  -8  0
-75  -6  27  0
-5  56  36  0
-73  -48  -55  0
1  -50  79  0
50  -69  80  0
-43  51  -63  0
-64  72  49  0
74  -71  38  0
-6  -1  68  0
55  -27  -32  0
-32  -20  39  0
20  -57  19  0
25  -13  -23  0
58  -67  22  0
4  54  -36  0
-72  68  37  0
-20  65  42  0
-47  80  19  0
12  61  -73  0
12  -55  8  0
-21  -37  -15  0
18  2  33  0
6  -60  -67  0
9  19  -7  0
72  -30  26  0
39  -49  -37  0
-72  69  38  0
-2  25  -32  0
76  62  -77  0
-11  -79  48  0
78  -75  36  0
-19  56  75  0
-60  -45  16  0
