c mkcnf random cnf with seed 435526, max clause length 3
c FORCED SATISFIABLE
c 
p cnf 80  344
6  29  -20  0
-44  65  -7  0
29  62  41  0
72  -48  6  0
50  61  -53  0
-23  -65  72  0
-43  -23  17  0
54  56  75  0
-38  -46  61  0
-44  31  -47  0
-12  -54  1  0
66  61  -12  0
34  -47  -13  0
68  36  78  0
5  -80  52  0
48  19  -42  0
66  -15  7  0
3  36  51  0
-55  52  50  0
-39  -51  -25  0
-22  -69  8  0
-28  -33  43  0
14  34  71  0
-35  30  -73  0
-39  22  35  0
5  -34  52  0
4  -67  -61  0
-33  -39  1  0
-32  -43  -30  0
-22  -15  73  0
-57  9  -76  0
49  -31  -8  0
-21  -23  -26  0
-74  -23  -34  0
-48  44  45  0
74  38  -48  0
-3  19  -51  0
20  -4  80  0
-26  -5  69  0
-22  14  -28  0
60  -20  -25  0
-14  -5  -59  0
65  -48  44  0
13  -8  74  0
-7  -2  33  0
-18  -4  -22  0
71  30  36  0
50  -75  -49  0
-12  -72  -28  0
74  -31  32  0
-55  5  -33  0
-21  18  30  0
7  -59  31  0
58  -61  -64  0
-35  -41  68  0
-29  54  -77  0
-38  72  79  0
-8  -43  70  0
-69  1  57  0
-71  3  31  0
-57  42  55  0
-67  25  55  0
-64  -76  18  0
-43  -45  18  0
-40  67  49  0
67  24  62  0
41  -46  18  0
-31  -75  -47  0
-47  5  51  0
-5  -24  22  0
-75  54  -34  0
74  -5  48  0
52  -42  9  0
-35  66  73  0
1  18  -41  0
7  -44  -5  0
56  -67  35  0
-48  -15  50  0
-78  28  -71  0
69  -43  10  0
47  -65  36  0
-63  -76  -13  0
23  47  64  0
36  -14  23  0
12  73  36  0
-45  -5  65  0
-51  -6  40  0
-60  -41  8  0
77  37  -11  0
-80  -77  -45  0
-31  29  21  0
52  -23  -67  0
19  -24  -46  0
-14  54  61  0
-27  50  -51  0
73  50  13  0
-5  -80  -9  0
-7  -39  -27  0
-49  -26  76  0
17  49  -25  0
-33  35  -38  0
20  63  78  0
-54  -7  -19  0
-3  -29  -56  0
24  -66  -42  0
-12  -51  -13  0
-15  75  26  0
62  -57  -70  0
-63  -4  -47  0
-68  11  -16  0
70  50  -55  0
-64  2  79  0
-28  57  21  0
36  -65  -75  0
-76  -20  -54  0
5  -30  -54  0
-28  -14  -20  0
56  12  31  0
-8  -71  56  0
44  13  71  0
-26  -8  -61  0
22  -34  73  0
-66  -30  39  0
-78  -71  26  0
-59  25  -33  0
53  -57  -80  0
-26  69  -18  0
12  -62  -78  0
46  -59  -24  0
24  -1  52  0
25  -53  -44  0
10  69  -65  0
-58  48  59  0
-36  67  -20  0
-1  -48  52  0
-19  -27  -69  0
6  24  -51  0
-77  58  -71  0
26  29  49  0
-71  -37  -52  0
45  25  -33  0
25  -12  -33  0
-31  -58  -5  0
-3  -41  -42  0
9  1  -2  0
52  -39  -78  0
31  69  47  0
-24  -19  -67  0
38  4  53  0
5  62  41  0
58  -40  20  0
-54  71  -59  0
16  -73  23  0
58  -80  12  0
38  56  36  0
12  -39  34  0
-19  75  -7  0
77  -22  1  0
-60  -80  -24  0
-72  23  -60  0
74  -79  26  0
-73  69  53  0
-23  -79  19  0
-23  9  -60  0
69  -64  -68  0
73  -49  75  0
-64  -41  -1  0
20  26  -8  0
33  -51  -59  0
-19  -2  -5  0
25  -36  80  0
-17  -28  52  0
-47  -68  -12  0
-72  -31  6  0
-80  -31  -73  0
-66  14  41  0
-52  -73  -48  0
28  36  -74  0
-42  -32  74  0
-8  16  -25  0
37  41  -1  0
65  75  -38  0
-22  56  -25  0
58  52  20  0
44  70  68  0
20  44  40  0
51  -57  44  0
40  21  64  0
-47  -73  -34  0
-12  38  37  0
45  59  -27  0
-62  10  -39  0
38  -69  -33  0
-25  10  11  0
-33  19  45  0
-76  -22  5  0
41  -69  -14  0
30  -69  -24  0
27  -17  -9  0
-51  61  -26  0
-16  17  5  0
10  -7  3  0
74  48  4  0
-15  -72  27  0
-74  75  -32  0
-49  -18  73  0
-61  69  8  0
6  20  53  0
-10  53  75  0
-21  -16  47  0
80  1  -58  0
-57  16  35  0
53  -61  58  0
-69  36  35  0
55  58  -63  0
49  3  69  0
-4  44  31  0
-80  -72  -28  0
-23  -46  -5  0
30  1  -57  0
41  -29  39  0
11  14  80  0
29  65  -39  0
-2  44  13  0
-29  -6  -80  0
37  13  -64  0
6  69  33  0
-42  -46  30  0
70  6  15  0
-29  49  -5  0
56  -33  57  0
45  20  -68  0
57  -14  13  0
-66  21  10  0
34  60  -33  0
-4  5  -79  0
-30  56  -39  0
-6  -14  65  0
-51  54  -50  0
63  -49  -54  0
-67  68  -3  0
62  27  77  0
-26  69  -62  0
78  -69  33  0
-2  9  -33  0
-8  46  15  0
-68  -43  -61  0
-32  59  -2  0
2  -57  -65  0
-55  48  6  0
-52  79  -46  0
15  -59  -78  0
26  8  -75  0
-80  -79  68  0
44  3  -16  0
32  48  -59  0
78  22  4  0
17  -78  -11  0
-37  39  -80  0
3  -53  26  0
-79  -68  -17  0
79  50  -78  0
-19  -67  20  0
-25  13  39  0
19  32  -21  0
32  75  14  0
-49  52  -23  0
-31  68  56  0
64  -40  37  0
8  -71  -4  0
-38  -27  -58  0
-69  70  -74  0
50  -16  39  0
-36  -58  -51  0
-73  -15  -40  0
43  -8  -33  0
29  41  62  0
-23  -54  30  0
10  16  -78  0
48  -25  58  0
-73  77  -72  0
68  42  50  0
38  32  -45  0
18  35  44  0
-67  65  50  0
61  20  74  0
-59  76  -48  0
59  50  -16  0
-4  -5  -68  0
-46  -76  -62  0
-15  -71  -5  0
-15  -80  -77  0
-69  -63  65  0
18  -24  -45  0
-77  74  36  0
-62  -31  -25  0
13  67  79  0
22  -7  -26  0
-69  2  34  0
-52  -78  16  0
35  -42  77  0
38  -77  -55  0
-52  38  -73  0
-14  -13  -72  0
-58  -35  -45  0
79  22  16  0
-77  79  -13  0
37  24  -36  0
-10  -48  -50  0
67  -70  -57  0
-17  -74  35  0
58  57  -8  0
60  -44  -73  0
-32  60  3  0
26  57  76  0
30  -5  -38  0
66  -23  9  0
-51  45  -20  0
80  -18  37  0
-52  -73  68  0
-6  -5  55  0
54  -65  80  0
-72  -59  40  0
32  12  -75  0
-68  17  -62  0
-33  -44  -42  0
-78  7  37  0
-7  50  -34  0
-75  -78  -10  0
36  -72  -66  0
69  -53  -21  0
61  5  -60  0
-19  10  13  0
64  3  -59  0
-14  -70  49  0
17  -6  80  0
-67  75  22  0
-66  29  64  0
-71  66  -14  0
-20  28  41  0
8  -41  25  0
-11  -35  -5  0
-47  -63  49  0
-72  -22  47  0
