c mkcnf random cnf with seed 435586, max clause length 3
c FORCED SATISFIABLE
c 
p cnf 80  344
64  -47  -2  0
16  -74  -29  0
-34  -43  -31  0
-60  -61  -25  0
-12  20  25  0
-5  20  46  0
45  32  -62  0
-74  -64  9  0
-76  51  -64  0
-19  -76  9  0
-56  41  47  0
37  72  -36  0
-23  -48  -68  0
-7  -20  53  0
-60  71  -73  0
75  -25  48  0
-59  -38  15  0
38  -12  -8  0
67  14  42  0
-10  -46  31  0
13  42  60  0
62  64  49  0
48  22  -53  0
-20  39  52  0
-60  -62  -23  0
-76  -8  -18  0
-73  -59  50  0
-34  -40  61  0
-75  52  -36  0
48  80  3  0
24  -23  50  0
-12  23  71  0
-33  57  -20  0
78  -53  -44  0
42  36  -31  0
6  62  -9  0
37  -34  -59  0
-66  63  75  0
70  -60  29  0
-4  -77  -76  0
-49  -2  24  0
13  6  -17  0
78  43  -31  0
5  52  68  0
-42  -67  31  0
-15  41  54  0
-14  23  -55  0
80  8  -6  0
69  -23  -61  0
-33  -62  -47  0
29  34  69  0
56  35  -33  0
-14  26  38  0
-34  -11  70  0
-14  -50  60  0
-27  -44  64  0
-61  25  42  0
-29  -47  -40  0
9  -14  46  0
-16  42  30  0
8  -77  -44  0
28  68  21  0
44  34  -21  0
-63  -39  -46  0
-39  -34  62  0
-73  58  6  0
-36  12  -26  0
-78  79  -33  0
-1  -18  74  0
72  8  50  0
-51  17  36  0
31  3  -36  0
15  -50  -26  0
3  -66  -39  0
-22  35  79  0
-12  63  -15  0
-45  38  27  0
-29  13  -31  0
-61  -24  -67  0
-12  -9  79  0
-51  72  -25  0
19  76  14  0
-72  40  -49  0
-46  34  63  0
-7  -59  -46  0
-64  73  51  0
-23  -20  -30  0
-8  19  54  0
75  -34  -17  0
-80  -6  50  0
-35  -15  -78  0
43  -15  60  0
34  31  27  0
23  -45  74  0
-61  -28  12  0
-33  77  -22  0
-39  -25  -16  0
45  28  59  0
-54  13  8  0
46  -17  57  0
-4  34  -10  0
70  66  -28  0
-19  42  -36  0
62  -33  8  0
-53  27  -40  0
58  -2  22  0
42  2  45  0
-38  -18  -9  0
8  71  -39  0
38  11  8  0
6  -64  38  0
72  -64  -77  0
-71  -24  25  0
60  -58  -28  0
-71  -48  62  0
46  21  17  0
14  -28  45  0
-71  63  78  0
-79  -59  40  0
-51  -19  37  0
-53  65  -18  0
48  -3  -75  0
21  -74  -26  0
15  -37  -11  0
26  -11  68  0
25  -40  49  0
12  17  -27  0
-22  51  36  0
-3  -35  -48  0
58  62  55  0
72  26  11  0
53  75  63  0
4  -19  10  0
2  -59  -77  0
6  -23  53  0
41  -26  13  0
-12  -36  -54  0
80  1  -46  0
53  -33  10  0
-34  41  -3  0
-23  13  39  0
4  -28  -37  0
16  -1  32  0
-27  65  -66  0
-18  1  49  0
-28  -29  -30  0
-52  41  -63  0
-21  -27  19  0
-60  39  57  0
-16  43  67  0
21  62  -36  0
-37  -6  18  0
-63  -36  -14  0
4  2  49  0
-71  -50  -28  0
-59  35  50  0
-80  49  71  0
60  1  43  0
-68  49  47  0
14  -13  -18  0
-29  -7  74  0
21  4  29  0
49  -41  43  0
8  -35  5  0
40  78  -24  0
55  65  24  0
-80  -8  58  0
-3  -77  23  0
42  -58  39  0
-77  29  51  0
-80  -27  -76  0
-22  -72  50  0
48  -30  -78  0
21  -48  -14  0
4  21  -45  0
-34  -37  -18  0
8  -75  49  0
-78  60  -19  0
-63  -32  45  0
6  50  -8  0
-37  -67  -33  0
-39  -33  -12  0
20  60  -53  0
-26  -6  55  0
-31  -80  79  0
54  6  -71  0
12  18  37  0
-6  43  -32  0
-73  52  75  0
44  24  9  0
20  14  -52  0
-61  42  -51  0
26  -14  53  0
-2  34  -80  0
-66  -16  -15  0
-76  -43  -5  0
37  70  80  0
15  69  43  0
-67  5  -29  0
20  72  65  0
-49  12  53  0
59  -69  36  0
36  -45  62  0
-34  2  78  0
-19  -22  -54  0
-2  -58  -77  0
-16  46  49  0
-53  -48  -20  0
49  14  -67  0
-8  73  -71  0
-4  -43  19  0
70  14  80  0
31  5  19  0
62  -24  27  0
-76  -52  -71  0
7  -59  15  0
71  72  -24  0
13  -12  15  0
-4  -43  59  0
-29  -17  -20  0
-36  -52  -77  0
72  -6  56  0
49  -55  -46  0
-58  -30  -33  0
-33  26  73  0
-43  -62  29  0
34  58  44  0
-1  -65  -77  0
77  -1  -24  0
42  45  -21  0
5  -4  37  0
2  56  17  0
30  -78  62  0
-39  10  -74  0
-78  -16  2  0
-14  11  -15  0
-20  -24  -40  0
66  -56  -61  0
-32  -53  -8  0
7  67  6  0
15  57  64  0
1  28  -34  0
-70  -35  45  0
73  37  71  0
29  79  41  0
-56  -44  16  0
63  42  -55  0
45  -20  -79  0
76  29  25  0
2  38  -76  0
37  12  -11  0
62  4  52  0
42  -11  73  0
-17  -75  -73  0
30  18  36  0
75  -67  -54  0
58  -66  13  0
-57  -23  -27  0
1  66  -5  0
-13  -51  43  0
7  25  -47  0
-13  5  54  0
-38  -68  -23  0
-77  -24  25  0
52  26  -42  0
-69  -57  71  0
30  -46  -34  0
51  41  -49  0
-65  -12  -34  0
52  -21  -14  0
44  76  -21  0
61  -45  8  0
44  -19  35  0
-43  2  78  0
-10  -38  79  0
78  55  59  0
-18  -44  -62  0
5  50  32  0
18  9  1  0
-7  -23  30  0
-30  71  -52  0
-76  -61  3  0
-45  -15  -69  0
-75  74  65  0
4  73  -67  0
68  23  80  0
-76  36  -80  0
69  -4  56  0
-1  -63  -66  0
24  -27  16  0
-35  -54  72  0
64  73  69  0
2  56  60  0
29  -44  80  0
-33  -52  42  0
18  48  -17  0
-55  -74  33  0
-5  46  63  0
-76  14  -16  0
3  58  80  0
34  -40  43  0
-10  -66  -35  0
-74  -73  -56  0
50  55  36  0
-64  47  49  0
-24  17  -6  0
-16  4  -52  0
-18  11  -70  0
-63  37  -21  0
60  34  -51  0
-75  -58  9  0
-38  -48  80  0
35  -51  22  0
-1  8  61  0
-46  44  69  0
-59  53  -14  0
14  34  62  0
27  -78  -39  0
-25  23  17  0
20  -23  -53  0
-22  63  -45  0
-18  -48  28  0
-61  -40  58  0
15  30  -25  0
10  -56  -23  0
-72  -51  -63  0
80  -25  3  0
50  9  46  0
-58  -57  -46  0
-38  -31  13  0
-68  37  54  0
23  -14  16  0
-65  -6  41  0
-78  68  10  0
35  33  42  0
58  -47  -65  0
-75  -54  -36  0
-54  25  26  0
-51  64  16  0
2  -79  -64  0
56  57  71  0
55  -56  -38  0
40  -19  -39  0
38  -35  3  0
