c mkcnf random cnf with seed 435513, max clause length 3
c FORCED SATISFIABLE
c 
p cnf 80  344
-18  -44  53  0
25  67  -64  0
38  -8  34  0
-15  38  -75  0
-28  49  41  0
-14  28  -75  0
48  26  77  0
71  69  78  0
53  -60  -61  0
32  -23  24  0
37  -43  -55  0
-41  39  -61  0
50  8  -13  0
48  -70  -18  0
-60  -41  9  0
-19  56  26  0
46  -19  9  0
79  -47  42  0
1  57  69  0
34  -55  38  0
78  -69  -42  0
-71  -63  -3  0
19  6  -57  0
8  44  54  0
-57  -46  -10  0
-39  -7  35  0
-26  -15  -6  0
-40  -32  44  0
-74  -46  11  0
49  -73  -75  0
17  64  29  0
-41  -25  19  0
-31  52  -79  0
-57  -63  -44  0
-51  45  39  0
20  47  63  0
-11  -52  8  0
-6  21  -57  0
56  -29  40  0
42  -55  78  0
65  -34  58  0
47  29  34  0
-47  33  -65  0
-62  -52  55  0
80  58  48  0
16  73  -47  0
-36  53  6  0
-27  -12  54  0
74  -39  -66  0
40  -54  2  0
67  18  -15  0
27  75  9  0
41  -33  -21  0
28  -78  -38  0
-44  24  26  0
74  48  66  0
-53  -36  -11  0
60  -2  -73  0
-55  62  -20  0
-60  -1  68  0
8  20  6  0
-6  4  -32  0
-14  45  5  0
29  -10  -8  0
13  3  -24  0
33  -31  5  0
45  -7  6  0
17  53  12  0
-34  -39  53  0
-14  16  31  0
53  -9  -29  0
42  78  -25  0
-18  -70  -72  0
17  65  -73  0
-35  -12  41  0
-45  -5  -27  0
66  -52  -76  0
-11  -60  37  0
-60  43  -51  0
32  16  -13  0
-54  14  67  0
-48  -69  76  0
34  -40  39  0
-38  -51  6  0
-61  -18  -11  0
60  35  59  0
59  34  -64  0
-78  70  44  0
-66  27  -44  0
-50  -72  58  0
48  24  -73  0
51  15  28  0
77  29  28  0
9  -13  30  0
-32  -61  -33  0
-15  62  -16  0
10  -31  75  0
71  -65  50  0
-26  31  -6  0
10  -18  -80  0
53  -26  -48  0
-23  -35  -77  0
-73  -37  50  0
39  -30  80  0
-80  -43  31  0
12  -10  44  0
-9  36  -75  0
-73  -54  74  0
9  17  -22  0
-44  -64  -51  0
15  4  -67  0
-15  -3  -48  0
-24  -40  -59  0
55  -78  -5  0
45  -40  -23  0
9  45  -46  0
-15  41  -7  0
18  41  70  0
47  40  -41  0
30  22  42  0
58  -41  -25  0
-27  -6  -32  0
17  -19  52  0
-78  72  -15  0
-45  11  26  0
55  59  6  0
52  -8  33  0
34  42  9  0
14  32  -24  0
-22  -21  -35  0
6  49  47  0
42  19  2  0
-40  35  3  0
41  33  -28  0
-8  27  12  0
-60  2  46  0
24  -41  -1  0
74  7  -29  0
-65  17  75  0
69  33  61  0
-58  23  63  0
-46  -55  51  0
36  -66  54  0
-60  35  53  0
70  -65  -6  0
18  2  32  0
-13  54  44  0
-74  72  -55  0
78  -22  -52  0
63  1  -77  0
-49  -57  36  0
31  33  21  0
-10  -44  -62  0
8  -56  19  0
-58  7  -52  0
-49  28  -9  0
48  20  13  0
-48  -27  -61  0
74  -68  -17  0
50  69  -25  0
-43  -66  -13  0
38  -15  -40  0
-73  -2  56  0
15  60  -2  0
15  -61  -58  0
-32  42  61  0
-34  -54  35  0
59  -58  18  0
-49  63  64  0
-17  68  55  0
4  -23  -15  0
-72  -41  11  0
42  17  -27  0
32  -23  28  0
47  61  12  0
-32  39  -57  0
67  -43  41  0
33  45  26  0
-5  -48  -68  0
-61  -69  -32  0
-10  -12  -65  0
-14  69  48  0
-13  12  -65  0
56  -13  64  0
68  51  67  0
79  57  12  0
16  -18  11  0
-49  33  10  0
50  -15  21  0
36  15  -60  0
70  34  57  0
56  9  -14  0
30  51  -63  0
-63  -3  77  0
-41  -48  -28  0
-71  61  -64  0
-77  -57  -72  0
47  -51  -80  0
-18  25  -1  0
34  -46  -48  0
-76  45  -56  0
-31  25  33  0
6  77  52  0
5  7  30  0
20  41  21  0
75  38  77  0
39  -9  4  0
29  -51  -41  0
-7  -41  -59  0
-75  66  -48  0
16  26  -52  0
-63  30  -5  0
-38  14  -49  0
-22  73  -51  0
-56  62  -70  0
51  62  27  0
-3  -26  43  0
-61  -14  -31  0
52  -50  63  0
54  -46  3  0
9  37  -33  0
-25  15  10  0
-38  76  -12  0
-60  39  -25  0
-32  -43  -46  0
7  72  20  0
26  -71  52  0
-27  -44  -11  0
41  -71  -40  0
69  -54  62  0
6  50  -79  0
-69  3  -70  0
32  -6  55  0
23  -52  70  0
67  10  6  0
-68  -47  44  0
15  -18  -38  0
-71  62  -9  0
-30  12  -43  0
-49  -15  -4  0
-44  -7  33  0
60  -35  -39  0
-44  -74  23  0
-80  -36  -72  0
80  34  18  0
-41  -69  3  0
58  -44  -50  0
67  -31  12  0
22  -28  -53  0
16  -46  -80  0
42  44  10  0
-25  46  58  0
70  67  -26  0
21  -39  -37  0
-7  38  24  0
-23  26  -42  0
-60  -21  -3  0
40  -29  -16  0
68  41  -46  0
-61  -44  -59  0
-63  -24  18  0
8  5  -47  0
74  17  -25  0
-26  -1  49  0
-34  -58  -80  0
11  56  22  0
-66  25  73  0
12  -5  -70  0
14  29  7  0
60  -40  -9  0
-14  -32  -47  0
-33  62  13  0
75  -38  -25  0
39  57  1  0
-74  -61  -46  0
-2  -8  -24  0
37  42  64  0
-27  -5  41  0
-11  -42  26  0
70  29  -80  0
-16  -53  12  0
-67  -35  38  0
72  -61  -80  0
63  -9  -64  0
32  71  -70  0
19  58  17  0
-19  65  -3  0
60  42  -75  0
-78  34  -26  0
73  65  -64  0
32  30  28  0
75  45  -64  0
9  33  10  0
9  80  -8  0
1  54  44  0
37  -58  78  0
-24  21  37  0
55  21  47  0
-1  -42  -49  0
74  2  -3  0
-34  52  -47  0
-56  17  37  0
71  47  -16  0
-19  21  -6  0
-20  36  -35  0
32  -57  -64  0
-49  -12  60  0
-63  -23  -1  0
-3  -42  75  0
68  -76  -21  0
39  7  34  0
53  35  31  0
-22  76  -64  0
-41  -12  -68  0
76  24  14  0
-68  20  -64  0
8  52  12  0
57  -3  51  0
-67  -49  -5  0
74  -33  23  0
12  3  58  0
-7  32  47  0
-76  -70  64  0
-48  -67  42  0
-6  3  31  0
55  43  -46  0
35  29  -54  0
-28  -73  35  0
-18  -69  29  0
58  -15  77  0
-77  79  75  0
9  -30  31  0
-33  -54  -10  0
40  54  13  0
-12  -62  -6  0
73  76  -8  0
-58  39  31  0
-57  50  64  0
-28  -67  -71  0
64  -55  -34  0
-11  -61  19  0
47  -46  27  0
-68  28  -7  0
-40  71  -37  0
