c mkcnf random cnf with seed 435525, max clause length 3
c FORCED SATISFIABLE
c 
p cnf 80  344
13  -79  66  0
-72  18  60  0
-57  49  -72  0
60  5  42  0
14  1  63  0
65  -49  60  0
71  -30  -48  0
-71  -23  57  0
11  53  -57  0
-36  26  60  0
-37  -64  65  0
39  52  42  0
34  -36  -62  0
73  -3  8  0
-38  -2  -1  0
37  78  53  0
51  -7  28  0
-41  52  -13  0
46  -15  70  0
26  35  -21  0
79  7  56  0
-21  -57  35  0
-46  -15  -27  0
-76  12  45  0
-21  -58  75  0
-67  -42  -73  0
61  35  6  0
77  3  9  0
33  6  -5  0
2  36  59  0
-62  -1  12  0
16  -69  -50  0
-48  -52  -62  0
26  49  16  0
-71  -3  -67  0
-71  32  78  0
-71  -64  43  0
-32  -69  58  0
50  64  -9  0
-56  -57  73  0
40  53  -46  0
-13  -69  37  0
32  -39  34  0
14  -5  -28  0
40  -76  -24  0
-2  -79  -18  0
80  -77  -1  0
6  -54  -65  0
47  21  49  0
46  55  15  0
11  -71  -21  0
37  -17  71  0
54  7  69  0
63  32  57  0
16  65  44  0
6  -19  -14  0
-16  -7  79  0
-22  -67  -10  0
71  9  -43  0
17  31  -41  0
-42  79  9  0
-47  8  66  0
-2  4  -53  0
-25  -23  -17  0
-77  37  -6  0
-79  -32  -51  0
-38  21  -80  0
-71  34  -28  0
42  -70  -40  0
5  57  48  0
55  -4  -76  0
34  71  39  0
-80  21  1  0
66  -78  -13  0
18  54  -51  0
44  2  -23  0
-64  36  -26  0
73  -69  -48  0
43  -27  55  0
-1  49  35  0
65  -56  -72  0
-6  -63  -66  0
23  61  -24  0
-73  -1  51  0
-75  40  47  0
-33  37  3  0
-27  11  -79  0
24  -49  68  0
29  45  -7  0
-58  49  54  0
44  -17  61  0
73  -62  26  0
-65  75  -69  0
1  -39  -34  0
24  39  -74  0
26  12  59  0
-38  53  54  0
49  44  -60  0
-36  -56  -53  0
1  76  -41  0
4  -42  65  0
-7  -54  -44  0
67  40  -8  0
65  55  -61  0
-78  -5  29  0
63  -31  73  0
60  -7  11  0
26  12  -41  0
41  -71  2  0
63  -20  12  0
28  -14  -2  0
-55  -4  -80  0
62  46  9  0
21  -18  32  0
-48  27  25  0
10  19  15  0
59  -15  19  0
-6  -33  -49  0
-48  19  69  0
2  77  42  0
47  -23  37  0
-6  -48  -4  0
69  -55  -5  0
67  23  77  0
13  -61  -10  0
10  -47  -48  0
56  22  -67  0
65  30  47  0
36  -44  -3  0
-6  -44  -66  0
-68  -9  -7  0
70  60  -42  0
28  -17  -16  0
19  -62  27  0
-50  -11  49  0
-17  -25  -50  0
-76  5  47  0
-63  -28  73  0
-45  70  50  0
64  31  5  0
-67  3  -4  0
18  62  49  0
-72  -14  -78  0
-36  -67  54  0
76  -73  46  0
-18  4  70  0
24  19  -30  0
8  58  -54  0
-31  42  16  0
3  54  -46  0
-73  -2  22  0
54  64  23  0
-6  12  43  0
59  -51  62  0
-34  -57  3  0
-5  -74  43  0
-25  -23  71  0
-71  -24  -44  0
-70  -49  -32  0
-27  -36  -73  0
-23  -17  61  0
26  -40  28  0
-78  3  71  0
-41  20  -1  0
-4  -16  17  0
74  70  -67  0
-80  15  38  0
-69  -51  42  0
43  26  -54  0
-26  36  58  0
14  30  -72  0
55  -34  38  0
26  63  20  0
45  61  30  0
61  -41  -18  0
46  15  76  0
-21  2  37  0
12  53  71  0
-38  -44  40  0
21  41  -17  0
-6  66  -62  0
-39  -65  -8  0
-76  -1  64  0
14  -46  -41  0
66  59  -29  0
-36  -79  -65  0
38  50  -47  0
-20  59  -50  0
11  60  -47  0
16  -15  -28  0
-47  -50  -49  0
41  -63  35  0
-76  32  -41  0
-38  -64  -37  0
-20  -7  43  0
66  -42  -50  0
27  -35  -54  0
-64  21  1  0
-26  -62  3  0
-7  31  -49  0
-67  2  -16  0
75  25  10  0
-54  -32  -14  0
-27  -19  -37  0
-60  -76  29  0
45  -17  -78  0
17  -24  -70  0
67  -80  38  0
-64  78  11  0
-68  30  36  0
32  35  37  0
58  73  -29  0
-37  -11  77  0
7  64  -20  0
29  63  -68  0
-20  48  -2  0
-68  -42  32  0
50  48  73  0
-61  -36  -49  0
74  -6  -68  0
-29  -8  77  0
8  57  -28  0
14  -31  18  0
-31  62  66  0
20  24  74  0
-47  -27  16  0
-26  8  22  0
43  53  -25  0
-37  -36  -78  0
67  -10  -3  0
-72  74  78  0
-71  74  23  0
66  -74  33  0
4  -80  41  0
-44  52  -31  0
31  -61  58  0
27  -35  53  0
-43  -48  63  0
31  -61  -59  0
16  20  -78  0
74  22  63  0
-39  -77  53  0
-72  -1  -27  0
-2  71  19  0
-3  -4  8  0
-57  42  15  0
-26  -20  70  0
-19  -71  -58  0
2  -51  12  0
-65  78  -80  0
-56  12  23  0
29  3  58  0
5  -51  21  0
-17  35  -19  0
31  -71  -62  0
-42  64  -54  0
-40  -61  -15  0
75  72  -59  0
-4  -39  61  0
49  11  60  0
-30  -13  38  0
-13  63  26  0
-62  -10  -73  0
42  43  -80  0
64  -42  6  0
13  27  -60  0
19  53  52  0
-7  36  -30  0
-63  -16  24  0
-33  -3  -32  0
-1  6  3  0
68  20  -53  0
31  -22  -77  0
69  -66  -49  0
-29  64  3  0
20  -41  32  0
18  79  33  0
14  25  72  0
-70  -31  77  0
-8  -30  56  0
75  -60  -65  0
-40  11  19  0
69  -79  -48  0
79  -61  60  0
8  32  58  0
-8  -33  -35  0
-10  -37  -70  0
-18  -63  -76  0
64  45  -43  0
23  65  -29  0
-25  -66  -53  0
28  33  -32  0
53  -33  30  0
53  -20  -25  0
-60  37  22  0
-21  -33  78  0
69  5  -48  0
-58  41  -35  0
-67  -65  79  0
-56  21  5  0
-60  -74  2  0
-52  -50  13  0
-45  -41  9  0
53  -58  -17  0
20  14  40  0
-74  -51  37  0
64  29  27  0
20  58  40  0
74  -56  -14  0
-42  10  40  0
-79  39  26  0
73  -66  30  0
22  -9  61  0
63  8  73  0
-67  -21  -43  0
-61  69  -53  0
35  -50  -13  0
-69  49  12  0
-32  49  79  0
10  42  -44  0
-67  31  -48  0
-2  32  -15  0
-60  27  -80  0
-16  -40  47  0
26  43  -71  0
-47  76  -44  0
-23  -71  -14  0
12  -79  22  0
-51  63  58  0
31  -29  -57  0
-52  -59  70  0
-14  -64  -62  0
35  -64  -7  0
63  -44  -58  0
67  72  -6  0
-17  68  -10  0
33  67  -38  0
-12  50  37  0
79  18  -19  0
57  79  -75  0
-9  -50  77  0
62  20  73  0
32  -54  16  0
-80  -53  -41  0
