c mkcnf random cnf with seed 435556, max clause length 3
c FORCED SATISFIABLE
c 
p cnf 80  344
35  -38  -11  0
38  12  18  0
22  -53  70  0
26  -29  -68  0
38  43  -30  0
-45  -59  33  0
-3  54  -62  0
61  40  45  0
-20  -69  -6  0
-48  -33  75  0
41  22  -28  0
4  -12  23  0
24  -76  71  0
53  -14  57  0
-1  -31  -33  0
56  -12  -23  0
-59  -1  46  0
-62  -72  -20  0
-33  41  40  0
20  -14  3  0
-23  -10  -71  0
-40  -38  9  0
-31  24  -63  0
74  -56  -40  0
79  72  -38  0
77  19  -61  0
72  10  -16  0
80  74  -47  0
9  80  36  0
79  -62  -14  0
-43  10  -42  0
50  -38  36  0
61  -6  -37  0
-26  -15  69  0
-29  -43  65  0
-58  -56  -39  0
42  17  -76  0
-8  -22  -14  0
34  3  46  0
-68  -23  -3  0
-55  75  -65  0
25  -28  7  0
72  -62  -26  0
13  -10  -39  0
19  -71  3  0
-69  65  51  0
-4  62  11  0
-29  46  50  0
-23  -30  -57  0
19  80  33  0
31  -45  -66  0
-32  9  -50  0
-44  47  -32  0
52  -51  75  0
5  55  25  0
-64  -10  -70  0
-50  29  -72  0
-28  -76  32  0
69  67  -55  0
65  54  -73  0
-23  -76  -57  0
4  -17  -77  0
78  -38  -58  0
-51  60  -3  0
-22  -28  40  0
-69  -58  26  0
70  -59  -6  0
72  11  -59  0
-66  -52  -13  0
11  60  -20  0
76  37  57  0
17  -55  71  0
-41  42  77  0
33  35  60  0
63  66  -78  0
49  -39  26  0
-52  65  -16  0
-73  78  66  0
23  -44  40  0
-17  -43  79  0
-53  23  4  0
44  -11  -26  0
-39  -48  45  0
17  -9  -66  0
-26  30  -9  0
77  53  -9  0
-10  -34  40  0
-72  67  -14  0
-52  38  79  0
22  -30  -64  0
-73  -7  77  0
-8  -45  31  0
69  -54  -33  0
-65  25  -53  0
55  -22  27  0
-71  -72  34  0
24  -62  -1  0
66  -20  14  0
-24  37  68  0
-9  32  20  0
76  -35  -24  0
3  -59  8  0
36  -42  -66  0
5  36  -20  0
-43  -34  9  0
53  58  29  0
-69  63  53  0
-32  54  -55  0
57  43  -2  0
43  14  66  0
36  6  55  0
-8  -17  -37  0
-76  80  16  0
-77  59  -37  0
66  -27  45  0
69  -68  19  0
-24  -57  11  0
75  65  29  0
-5  49  -18  0
9  -74  23  0
-29  -8  71  0
-24  -59  66  0
-53  73  67  0
62  -38  61  0
37  -9  -30  0
66  26  -63  0
-67  18  -34  0
73  -23  25  0
44  -70  -50  0
-23  -80  -75  0
3  -15  28  0
-1  -37  -71  0
-72  11  12  0
43  -9  31  0
-36  -9  24  0
72  70  49  0
36  21  -63  0
25  -9  71  0
-48  -19  33  0
-27  -38  20  0
56  4  -49  0
-20  -54  74  0
-44  5  62  0
-55  -49  65  0
-6  -80  -29  0
48  -29  10  0
-4  -59  -55  0
52  1  67  0
18  47  8  0
23  -41  -4  0
-51  67  53  0
-10  -41  -29  0
-73  48  -43  0
-78  -54  -5  0
-13  50  -23  0
2  -29  -3  0
10  -61  18  0
74  57  63  0
-72  -38  -51  0
25  -54  -71  0
43  12  52  0
-25  -36  -33  0
-70  -53  -8  0
-46  -54  -13  0
-67  78  -49  0
-23  -6  -19  0
48  79  43  0
79  43  -12  0
37  38  26  0
66  47  -58  0
75  -42  -21  0
-18  42  -39  0
-8  49  28  0
42  -25  -63  0
-76  52  -38  0
10  49  -65  0
59  38  -17  0
22  55  -1  0
39  -5  40  0
-69  -18  -38  0
-71  -54  -7  0
18  41  -64  0
-23  71  -62  0
30  -74  1  0
12  41  -61  0
3  -35  52  0
22  15  72  0
11  27  49  0
79  -4  -39  0
-47  -5  -2  0
-35  -30  37  0
-78  16  45  0
-66  -60  -20  0
56  -45  10  0
60  -15  -40  0
-57  10  16  0
-70  -5  49  0
63  26  -52  0
-75  14  -76  0
-27  -42  -73  0
-64  74  46  0
68  37  -51  0
-55  -65  -60  0
44  -43  -9  0
30  67  -63  0
42  49  56  0
-52  -71  -67  0
30  7  -1  0
-14  -8  -3  0
-5  -76  -29  0
13  31  20  0
22  -31  47  0
72  59  69  0
73  79  25  0
-68  -77  64  0
14  29  69  0
26  63  75  0
-73  -76  35  0
-9  -39  -77  0
3  -79  28  0
-19  69  -75  0
-54  43  4  0
-45  -48  -78  0
15  55  -19  0
24  47  -1  0
18  -13  36  0
4  -59  -41  0
13  -29  -33  0
-17  67  72  0
37  -68  43  0
1  18  64  0
-56  50  -46  0
-65  76  36  0
-50  -76  12  0
-69  -16  -8  0
-23  -14  17  0
69  -13  48  0
32  -65  18  0
-34  9  29  0
22  70  -62  0
58  50  -57  0
68  43  66  0
1  51  18  0
74  52  -70  0
-77  -68  67  0
17  -28  30  0
-45  -41  76  0
52  -76  -17  0
-53  72  8  0
11  -28  58  0
-30  -27  -18  0
-42  -65  -50  0
-27  -3  17  0
33  -4  -76  0
32  -16  -18  0
-13  17  6  0
41  2  49  0
5  -28  -53  0
53  -8  60  0
51  45  -61  0
-79  -43  -4  0
-15  -17  67  0
-59  -46  -75  0
-9  -17  -26  0
46  -28  -49  0
-51  67  65  0
-27  25  24  0
16  -11  75  0
8  -45  35  0
-49  -13  74  0
20  -35  5  0
37  72  22  0
27  -6  79  0
25  -35  -22  0
22  -55  -80  0
-19  -6  -8  0
77  54  14  0
-79  38  76  0
70  38  9  0
52  53  24  0
-3  47  -35  0
-41  5  -9  0
-59  28  25  0
-62  -33  -15  0
-17  -70  23  0
10  -50  34  0
78  55  35  0
-11  77  4  0
-78  62  -7  0
25  -65  -60  0
-40  12  23  0
77  -67  50  0
-15  -64  10  0
15  -72  -23  0
56  -61  32  0
-56  4  80  0
29  27  25  0
78  -19  4  0
-11  -35  -40  0
-35  62  -38  0
-78  -73  48  0
2  67  19  0
-16  -78  -77  0
78  -16  14  0
-74  -76  -8  0
13  3  -77  0
33  43  -59  0
67  37  -34  0
33  70  -50  0
77  -17  -44  0
-46  37  44  0
-71  -51  -40  0
-6  -40  -42  0
-57  -12  25  0
36  -75  31  0
-8  -2  -51  0
15  -3  71  0
41  -37  66  0
36  -78  -18  0
78  -61  -46  0
-59  37  -57  0
-68  -18  50  0
-61  -24  -11  0
46  -45  -44  0
-27  57  76  0
-8  -13  41  0
44  -43  -11  0
-64  59  71  0
10  63  75  0
-63  -70  -67  0
-21  7  43  0
15  -7  71  0
-24  4  -8  0
-3  -12  -13  0
53  -67  48  0
52  5  -4  0
-76  51  -9  0
-74  -17  12  0
74  31  -26  0
1  -62  -43  0
10  55  -64  0
-50  46  -17  0
-45  -14  -70  0
-72  -54  11  0
