c mkcnf random cnf with seed 435542, max clause length 3
c FORCED SATISFIABLE
c 
p cnf 80  344
-54  -23  -10  0
26  -15  24  0
4  42  48  0
6  -77  43  0
-45  66  23  0
-20  -23  16  0
-61  42  31  0
11  75  -14  0
44  57  -10  0
25  6  -39  0
-10  45  -13  0
36  -23  68  0
-57  -8  22  0
8  31  -19  0
46  38  -34  0
60  -53  -5  0
-46  -8  22  0
29  71  9  0
26  52  46  0
69  22  -35  0
9  -69  51  0
20  14  -64  0
-2  -35  -25  0
19  9  -45  0
-67  61  64  0
-58  -33  27  0
-14  -69  71  0
45  56  47  0
-55  27  43  0
-52  -74  37  0
48  -26  -45  0
-80  -64  54  0
16  33  -67  0
-49  -72  23  0
-41  63  9  0
13  -10  75  0
-65  -13  -22  0
-58  -38  -67  0
-79  11  45  0
-31  -12  -65  0
21  50  -7  0
70  15  -69  0
15  -38  31  0
76  25  -53  0
-2  -71  11  0
-35  -63  -53  0
19  60  3  0
50  28  -62  0
-54  -57  16  0
-64  -44  -48  0
-52  34  -39  0
-40  -8  74  0
-79  -14  -31  0
49  48  2  0
-57  -73  -44  0
-37  55  -18  0
-38  -45  -77  0
63  -13  51  0
17  49  -75  0
-40  12  35  0
51  -70  -65  0
53  61  -44  0
-2  45  49  0
-78  -72  -40  0
73  44  -79  0
-63  -68  -3  0
35  10  -69  0
49  -50  -3  0
33  61  38  0
-22  50  -80  0
62  -63  -6  0
-52  62  -44  0
16  45  43  0
-8  -42  -62  0
-75  33  51  0
55  54  1  0
44  -23  -59  0
-58  59  34  0
26  50  65  0
-18  19  48  0
69  11  -2  0
18  77  49  0
36  64  33  0
-65  -49  16  0
-40  47  68  0
-78  -51  -70  0
-38  -49  -27  0
-64  28  40  0
-63  -6  -54  0
66  27  -76  0
-53  47  -39  0
16  52  -30  0
56  54  14  0
-13  33  77  0
-37  25  -79  0
-43  -80  -25  0
53  -76  -70  0
-2  -36  22  0
16  8  -50  0
41  70  2  0
43  -23  79  0
-32  46  -15  0
17  28  -72  0
-40  -34  -20  0
-34  -67  -68  0
-63  -41  -73  0
36  49  11  0
-73  47  -72  0
35  19  70  0
-54  26  -72  0
-7  3  -47  0
-50  -68  -42  0
-65  -26  -24  0
33  49  56  0
53  54  -51  0
-37  -57  7  0
-17  18  -65  0
-18  -43  -58  0
-59  75  34  0
73  10  46  0
64  -40  76  0
-49  4  -73  0
34  14  51  0
29  34  5  0
54  23  -4  0
-14  35  13  0
21  71  -57  0
-66  -43  33  0
69  52  -70  0
7  -3  -61  0
-57  -18  16  0
-80  -59  -41  0
6  -33  3  0
5  62  -56  0
-74  40  -4  0
75  -15  -56  0
72  79  -42  0
47  -21  -32  0
-11  -37  43  0
46  63  -35  0
-64  -73  65  0
-79  -11  -1  0
53  -56  -12  0
-43  52  -39  0
-7  8  43  0
76  35  2  0
-19  -8  60  0
-1  60  -21  0
6  -22  9  0
76  -62  -40  0
41  48  -80  0
69  -75  -1  0
42  -69  -80  0
-80  5  12  0
61  -28  80  0
38  -54  -6  0
48  -58  -73  0
-54  -1  60  0
-42  14  58  0
-69  66  -39  0
51  -53  -46  0
-48  4  33  0
27  -52  11  0
52  -64  -12  0
-51  64  -28  0
-42  -47  -79  0
-53  6  38  0
49  31  79  0
37  -18  -34  0
-80  40  -28  0
-26  -80  28  0
41  -33  48  0
-75  28  42  0
-80  60  -48  0
-76  19  18  0
76  -63  48  0
52  -9  -6  0
43  61  -4  0
26  37  16  0
-51  16  -40  0
77  -62  37  0
-10  -76  -51  0
-28  -44  53  0
68  57  -34  0
59  -31  9  0
31  -53  55  0
-67  69  -63  0
-22  15  -34  0
-72  -31  57  0
-25  -63  -71  0
-27  -9  44  0
62  70  -31  0
59  16  79  0
50  73  51  0
62  35  -64  0
23  -4  43  0
-58  44  2  0
-79  70  -15  0
43  -21  52  0
-21  14  58  0
-76  26  27  0
-76  -28  35  0
-62  -51  -52  0
13  -5  25  0
2  -26  65  0
-59  -21  -34  0
22  -47  -4  0
-21  -79  -46  0
43  -80  -40  0
-80  7  69  0
34  -76  11  0
55  -9  -26  0
-76  13  80  0
17  63  -1  0
-58  -16  22  0
-66  -45  69  0
65  -76  54  0
-59  16  -10  0
9  -68  -3  0
15  39  -8  0
23  -21  -48  0
27  79  11  0
-56  -48  -10  0
72  -53  5  0
50  13  25  0
43  45  30  0
-66  -72  -53  0
-63  -30  39  0
-24  25  53  0
45  59  44  0
-43  -8  52  0
-27  14  -61  0
-24  -80  -53  0
17  -72  -73  0
-6  -68  -47  0
-18  71  12  0
-55  17  1  0
53  -56  -7  0
30  -74  -79  0
-38  28  31  0
-67  66  -77  0
15  -79  -6  0
25  2  40  0
-46  -78  -48  0
-2  -44  -34  0
-9  -52  -3  0
-21  -69  41  0
-36  -67  -62  0
78  -60  68  0
30  29  -35  0
-77  49  47  0
-44  18  -62  0
-33  -46  8  0
26  29  66  0
51  63  -71  0
21  77  -44  0
3  -48  -2  0
73  -36  62  0
-14  66  -35  0
-21  -60  53  0
-67  33  -37  0
35  53  -54  0
-72  -14  15  0
56  -42  -20  0
-62  -47  45  0
-68  44  39  0
-51  -71  4  0
-65  20  -62  0
-20  58  27  0
-66  -18  41  0
-2  74  42  0
-43  -2  -19  0
78  19  -22  0
41  -67  -68  0
-13  64  57  0
21  62  30  0
-38  50  55  0
47  56  -74  0
4  19  43  0
-57  54  1  0
73  59  -67  0
-3  -76  -17  0
-38  -33  -65  0
70  -26  55  0
-33  -2  -12  0
-55  14  11  0
63  5  45  0
16  80  77  0
-35  78  18  0
60  5  41  0
-39  -7  45  0
7  14  -45  0
73  71  72  0
31  68  57  0
-50  -58  6  0
-28  -23  15  0
18  58  -28  0
26  -41  -30  0
-23  38  44  0
-19  50  49  0
-4  -18  -12  0
-24  55  -50  0
-11  -5  4  0
-32  73  72  0
-65  19  -72  0
5  40  -69  0
54  24  4  0
41  9  12  0
-50  34  -11  0
51  -34  73  0
-7  54  -14  0
20  -48  66  0
-47  13  -1  0
31  74  -37  0
30  -78  17  0
12  -73  54  0
67  35  29  0
-42  -18  -36  0
11  12  -53  0
-21  -2  -58  0
-17  -41  56  0
-66  23  -77  0
-57  -26  -9  0
33  -39  -25  0
4  28  32  0
9  65  15  0
-57  -5  -33  0
4  -30  9  0
-10  57  30  0
-70  11  -22  0
26  -19  65  0
20  78  -4  0
-32  -58  25  0
-6  -27  -60  0
-58  4  37  0
30  76  3  0
-61  -4  -52  0
15  -48  -71  0
-47  30  17  0
-25  57  36  0
-51  -50  -64  0
67  -70  -2  0
10  64  -73  0
-47  61  64  0
