c mkcnf random cnf with seed 435523, max clause length 3
c FORCED SATISFIABLE
c 
p cnf 80  344
-27  20  -77  0
-45  8  14  0
-72  -23  33  0
-15  39  32  0
61  50  -80  0
-60  -61  56  0
71  59  -70  0
-15  32  -16  0
-13  -59  -33  0
66  70  -57  0
13  2  53  0
30  -37  -71  0
63  2  -30  0
22  53  66  0
76  -36  32  0
-74  -9  34  0
75  -1  38  0
-10  -24  11  0
-57  -7  1  0
-72  -73  60  0
-6  66  79  0
73  42  -53  0
-40  61  -54  0
64  5  65  0
41  -65  -55  0
-17  62  72  0
66  -17  18  0
-13  41  32  0
54  -20  -79  0
72  -78  53  0
57  -77  -66  0
58  34  -20  0
37  5  -79  0
-19  13  -56  0
23  -7  48  0
-21  74  32  0
-78  66  -58  0
32  75  34  0
68  -55  -65  0
60  17  47  0
-29  38  -25  0
-16  35  -41  0
63  -42  -40  0
38  50  34  0
-63  62  -44  0
-5  17  55  0
-21  24  -20  0
25  -22  43  0
-38  1  -14  0
11  -79  -32  0
-53  -13  39  0
-78  -36  -23  0
-10  -71  -74  0
67  24  -11  0
-45  13  67  0
22  -3  -60  0
8  -64  -31  0
7  80  21  0
66  40  -74  0
67  14  -2  0
58  23  38  0
37  -2  18  0
-25  -41  -6  0
-4  -63  68  0
-32  18  -37  0
80  41  -47  0
-35  2  12  0
-1  39  44  0
18  -17  56  0
-75  -22  -51  0
-33  31  52  0
3  -50  -27  0
76  -4  -60  0
-18  -36  -80  0
-42  -36  -18  0
-56  12  -35  0
-30  -44  1  0
-25  -13  -39  0
-10  -16  29  0
67  1  -11  0
-2  -26  72  0
-38  77  -9  0
24  -71  73  0
3  -10  -21  0
-78  13  35  0
38  -30  25  0
6  -53  8  0
30  -46  39  0
64  13  -14  0
24  -32  41  0
60  -6  50  0
24  43  25  0
19  17  -54  0
-21  -48  -32  0
4  -61  55  0
-10  -5  -49  0
-25  -76  -58  0
-63  -40  35  0
-62  -52  51  0
78  -65  15  0
-63  -40  60  0
65  40  69  0
43  -22  20  0
29  51  75  0
-59  -13  -17  0
-74  -25  -30  0
-43  -22  23  0
68  -80  -30  0
-10  -35  47  0
56  41  -79  0
77  76  -72  0
-60  -11  -30  0
35  61  71  0
-1  -52  -41  0
-28  -26  -7  0
67  79  -11  0
-67  10  -43  0
24  -78  76  0
-26  -5  64  0
53  26  -46  0
-62  37  -66  0
27  54  34  0
-27  71  7  0
-39  -70  7  0
-23  -62  45  0
-63  8  -21  0
-12  68  -7  0
16  -46  -35  0
-40  -37  -2  0
36  55  27  0
-57  -16  -69  0
-65  33  76  0
17  43  28  0
-47  -23  -31  0
-46  -52  -51  0
-8  75  -66  0
-59  -28  39  0
60  54  47  0
65  50  17  0
-34  -62  41  0
-45  43  56  0
-3  76  78  0
54  62  7  0
-59  27  30  0
-59  13  -27  0
40  19  70  0
-13  -74  49  0
69  54  60  0
-43  14  22  0
78  45  -15  0
-64  48  -77  0
72  44  -33  0
21  31  23  0
14  16  79  0
-49  -45  -14  0
-44  34  80  0
-73  -59  27  0
-66  39  -20  0
-77  62  -23  0
36  -54  -64  0
35  -80  -63  0
72  32  -11  0
71  -63  -36  0
58  -40  32  0
64  12  -77  0
7  40  30  0
7  -48  -74  0
-11  -46  -27  0
58  -53  -42  0
35  -25  30  0
-5  7  -62  0
74  -42  35  0
32  70  54  0
-33  15  61  0
6  76  35  0
60  44  61  0
35  -25  -67  0
-53  -72  8  0
-58  43  14  0
15  -31  24  0
37  -39  -68  0
77  41  31  0
9  -8  46  0
-30  67  37  0
-67  -28  -30  0
-55  -70  42  0
63  -12  65  0
42  -43  36  0
17  71  29  0
61  13  -8  0
-36  61  -54  0
16  9  -70  0
31  68  -4  0
-3  38  23  0
-51  -37  -14  0
10  29  76  0
-61  -76  -27  0
18  -54  60  0
13  29  59  0
30  -26  66  0
77  -19  -6  0
-53  -80  -67  0
-48  13  69  0
-31  -20  69  0
-80  45  -67  0
43  80  -5  0
50  -66  -45  0
52  -72  -75  0
-64  -56  77  0
78  15  -45  0
-73  20  -34  0
40  31  39  0
-78  -49  -57  0
-58  -63  -67  0
-53  55  64  0
56  55  -31  0
14  66  -30  0
-70  42  57  0
-22  78  6  0
-47  25  4  0
66  64  -67  0
13  -32  -80  0
28  53  -42  0
-6  -17  -15  0
-59  -51  -58  0
-61  53  80  0
40  76  -65  0
27  80  66  0
63  28  -80  0
-72  27  24  0
52  -50  63  0
-4  14  -21  0
-21  -14  2  0
-19  16  40  0
-80  -12  42  0
3  51  -42  0
-77  -61  -7  0
-21  -12  26  0
43  -66  -67  0
77  -47  46  0
67  72  -57  0
34  -38  -2  0
-20  69  -33  0
-59  -61  -62  0
44  9  -51  0
-46  -3  69  0
79  70  4  0
62  36  -54  0
15  38  -9  0
6  -80  68  0
74  -46  -18  0
-77  47  -8  0
-58  25  22  0
-76  -42  27  0
62  -57  -18  0
36  75  49  0
21  -75  29  0
-25  10  -78  0
-26  -62  41  0
-9  -3  75  0
35  52  67  0
78  40  -75  0
71  -43  66  0
-12  32  -43  0
20  -29  15  0
-72  -17  -44  0
-6  3  33  0
-37  -28  64  0
5  41  20  0
48  62  67  0
72  -31  25  0
20  28  -51  0
71  -58  -69  0
-67  40  -18  0
-34  -12  -39  0
16  7  49  0
64  59  4  0
-58  -38  -55  0
41  -13  -73  0
-44  -40  -71  0
-42  -74  -21  0
-67  65  -60  0
-54  -68  38  0
-72  -33  3  0
5  26  -55  0
67  -19  -60  0
-11  14  -28  0
-43  -80  41  0
18  67  40  0
45  -43  -61  0
-70  -60  -1  0
-33  -3  8  0
75  -44  28  0
41  -2  52  0
-35  -57  -64  0
69  26  55  0
-54  79  -5  0
49  -77  -3  0
-78  68  -4  0
-47  -18  20  0
-72  53  -55  0
53  -51  -2  0
-47  61  62  0
-11  16  45  0
19  -10  49  0
67  60  -63  0
-76  6  -10  0
-33  77  17  0
-27  -5  8  0
48  -63  2  0
-32  26  16  0
69  79  -54  0
16  -3  68  0
70  -19  75  0
-24  31  41  0
-19  66  -70  0
3  57  27  0
16  -71  31  0
-39  1  45  0
10  39  38  0
33  51  30  0
55  51  8  0
-73  5  -42  0
47  -17  -36  0
26  -5  -41  0
-49  -65  78  0
77  12  -4  0
23  -41  60  0
2  40  36  0
3  -45  70  0
-80  -5  -71  0
-54  36  -78  0
-19  -26  51  0
-43  37  -11  0
13  59  -44  0
43  -22  42  0
22  -25  -70  0
-58  -2  31  0
4  -1  56  0
8  15  -53  0
4  32  -6  0
49  -73  -52  0
55  -71  65  0
49  3  65  0
