c mkcnf random cnf with seed 435510, max clause length 3
c FORCED SATISFIABLE
c 
p cnf 80  344
39  -35  30  0
-11  -45  -71  0
50  37  -52  0
54  -31  27  0
-24  -63  51  0
54  58  -12  0
-77  78  -62  0
-56  70  60  0
-72  28  42  0
-32  -42  -74  0
31  80  -6  0
49  51  61  0
26  52  -71  0
33  -51  79  0
20  -35  -70  0
-5  -65  14  0
-12  -36  -74  0
57  26  54  0
78  -25  -14  0
-2  49  24  0
-8  14  -70  0
-23  37  -55  0
-15  28  -53  0
66  42  13  0
-14  -75  59  0
15  63  13  0
29  23  -36  0
-42  67  -8  0
-80  -1  -62  0
57  -36  -42  0
-69  74  -72  0
5  9  37  0
-19  3  -18  0
-80  6  12  0
-71  33  54  0
-2  -50  22  0
-43  32  11  0
12  -27  48  0
-4  -26  16  0
72  53  -38  0
23  -33  -4  0
77  24  -43  0
-21  53  -39  0
-50  -16  21  0
-67  31  3  0
-47  60  -53  0
-42  12  -66  0
18  -68  77  0
-61  -67  75  0
-40  -7  22  0
-5  68  21  0
-20  73  -32  0
77  -53  80  0
-46  5  67  0
-35  67  -23  0
46  -15  -19  0
60  56  64  0
5  53  18  0
15  1  -36  0
68  2  44  0
-55  10  -51  0
7  32  49  0
27  -80  17  0
-50  -40  -37  0
56  -67  55  0
66  -63  -34  0
57  -11  71  0
-28  52  25  0
-46  -18  -58  0
76  80  64  0
-79  -76  -32  0
-45  18  -37  0
14  -55  -65  0
68  42  -25  0
71  -13  7  0
-21  66  63  0
-33  29  74  0
23  -10  79  0
50  -68  30  0
-47  41  13  0
-63  54  16  0
-25  -56  -68  0
72  53  -79  0
22  -54  -16  0
-40  -28  21  0
47  -11  39  0
44  -80  -17  0
-38  68  32  0
-65  -74  -57  0
-9  -11  73  0
9  64  -67  0
77  -51  -55  0
69  78  42  0
20  16  -57  0
33  -8  -1  0
-53  51  -69  0
69  4  -50  0
72  75  67  0
44  -57  51  0
29  25  -38  0
-35  76  -69  0
35  -15  -56  0
66  46  -69  0
22  -34  -50  0
71  53  5  0
-12  -19  11  0
-68  -61  -56  0
67  -58  -78  0
-37  6  -57  0
-68  24  1  0
29  40  -73  0
-6  53  10  0
-32  -66  28  0
-18  -75  43  0
39  78  -16  0
-47  51  -40  0
-28  -32  66  0
77  -55  22  0
40  -27  80  0
-15  3  -24  0
50  -10  74  0
-46  -47  48  0
-69  39  -63  0
-18  -68  -78  0
-75  -80  -26  0
-36  32  71  0
55  -7  43  0
-20  4  18  0
66  27  74  0
4  -50  69  0
-16  -57  2  0
66  47  -26  0
-26  -54  -18  0
-53  -52  -29  0
-76  61  2  0
67  -70  -76  0
-80  -65  35  0
46  -15  -12  0
76  -11  -6  0
-12  -40  -17  0
-9  39  -5  0
-58  -48  -80  0
44  66  -60  0
61  62  -22  0
-71  -39  -59  0
-19  -40  -36  0
-33  28  72  0
14  10  -22  0
-12  -75  -68  0
49  -48  21  0
46  -12  31  0
39  -69  49  0
24  55  65  0
70  -48  71  0
61  -33  -4  0
-69  52  -2  0
-43  -58  -20  0
-74  11  -68  0
-33  -29  -60  0
-20  -70  60  0
49  -63  -33  0
20  -31  -13  0
44  -24  -1  0
-9  69  -70  0
68  50  43  0
12  -25  -65  0
-77  -25  -79  0
-80  6  35  0
-80  43  20  0
-49  77  -71  0
30  -53  2  0
-5  -47  -74  0
-15  12  -33  0
65  -1  -4  0
15  -61  67  0
33  -46  80  0
-64  26  22  0
63  16  -71  0
48  70  -16  0
1  54  -41  0
33  -17  76  0
-11  26  -42  0
12  -55  62  0
-7  57  47  0
-20  31  -28  0
53  73  -7  0
-55  -1  21  0
6  39  -46  0
-73  -71  -6  0
-61  27  18  0
9  -46  19  0
49  -33  -29  0
9  60  -52  0
-30  42  33  0
54  70  -17  0
-14  72  -77  0
-24  -14  -42  0
53  -71  -49  0
-4  -18  35  0
65  15  47  0
-25  71  -44  0
-44  19  47  0
-17  -1  38  0
-75  33  -44  0
-27  -25  22  0
-31  16  -11  0
-37  79  -11  0
-71  40  76  0
47  -25  69  0
15  -47  -57  0
4  11  -58  0
-2  -53  -60  0
-12  60  -21  0
-21  23  -37  0
58  40  57  0
-11  -65  -18  0
-29  -69  -22  0
-32  -46  -8  0
16  -43  -75  0
-43  5  -4  0
65  -18  -61  0
73  -69  45  0
-57  -19  58  0
51  -21  49  0
11  13  10  0
60  -33  -55  0
-64  -2  23  0
-36  -58  24  0
-47  -10  72  0
3  -9  66  0
-12  -34  -2  0
70  -29  28  0
-29  -41  27  0
-56  -23  -48  0
-52  70  79  0
56  -7  10  0
-53  -10  -33  0
-31  -21  -57  0
38  -58  -3  0
36  -7  17  0
43  -22  46  0
20  -76  -78  0
39  -24  -40  0
-67  69  8  0
-41  24  71  0
-2  -26  24  0
44  69  15  0
-44  13  -80  0
-49  75  -51  0
-5  -48  70  0
-69  -79  -41  0
32  -34  -4  0
-78  -74  5  0
-41  -24  5  0
17  -47  -50  0
50  20  29  0
15  -14  78  0
-31  -65  9  0
-58  -74  -59  0
-13  34  -45  0
10  14  -1  0
59  -43  -42  0
-63  69  -39  0
-7  -62  75  0
70  -23  37  0
-72  -21  -15  0
-13  58  42  0
25  -78  -22  0
15  30  68  0
39  -67  -8  0
80  -53  -1  0
-53  61  38  0
-79  -6  -40  0
-10  78  16  0
6  61  24  0
-79  -19  -74  0
-77  23  52  0
34  21  78  0
-73  30  -5  0
75  78  -27  0
-61  -8  -25  0
75  -2  -1  0
-79  15  -59  0
56  -55  -63  0
-60  -32  -40  0
58  -50  59  0
29  -56  -65  0
-20  1  48  0
-17  -57  -11  0
-17  -45  61  0
-37  77  36  0
-47  -58  39  0
6  -46  -55  0
-53  -8  -23  0
-40  -69  12  0
-32  35  -5  0
-7  35  -44  0
-25  5  55  0
21  53  74  0
-78  30  35  0
37  -51  42  0
54  74  -34  0
-64  60  -58  0
-55  -18  35  0
-44  29  -80  0
15  27  40  0
-21  -35  68  0
48  5  -43  0
-56  -70  -51  0
-62  -29  42  0
68  -54  58  0
-42  -61  57  0
70  -49  -63  0
19  17  -74  0
-67  -47  -59  0
53  28  -27  0
32  -31  17  0
-53  52  60  0
-77  75  79  0
29  -70  54  0
9  36  -34  0
-4  19  -53  0
-20  -39  -4  0
-19  -77  1  0
75  -29  18  0
-18  -19  67  0
-40  -25  -72  0
-72  -66  -21  0
18  37  -53  0
69  -2  66  0
24  18  39  0
-24  -14  -70  0
-15  -77  78  0
8  -39  13  0
56  -76  52  0
10  -77  -41  0
64  -45  34  0
-61  65  -12  0
75  19  -35  0
11  10  17  0
-65  10  55  0
-78  -45  27  0
-15  -35  52  0
59  54  -12  0
