c mkcnf random cnf with seed 435553, max clause length 3
c FORCED SATISFIABLE
c 
p cnf 80  344
-56  -29  68  0
11  -41  72  0
-80  -46  5  0
-5  -14  -74  0
68  58  -30  0
27  4  43  0
-28  38  72  0
-58  14  2  0
52  64  51  0
-20  7  76  0
-69  -29  46  0
64  28  -40  0
24  64  -71  0
8  -52  74  0
-22  -40  46  0
-2  -54  -66  0
-51  30  69  0
-55  32  -11  0
26  59  53  0
-53  77  47  0
34  -70  -11  0
21  73  2  0
59  -32  51  0
16  -57  -3  0
-76  27  -74  0
74  56  -21  0
-55  28  63  0
-42  27  46  0
70  -50  49  0
-53  56  -77  0
56  62  3  0
38  31  -13  0
-77  56  26  0
-53  54  6  0
-75  -67  56  0
-53  -64  -54  0
27  23  19  0
-48  32  -16  0
4  -54  18  0
-15  18  46  0
-30  -23  -6  0
3  12  19  0
12  -60  -25  0
36  35  -24  0
22  76  -79  0
14  -50  -52  0
39  -71  -38  0
-63  56  -23  0
-2  -31  -10  0
18  -54  -40  0
-33  73  46  0
18  -75  -16  0
52  -8  31  0
-5  -39  -51  0
57  -45  7  0
32  -22  -57  0
33  -14  -70  0
54  -79  26  0
26  43  -27  0
-80  -13  -66  0
-16  28  -17  0
75  -16  23  0
19  37  2  0
-41  9  -42  0
44  -6  79  0
-58  74  60  0
-48  -16  77  0
74  23  32  0
76  -47  -36  0
-69  -53  5  0
9  -62  -28  0
69  -68  8  0
65  3  -67  0
52  -16  51  0
73  76  27  0
-14  17  72  0
36  42  76  0
66  44  -32  0
-12  -51  28  0
-4  64  51  0
-10  -36  -27  0
-79  25  41  0
58  35  40  0
-23  71  47  0
-45  -18  -27  0
-10  77  55  0
-75  -9  -39  0
80  -30  3  0
78  47  -6  0
70  -34  26  0
-22  24  -19  0
-55  39  11  0
-80  -6  -51  0
50  58  -26  0
46  -40  47  0
-79  -74  61  0
34  50  -68  0
54  48  -5  0
-62  -30  -27  0
35  -65  39  0
-18  -68  -62  0
-44  22  19  0
11  -18  -62  0
-3  -33  -32  0
70  33  -18  0
-71  75  8  0
-23  -11  60  0
-30  66  -38  0
-34  77  64  0
-6  -47  -78  0
37  -22  64  0
-62  51  -52  0
-33  -46  55  0
56  -38  11  0
-63  37  -64  0
61  -11  42  0
4  22  59  0
24  -64  80  0
23  45  54  0
-74  -16  75  0
-59  -52  -68  0
30  -67  -57  0
36  66  -80  0
-36  -11  20  0
-73  -39  -7  0
33  77  66  0
-28  62  13  0
-34  -44  -76  0
-37  54  2  0
49  -1  -23  0
7  11  52  0
-43  56  12  0
69  11  -36  0
40  63  52  0
-14  -20  47  0
-68  41  -60  0
-78  1  -54  0
-10  -27  -60  0
-21  12  -51  0
11  -41  -18  0
-31  -79  75  0
-37  -70  58  0
28  34  -33  0
-17  15  -44  0
-14  20  -2  0
8  -18  20  0
-34  -67  4  0
-38  -48  -24  0
10  -38  66  0
20  -15  60  0
-21  80  17  0
-34  68  38  0
24  -26  -5  0
35  59  8  0
26  -32  -58  0
-25  -29  44  0
61  -41  57  0
-3  43  -41  0
-18  34  -19  0
41  -72  -12  0
24  19  -25  0
72  52  1  0
-23  66  73  0
2  -57  -64  0
70  -34  -66  0
78  74  -62  0
10  48  49  0
-55  -51  74  0
-51  -74  61  0
-69  -57  -12  0
-42  36  31  0
28  27  59  0
-24  63  41  0
-34  75  -36  0
-3  -78  -77  0
-27  -24  -13  0
-60  44  25  0
-14  5  -75  0
-12  -33  31  0
-80  -39  -17  0
-31  12  -68  0
-1  -76  60  0
-71  65  -50  0
58  -52  66  0
-48  43  28  0
-54  -10  4  0
21  17  22  0
12  60  63  0
5  80  -43  0
66  3  43  0
-23  -40  -72  0
-48  21  78  0
26  -22  68  0
-16  57  -79  0
61  -28  6  0
40  -46  62  0
-51  33  10  0
-70  17  -24  0
-33  -40  41  0
64  39  -51  0
11  -67  20  0
-19  30  -46  0
66  -1  -69  0
79  64  49  0
-71  8  27  0
58  -35  64  0
-75  7  76  0
41  35  60  0
2  -8  78  0
13  54  -27  0
-35  43  -38  0
-37  21  3  0
-49  -53  -74  0
-3  -50  76  0
10  44  -65  0
50  38  4  0
78  -52  -28  0
-6  -46  8  0
35  54  -20  0
34  27  -66  0
26  -44  -23  0
66  -33  37  0
22  63  32  0
77  52  -35  0
10  18  -34  0
-55  5  53  0
-16  -26  19  0
-36  -71  55  0
-32  16  -50  0
51  -8  57  0
-60  7  -29  0
4  16  33  0
66  75  -34  0
-64  50  7  0
37  -56  -17  0
-38  62  78  0
79  -6  -78  0
-18  52  -14  0
-60  -69  -41  0
47  -37  43  0
25  -66  -44  0
26  16  -22  0
38  6  28  0
55  25  20  0
53  -50  79  0
15  51  -24  0
-11  -20  -30  0
-14  11  -26  0
-78  20  -9  0
22  -54  -53  0
22  60  -49  0
-68  18  -75  0
-35  31  25  0
-48  67  -1  0
5  -35  -15  0
4  5  -15  0
-17  -23  -22  0
-25  -67  -56  0
77  28  -71  0
-43  -59  -51  0
47  -75  48  0
9  31  11  0
-4  29  -63  0
58  2  47  0
49  -55  72  0
-50  -16  54  0
-37  47  -67  0
16  67  -69  0
4  51  -25  0
-68  11  65  0
30  -49  74  0
-41  -76  54  0
48  -65  -6  0
79  1  12  0
64  -3  -43  0
-69  40  -10  0
16  -35  40  0
-63  69  -37  0
-26  -75  -54  0
43  -38  -72  0
13  5  -42  0
-31  74  79  0
71  21  64  0
52  14  1  0
3  -49  54  0
74  -32  -40  0
-1  -33  24  0
51  -78  -71  0
-48  31  -2  0
27  -32  78  0
-63  10  19  0
-48  -58  -27  0
-15  -76  9  0
13  47  -5  0
-80  -27  -70  0
-22  -44  16  0
7  71  56  0
-57  -2  -79  0
-69  -42  -56  0
6  57  41  0
8  12  -4  0
15  44  51  0
-13  7  -63  0
-76  -62  27  0
47  7  -73  0
24  36  2  0
-45  -79  10  0
73  -25  15  0
16  9  -45  0
-12  39  8  0
51  -67  6  0
-44  52  73  0
23  3  -17  0
75  64  -11  0
7  -3  76  0
21  60  13  0
7  -12  -38  0
-77  -32  41  0
6  69  -33  0
53  -72  45  0
14  -42  -16  0
-67  -41  -15  0
-16  64  -35  0
-44  -73  9  0
76  -30  2  0
41  53  8  0
35  40  -24  0
-37  72  -51  0
-45  -21  42  0
-28  1  23  0
-2  69  -9  0
-43  -45  23  0
80  46  8  0
40  -28  29  0
-15  48  25  0
34  -56  70  0
3  -59  33  0
-26  41  -12  0
77  56  -10  0
10  -50  63  0
69  78  26  0
-65  1  78  0
-78  42  69  0
-80  28  -74  0
