c mkcnf random cnf with seed 435540, max clause length 3
c FORCED SATISFIABLE
c 
p cnf 80  344
-68  -44  21  0
-27  28  58  0
-79  -39  -68  0
56  -15  51  0
11  47  18  0
32  -49  69  0
-11  -51  -37  0
-31  71  80  0
30  -69  -68  0
-10  72  -18  0
68  -39  32  0
-21  -37  41  0
43  -71  11  0
41  -6  -15  0
-68  43  65  0
76  69  -38  0
71  11  28  0
-43  -3  -79  0
74  -2  -75  0
-44  46  -62  0
-64  31  61  0
-47  71  -28  0
45  48  61  0
38  36  42  0
-52  43  30  0
-9  64  -17  0
-51  4  5  0
18  12  -48  0
-65  17  6  0
-74  34  19  0
-23  30  -77  0
17  -73  63  0
37  -53  52  0
7  -60  -35  0
20  43  4  0
-73  27  -52  0
-55  -42  -50  0
25  -20  14  0
-73  -9  -36  0
-21  52  -23  0
35  -62  -15  0
60  -46  -19  0
37  -55  -22  0
-9  36  67  0
-23  3  -2  0
-10  -52  -28  0
-79  -40  -38  0
46  11  -16  0
-65  -70  -20  0
-2  -78  -36  0
14  55  -44  0
-23  -21  -7  0
37  38  18  0
2  69  -10  0
16  33  -25  0
-51  -12  -61  0
70  -67  -37  0
-59  -74  -25  0
-75  66  -72  0
51  -35  -15  0
-56  29  -50  0
-34  52  -39  0
-41  43  -14  0
37  -76  -62  0
-38  66  10  0
10  68  -1  0
27  29  -66  0
-73  9  -4  0
-63  -38  -62  0
71  -14  17  0
-63  -6  -38  0
43  -55  -71  0
-16  11  -73  0
5  71  -22  0
-33  -9  -5  0
40  -19  -52  0
-65  -50  -57  0
-41  -68  49  0
-70  -14  -65  0
73  37  49  0
-60  18  -13  0
-38  -80  16  0
-46  9  16  0
48  8  57  0
-68  53  30  0
61  -17  73  0
56  55  -46  0
53  10  -25  0
-67  9  -19  0
-9  75  -40  0
78  77  -15  0
14  -17  70  0
13  34  -55  0
34  78  -1  0
59  -62  18  0
43  77  -34  0
20  -25  -40  0
-2  -76  -22  0
39  -62  46  0
-19  -60  13  0
-29  -20  -17  0
75  -50  4  0
4  6  52  0
-73  -79  55  0
-21  5  -57  0
31  1  68  0
-65  58  -26  0
30  -32  -45  0
33  57  52  0
65  64  12  0
23  -1  -49  0
-20  26  -11  0
-59  71  38  0
-41  -29  76  0
-52  71  -28  0
61  3  -4  0
21  36  42  0
-47  -11  -63  0
-25  14  -62  0
10  -59  30  0
-62  71  13  0
38  -74  -67  0
-72  17  63  0
-28  -23  36  0
-36  -21  78  0
-47  -34  -10  0
-37  26  63  0
6  59  -2  0
64  26  65  0
15  51  -38  0
-66  20  7  0
64  -27  79  0
36  -26  -31  0
30  -40  14  0
-38  -55  -27  0
30  -74  73  0
-4  -42  -56  0
67  -32  79  0
75  -73  -44  0
19  -32  46  0
27  72  63  0
65  42  -58  0
-10  55  -6  0
-26  24  -72  0
-59  -47  9  0
16  -42  8  0
9  2  -19  0
-26  70  59  0
72  31  -30  0
-37  28  11  0
-80  72  37  0
23  55  -8  0
75  -70  -16  0
-60  -71  14  0
-43  -70  -79  0
-54  73  -29  0
2  59  43  0
-14  -63  -76  0
-34  -70  54  0
-55  60  -3  0
67  -25  11  0
-15  74  78  0
30  22  61  0
34  -59  -8  0
-17  -5  -33  0
41  48  -6  0
-6  -46  -16  0
22  -37  -48  0
-44  -71  45  0
13  -37  -10  0
-23  -28  -24  0
59  -36  -26  0
12  34  -25  0
41  -61  -45  0
65  3  15  0
-61  -9  -67  0
-28  65  50  0
-66  -56  24  0
-35  -4  -22  0
26  -9  22  0
-26  -52  -80  0
42  18  -8  0
15  48  -49  0
48  56  47  0
64  -65  16  0
-55  -75  -22  0
63  80  -44  0
-5  74  22  0
26  -38  63  0
-73  -16  -23  0
-78  35  -41  0
-25  20  24  0
-16  44  78  0
17  8  39  0
-38  33  78  0
-10  40  67  0
13  -3  57  0
62  27  -29  0
61  -55  -45  0
-58  80  13  0
69  -72  -62  0
-20  -51  -39  0
-52  48  7  0
-2  -6  -30  0
-40  74  -15  0
12  -6  45  0
14  -47  -36  0
48  37  -59  0
-11  54  -1  0
-4  61  48  0
29  77  48  0
76  28  63  0
54  5  9  0
-76  -35  -53  0
58  -71  11  0
-59  -36  25  0
22  -38  67  0
-68  -18  -79  0
29  10  -3  0
21  -1  58  0
-47  -24  56  0
-65  -41  -13  0
56  26  14  0
12  60  -48  0
12  6  71  0
-13  -12  -18  0
59  20  -50  0
-13  17  74  0
-53  -12  70  0
13  17  15  0
20  -70  -55  0
-23  -5  -38  0
-70  66  13  0
-51  19  -32  0
5  -58  -64  0
-25  -48  -1  0
59  -46  22  0
-25  24  -65  0
19  31  68  0
31  2  -38  0
-45  -3  -33  0
-59  9  71  0
44  -7  -45  0
65  13  -68  0
-68  38  77  0
73  61  -36  0
32  20  12  0
-68  47  -6  0
-57  -79  23  0
3  49  19  0
19  38  45  0
22  29  -43  0
-14  -2  3  0
-21  31  58  0
78  71  -32  0
-68  38  7  0
68  -21  -26  0
-14  -32  50  0
-18  24  38  0
73  50  -25  0
-54  56  10  0
49  -45  -66  0
11  17  7  0
61  -25  -39  0
61  27  -3  0
-13  75  44  0
-44  -29  54  0
2  -33  -41  0
-21  16  13  0
-53  62  36  0
7  2  78  0
49  -48  9  0
-74  51  49  0
-61  -54  76  0
26  71  -59  0
-26  75  14  0
-19  -61  -43  0
19  -24  21  0
-53  56  66  0
-10  -9  42  0
20  -45  3  0
55  -45  20  0
59  -38  -80  0
-43  -36  66  0
-66  43  58  0
-63  41  58  0
44  -56  -19  0
-23  -42  -32  0
27  31  -53  0
46  23  16  0
75  -21  -32  0
3  -19  -69  0
36  68  -16  0
-33  42  -19  0
59  -58  -60  0
2  -23  37  0
1  18  46  0
67  50  -56  0
9  61  55  0
15  33  -49  0
-42  23  -29  0
-11  -43  47  0
-20  -65  -19  0
-52  71  59  0
-10  68  69  0
-77  -8  72  0
67  -5  42  0
-60  75  67  0
51  20  34  0
8  16  34  0
-68  34  -62  0
12  -22  -43  0
-23  -58  -34  0
76  16  -63  0
-80  75  74  0
-29  -49  16  0
-51  68  41  0
-9  -53  5  0
-41  5  -58  0
-28  9  -2  0
-58  -22  -48  0
-45  33  -65  0
-41  -36  -42  0
-11  56  21  0
-13  57  59  0
74  -61  -67  0
58  51  -42  0
-54  -52  76  0
-4  -2  23  0
-16  27  80  0
-54  -11  -62  0
20  -55  -5  0
7  -43  9  0
63  35  6  0
38  -67  44  0
-61  60  69  0
32  57  60  0
-19  -47  -24  0
45  -78  -12  0
-15  -62  -80  0
75  77  -61  0
27  -69  37  0
14  -5  -2  0
-2  74  -39  0
