c mkcnf random cnf with seed 435576, max clause length 3
c FORCED SATISFIABLE
c 
p cnf 80  344
-55  -71  58  0
77  -53  79  0
-30  73  70  0
45  -11  10  0
-49  -1  -62  0
-80  24  -25  0
-52  -5  36  0
51  3  48  0
-62  33  68  0
79  2  -49  0
-72  -61  -4  0
-42  -54  -61  0
75  10  -6  0
39  -20  -53  0
-14  47  -43  0
5  56  43  0
33  63  -2  0
28  -44  21  0
35  -43  -75  0
-38  -4  -18  0
-46  -4  -63  0
32  47  61  0
35  52  -46  0
-21  45  54  0
-69  -29  7  0
-54  17  -57  0
-60  58  -40  0
48  -16  62  0
53  9  28  0
35  -21  -44  0
72  -8  30  0
8  57  39  0
8  10  7  0
-51  -55  19  0
25  -58  -41  0
67  27  23  0
-41  55  34  0
-74  45  -17  0
-37  63  -45  0
-3  -21  -14  0
12  -71  48  0
36  -37  50  0
-67  -71  -79  0
-33  13  2  0
-3  5  22  0
-5  -14  4  0
30  -26  -74  0
-8  34  -3  0
-2  -7  10  0
-32  35  37  0
67  -33  52  0
-58  41  -14  0
11  -72  15  0
-67  -5  74  0
23  -59  -21  0
-35  26  20  0
-16  24  26  0
-68  18  -33  0
45  56  47  0
75  71  -1  0
66  26  -9  0
4  48  -23  0
49  60  38  0
41  34  -31  0
22  37  -68  0
60  29  -37  0
1  78  -28  0
78  45  -21  0
16  -38  -76  0
-26  44  -16  0
-47  62  -75  0
-58  12  -22  0
63  52  7  0
-20  41  55  0
10  -41  47  0
14  41  -32  0
-20  71  -41  0
-32  -49  30  0
-76  -41  -26  0
-77  54  1  0
2  -63  -7  0
21  57  79  0
65  2  -68  0
-76  -67  -50  0
18  -32  36  0
-9  71  39  0
66  80  -68  0
-20  -65  -39  0
51  -35  -17  0
-55  22  76  0
80  -59  -65  0
60  56  -57  0
30  69  73  0
-7  -57  44  0
38  64  -25  0
-49  75  32  0
65  -39  56  0
-42  -19  51  0
-19  -8  14  0
-17  34  27  0
-17  -78  -25  0
10  -18  -46  0
-51  7  -5  0
-44  77  79  0
12  -58  -38  0
51  59  -61  0
-67  -66  57  0
71  -69  -20  0
57  13  -47  0
-7  16  48  0
57  75  -59  0
-68  31  76  0
-23  -44  -38  0
62  57  36  0
5  28  -23  0
47  32  -43  0
-78  7  51  0
-41  -64  -54  0
36  -46  -6  0
9  -16  -75  0
54  -73  79  0
-46  12  11  0
-36  -63  25  0
-15  79  27  0
49  60  11  0
-30  -66  42  0
-67  17  57  0
-19  -66  68  0
-5  42  -51  0
50  -46  18  0
29  1  48  0
-8  69  -28  0
79  2  71  0
-1  -3  43  0
55  65  -71  0
-58  -37  -26  0
43  76  -53  0
-41  -23  -72  0
40  -35  -43  0
-34  20  47  0
63  34  43  0
62  73  -70  0
11  -38  79  0
-76  14  69  0
-62  -34  -18  0
-39  22  43  0
24  -33  53  0
66  -53  -44  0
10  -5  7  0
-45  59  49  0
-36  -57  -34  0
-17  73  77  0
45  -38  16  0
-29  -79  -17  0
13  -24  -15  0
59  -57  41  0
19  -62  65  0
-63  28  40  0
-35  43  47  0
77  2  19  0
15  34  64  0
55  -14  61  0
-23  60  -79  0
17  12  -59  0
-19  72  48  0
9  -68  72  0
-65  75  -19  0
42  -65  -36  0
32  30  -33  0
57  -5  -68  0
73  -40  56  0
11  -21  -49  0
63  -80  -39  0
-10  29  24  0
36  43  -74  0
39  -14  25  0
-77  58  -63  0
11  -2  -7  0
66  28  55  0
72  57  53  0
75  -1  -2  0
53  69  -33  0
66  -78  -28  0
4  -36  47  0
-6  -42  -28  0
-12  20  -6  0
-33  -66  -51  0
14  -54  51  0
27  -72  69  0
18  80  77  0
-62  2  -69  0
-23  69  -43  0
-69  53  -61  0
66  -10  47  0
50  36  5  0
-47  -8  68  0
18  -30  71  0
-30  -79  66  0
10  59  60  0
-8  77  73  0
68  -52  -36  0
21  34  36  0
-80  -41  -13  0
-52  6  -76  0
3  -71  76  0
47  -52  14  0
4  -58  -57  0
74  -23  50  0
-70  -72  41  0
56  -59  19  0
36  -67  66  0
50  78  34  0
19  -1  -8  0
62  31  48  0
49  -9  -12  0
75  45  58  0
-53  43  67  0
-25  -14  69  0
24  75  34  0
2  -41  20  0
-61  -20  17  0
-20  -63  -14  0
76  19  -59  0
36  -63  -49  0
-64  -30  -10  0
-10  -11  -39  0
-78  -3  -12  0
-36  39  -75  0
-7  -8  -17  0
38  -11  -15  0
-53  11  -29  0
-2  26  42  0
-33  27  3  0
33  50  78  0
51  -70  14  0
-80  -63  -74  0
-75  8  -30  0
-2  40  15  0
-7  -60  35  0
37  -63  15  0
34  -38  -57  0
-29  -46  21  0
-77  53  4  0
52  -27  -36  0
-23  36  -52  0
-44  -3  -78  0
40  19  -55  0
64  17  -34  0
-13  -57  23  0
-36  -60  20  0
-43  -11  56  0
-23  -51  49  0
-80  -32  -5  0
63  34  66  0
7  8  -44  0
20  -74  -56  0
66  -26  63  0
-69  -60  -46  0
64  73  -63  0
-11  -2  78  0
-38  78  -49  0
-63  1  -26  0
58  72  -2  0
16  -37  46  0
-5  20  -43  0
77  31  19  0
-69  -78  -34  0
35  14  17  0
-34  -63  76  0
-27  -38  -17  0
65  -54  22  0
-61  -32  17  0
57  68  56  0
80  5  26  0
20  41  76  0
-54  62  14  0
-43  55  -58  0
-25  80  -40  0
-53  58  21  0
14  35  -40  0
62  74  17  0
-38  -65  23  0
-7  21  -48  0
66  -42  -61  0
-29  63  -54  0
-31  72  36  0
-4  -43  72  0
-29  4  -57  0
-28  10  -45  0
-65  52  20  0
-56  64  17  0
-64  51  -44  0
23  -31  -79  0
-73  -24  -56  0
45  43  -38  0
15  1  -74  0
-4  -2  -70  0
-35  -70  -76  0
14  35  -38  0
-15  -65  -50  0
24  57  -26  0
63  71  -55  0
45  48  31  0
32  57  -30  0
48  64  -30  0
-57  -28  73  0
79  -6  -69  0
74  -5  55  0
3  -26  51  0
-30  -50  76  0
53  60  67  0
-42  50  54  0
75  3  -43  0
-39  -20  58  0
45  73  -30  0
66  78  -34  0
-2  59  -76  0
-16  -1  60  0
43  -4  64  0
66  25  -65  0
-51  -39  -3  0
-70  -44  11  0
32  -70  -37  0
79  -72  61  0
9  -12  64  0
-6  48  10  0
-48  -62  -23  0
-13  -26  -41  0
56  -47  -54  0
5  -74  -32  0
-17  74  11  0
-39  -53  69  0
32  56  65  0
-69  -53  8  0
5  65  -79  0
-14  -39  33  0
37  57  30  0
64  68  65  0
6  13  8  0
-59  8  47  0
28  -77  -9  0
65  75  -73  0
65  33  41  0
58  -24  -79  0
