c mkcnf random cnf with seed 435555, max clause length 3
c FORCED SATISFIABLE
c 
p cnf 80  344
42  8  -57  0
60  -58  47  0
-39  45  26  0
-16  76  -39  0
28  -20  -22  0
62  5  58  0
-18  71  -51  0
8  79  -58  0
26  41  -75  0
-2  79  -47  0
8  -27  23  0
-48  -74  -18  0
54  36  21  0
-41  -32  16  0
-62  44  -76  0
-66  58  -77  0
-49  -51  -14  0
-58  -11  -35  0
10  15  62  0
73  30  -13  0
73  38  -80  0
-40  66  46  0
-33  53  40  0
-59  -24  46  0
32  -18  -13  0
80  -33  -72  0
-78  -46  -76  0
2  -25  -16  0
-55  38  56  0
56  -75  73  0
15  -79  -64  0
32  60  -21  0
-11  39  65  0
29  -78  -58  0
-30  -73  -46  0
-51  37  79  0
52  7  22  0
70  -24  -22  0
47  34  -54  0
-70  21  39  0
10  66  -14  0
46  79  -74  0
7  26  65  0
-62  -57  20  0
-4  -17  14  0
47  50  -46  0
57  40  -5  0
-40  80  19  0
-2  -40  -22  0
1  7  48  0
-70  -77  -11  0
-5  -76  -1  0
67  -79  40  0
-60  27  67  0
31  34  51  0
-75  40  5  0
-40  57  29  0
-51  -69  -60  0
2  54  -73  0
-67  -5  -18  0
-29  56  -4  0
-49  19  10  0
-71  8  15  0
63  -75  -2  0
-43  -20  76  0
73  -58  -33  0
19  32  -77  0
-45  52  -59  0
66  53  80  0
60  -27  74  0
-80  65  36  0
29  -17  73  0
-30  -38  37  0
64  -43  -38  0
-6  -57  -36  0
-66  4  57  0
66  43  64  0
-21  -9  -79  0
-16  35  -58  0
18  -79  32  0
-16  -34  -74  0
-7  11  21  0
-28  37  68  0
76  67  -70  0
38  -67  -46  0
35  53  58  0
36  60  -3  0
5  -39  -9  0
80  57  22  0
55  78  -5  0
8  58  80  0
74  20  23  0
-57  -80  -28  0
-3  2  -49  0
12  54  -1  0
-70  -71  37  0
46  -50  13  0
-65  33  -69  0
34  -56  75  0
-31  -23  30  0
-24  35  -14  0
-57  -17  -68  0
60  -34  45  0
-49  21  68  0
-28  -65  23  0
-51  33  43  0
-62  47  26  0
-55  56  18  0
-70  -62  -59  0
-53  75  45  0
56  -77  -6  0
-21  -40  72  0
-31  46  71  0
-31  45  32  0
5  -58  28  0
-63  -12  -53  0
9  7  68  0
-46  -57  -74  0
-28  -51  -53  0
69  -43  55  0
-65  -51  21  0
-57  18  -54  0
-73  -8  47  0
-9  51  69  0
31  -2  -3  0
41  55  -34  0
-72  33  14  0
34  71  3  0
-54  14  -66  0
30  73  27  0
-26  -14  63  0
-22  42  -4  0
26  -59  5  0
-6  49  -17  0
-65  -48  -14  0
-79  -37  -63  0
-22  -24  5  0
50  -13  24  0
29  49  12  0
10  68  -77  0
-24  75  10  0
-27  -67  70  0
12  28  79  0
-10  -72  -32  0
-31  -54  -33  0
46  55  76  0
-50  -37  -77  0
-71  21  3  0
-31  -63  -5  0
71  32  -80  0
-27  -13  -77  0
46  -38  -5  0
-49  -56  -22  0
-9  -12  -37  0
38  -80  20  0
-28  23  -47  0
31  76  26  0
-48  51  -80  0
80  44  50  0
-28  33  -44  0
55  -60  74  0
33  -9  43  0
-80  36  39  0
12  46  -29  0
-47  68  51  0
-11  10  79  0
-19  -1  -10  0
-50  10  -40  0
-38  -52  -66  0
-80  60  76  0
-13  -45  -22  0
17  -49  19  0
-26  -19  -40  0
49  -47  -51  0
-18  13  68  0
70  -45  -64  0
69  52  -25  0
80  -30  34  0
34  -61  14  0
-12  -49  56  0
-71  9  74  0
-16  -18  -17  0
59  76  -75  0
61  55  -2  0
80  -76  35  0
-55  32  23  0
71  -29  47  0
-5  -51  -14  0
-8  36  77  0
-57  -12  70  0
-29  -51  30  0
-13  -63  -73  0
-42  -69  41  0
68  -43  -76  0
-33  -77  -18  0
-65  -55  -56  0
71  64  60  0
-21  -16  41  0
-9  32  -64  0
-52  31  32  0
11  31  -43  0
75  -58  10  0
-67  -62  -37  0
18  25  10  0
46  -52  -31  0
-61  -72  19  0
26  -58  3  0
14  45  47  0
-31  1  58  0
-43  -79  31  0
56  37  -38  0
54  51  -24  0
-57  42  17  0
-41  -22  -43  0
-44  -20  38  0
-6  1  69  0
-27  54  -22  0
-39  48  -60  0
74  -28  19  0
9  6  80  0
73  -55  67  0
-46  44  -47  0
2  -20  73  0
-14  -75  61  0
-60  40  -27  0
45  -68  -28  0
31  21  53  0
53  36  69  0
-50  -15  33  0
33  48  32  0
-72  -9  16  0
27  -31  -37  0
-43  -23  -67  0
17  -48  63  0
80  55  -59  0
-76  53  -40  0
-35  -11  43  0
35  -16  -68  0
50  -13  38  0
19  -11  64  0
41  -6  69  0
-60  33  75  0
-18  38  -16  0
-10  -27  12  0
31  -17  -10  0
-24  -67  -14  0
-40  -26  49  0
63  72  37  0
-69  -47  -73  0
-5  11  56  0
-12  -80  -29  0
50  -36  30  0
3  -29  71  0
72  13  48  0
-43  40  -72  0
-80  36  -74  0
-58  36  -61  0
-36  -32  38  0
24  -62  -44  0
-16  -34  24  0
-47  -31  25  0
-11  23  58  0
51  -27  4  0
54  46  -50  0
13  55  64  0
-59  -62  -6  0
17  69  -70  0
-4  -68  -59  0
-20  -64  -65  0
3  -49  -80  0
-27  -26  19  0
54  31  9  0
46  -7  14  0
65  -8  -23  0
-39  -28  -67  0
74  11  76  0
-65  -20  5  0
36  57  13  0
52  46  5  0
76  -53  -66  0
-64  32  43  0
-21  52  -62  0
-43  -77  -47  0
-56  9  -46  0
-18  -10  -53  0
3  -27  -64  0
40  -67  53  0
-79  16  -44  0
51  -32  -62  0
48  -41  -5  0
-80  36  -32  0
-80  35  -8  0
18  68  79  0
-30  -63  -39  0
60  -43  -66  0
-31  5  -8  0
-29  54  53  0
-44  19  -15  0
12  43  74  0
46  -49  -36  0
-25  54  -21  0
77  62  -79  0
70  -50  -15  0
-69  67  -80  0
20  -64  -32  0
74  22  -16  0
-59  -24  68  0
-53  -29  -24  0
-68  -19  -42  0
78  39  75  0
3  -11  58  0
-26  72  73  0
14  41  -69  0
-78  -37  80  0
10  -56  -28  0
-25  39  18  0
8  74  32  0
-59  74  -61  0
48  -4  78  0
64  17  -41  0
-29  19  -51  0
61  74  -30  0
-22  7  14  0
40  -37  44  0
-45  -39  57  0
10  22  11  0
48  44  -54  0
-37  6  -5  0
23  56  20  0
34  -68  9  0
12  -71  52  0
-51  -79  38  0
-64  -57  -43  0
-21  60  -26  0
-25  -53  -5  0
-16  -24  38  0
35  -11  72  0
46  -60  76  0
33  -77  18  0
-65  -23  -30  0
29  -26  56  0
74  21  8  0
-20  17  8  0
5  46  25  0
