c mkcnf random cnf with seed 435497, max clause length 3
c FORCED SATISFIABLE
c 
p cnf 80  344
-50  -49  63  0
-78  25  -26  0
64  70  35  0
-30  4  40  0
44  32  30  0
-41  29  -52  0
-34  70  -43  0
-28  32  3  0
67  -54  -64  0
-24  -5  -74  0
48  24  -69  0
9  -40  -22  0
72  -17  -10  0
-65  -8  -22  0
53  72  10  0
21  -9  20  0
-31  59  10  0
28  36  12  0
72  34  56  0
-53  6  16  0
-74  -48  46  0
-21  -27  -48  0
3  -21  80  0
31  -8  70  0
48  47  -49  0
40  3  33  0
-77  50  -9  0
67  -56  28  0
-43  -8  -59  0
-33  60  43  0
-59  -48  -17  0
41  -18  -32  0
-13  -29  33  0
-58  -33  -5  0
-68  50  -51  0
-5  38  -48  0
-57  -16  -9  0
60  -45  -68  0
58  10  -11  0
-17  -52  49  0
-74  -20  -43  0
-25  49  -8  0
-63  53  -13  0
-32  -65  -58  0
32  -21  -69  0
17  58  63  0
-52  -17  -72  0
71  -31  -52  0
-33  74  17  0
63  -25  -10  0
45  -27  66  0
47  -39  -57  0
-34  -62  73  0
-59  37  58  0
-45  -1  -25  0
65  19  -43  0
1  45  51  0
16  -20  -40  0
-68  -26  -25  0
-54  -58  8  0
-10  -42  9  0
-25  1  -75  0
-46  -21  -80  0
-14  75  -9  0
-21  -40  36  0
-64  -33  -30  0
68  -45  -11  0
-36  61  -73  0
-56  -63  -29  0
55  78  -22  0
-17  -24  -13  0
61  37  13  0
-72  -33  53  0
-37  -14  -29  0
-24  -62  -12  0
57  29  64  0
-29  -49  -80  0
-69  -26  -18  0
-69  5  -48  0
9  -73  -35  0
24  80  17  0
66  -78  -44  0
-56  44  -39  0
22  13  -75  0
54  61  38  0
53  30  64  0
-77  -80  5  0
68  -51  12  0
-44  -52  -46  0
-66  39  62  0
-38  50  65  0
1  71  -67  0
74  -69  45  0
79  -5  -76  0
67  -9  -32  0
-21  -46  36  0
-72  -71  -35  0
59  1  42  0
-25  58  80  0
-22  70  -26  0
72  -14  -76  0
-57  41  38  0
26  15  39  0
-79  41  6  0
-66  49  76  0
43  45  -13  0
17  4  -71  0
53  17  -76  0
-18  -1  -6  0
-2  -63  -78  0
-41  58  -34  0
13  -47  17  0
49  -77  -37  0
17  -52  -42  0
-60  -3  42  0
-34  -53  28  0
43  61  35  0
-55  59  6  0
63  78  -43  0
-45  74  80  0
39  -27  29  0
19  -31  -27  0
-51  -43  39  0
-28  -9  37  0
32  67  -29  0
-20  -4  66  0
51  70  -56  0
45  75  -42  0
7  5  62  0
-68  -36  46  0
-12  51  -77  0
67  -38  -30  0
73  66  50  0
70  72  -74  0
42  48  44  0
-79  -69  -15  0
-29  -76  -17  0
-4  36  -51  0
-35  -60  78  0
12  58  -68  0
80  75  -45  0
48  21  -10  0
65  66  -70  0
-23  -47  -71  0
62  -26  -58  0
-31  -7  22  0
-66  -18  -28  0
-22  -68  -77  0
72  -7  -9  0
-40  -79  12  0
72  -15  14  0
75  -1  -11  0
-20  -1  -2  0
36  23  -74  0
7  -73  75  0
29  46  -6  0
4  -61  40  0
80  12  -4  0
9  79  19  0
79  -14  23  0
10  68  30  0
65  10  -78  0
-56  13  77  0
-28  25  34  0
-54  -27  52  0
34  -80  9  0
34  -63  -45  0
-65  -69  -5  0
-55  -12  -51  0
24  -14  40  0
-70  61  6  0
26  -27  -78  0
-34  -58  -47  0
-12  -47  41  0
-38  -39  -17  0
-20  -49  -31  0
56  -73  36  0
71  -56  -42  0
16  -32  -13  0
20  -32  59  0
72  -33  4  0
-60  -32  -35  0
10  27  70  0
-63  43  -67  0
3  56  -79  0
-50  42  18  0
79  67  3  0
49  80  -51  0
3  80  77  0
-64  6  65  0
11  -13  5  0
-72  -18  -76  0
9  -57  73  0
29  -42  -34  0
50  7  -63  0
14  -52  73  0
30  -31  -64  0
-45  73  60  0
48  -55  28  0
36  48  47  0
-38  32  40  0
-1  34  60  0
-30  -56  -75  0
-38  -58  47  0
78  53  -46  0
60  -39  53  0
-4  -43  -38  0
76  6  -1  0
-6  20  -37  0
51  -76  -3  0
61  -64  -29  0
-47  60  -45  0
-52  -4  61  0
-20  -74  40  0
-20  79  -55  0
-22  -70  73  0
-80  -32  -71  0
3  22  38  0
-77  -11  -45  0
-19  75  35  0
-55  31  53  0
75  -78  12  0
40  9  60  0
-5  1  45  0
-58  75  -79  0
-46  -64  14  0
80  -7  1  0
5  -58  35  0
64  39  71  0
-39  -56  -7  0
2  80  45  0
12  -72  2  0
-58  -37  12  0
5  -32  48  0
74  1  27  0
42  63  77  0
-64  28  -23  0
-23  43  -54  0
77  75  10  0
72  -1  63  0
47  -15  -43  0
73  -62  3  0
63  -48  45  0
-31  12  -22  0
-72  20  69  0
-51  -80  -22  0
-49  -58  18  0
76  1  54  0
-75  -30  55  0
-77  -32  -59  0
-65  -37  45  0
-7  -38  67  0
-26  -3  -62  0
46  76  67  0
16  76  -69  0
4  -17  49  0
30  -78  60  0
-15  -28  -65  0
35  -66  13  0
-59  -46  5  0
24  38  -26  0
-62  -39  32  0
-25  26  -66  0
-42  -54  -44  0
33  65  -60  0
-34  -24  33  0
32  -31  -44  0
-6  50  76  0
-31  -42  51  0
-31  -70  36  0
55  78  -37  0
25  64  44  0
-13  -67  -45  0
55  27  -59  0
-53  22  70  0
-33  17  22  0
64  8  25  0
53  11  -59  0
7  79  -2  0
33  -35  -40  0
-19  -12  69  0
-58  -69  45  0
28  26  15  0
-74  36  26  0
-6  33  -56  0
-50  76  71  0
-61  78  -36  0
-22  -77  80  0
-68  -29  41  0
-55  45  61  0
-19  43  57  0
53  -79  31  0
74  63  -36  0
-10  -28  26  0
-49  -36  54  0
46  9  1  0
49  29  -26  0
3  73  80  0
-19  65  58  0
-67  2  -16  0
-40  25  -44  0
-58  70  -68  0
61  34  -54  0
69  -7  75  0
46  -1  -20  0
-4  29  38  0
-68  -64  -42  0
31  -2  17  0
20  -74  -25  0
67  -42  6  0
-51  11  14  0
-14  -75  -62  0
31  -33  37  0
61  37  -27  0
78  -65  69  0
-75  -1  -18  0
-27  -30  -77  0
-53  43  36  0
-26  28  -41  0
-79  62  -33  0
-30  23  -61  0
-22  -7  76  0
-23  -67  79  0
55  -76  -26  0
-28  -44  -45  0
8  -56  -38  0
3  23  77  0
1  61  55  0
4  -32  44  0
55  30  35  0
4  -68  11  0
80  14  35  0
6  53  -25  0
33  27  -36  0
-76  -33  -23  0
80  70  -21  0
-1  -80  -7  0
-47  30  18  0
1  51  -28  0
-58  65  -44  0
-42  25  -73  0
-25  -75  39  0
27  -76  75  0
76  47  80  0
