c mkcnf random cnf with seed 435514, max clause length 3
c FORCED SATISFIABLE
c 
p cnf 80  344
11  73  -8  0
-3  21  35  0
25  -44  -49  0
-74  53  64  0
15  -16  3  0
38  -76  -28  0
21  63  -53  0
-46  -45  36  0
68  -53  -46  0
-17  -40  44  0
71  45  28  0
-64  -65  19  0
71  -23  -64  0
35  50  20  0
61  -30  -77  0
-63  -45  -16  0
-49  -24  -77  0
19  -11  -5  0
-14  78  -37  0
76  11  -58  0
-71  42  53  0
73  -61  -33  0
-26  79  -70  0
-56  -67  -62  0
33  -63  62  0
-40  -1  9  0
47  54  1  0
35  14  -36  0
26  -49  22  0
48  -13  8  0
-2  52  -18  0
63  -25  75  0
-37  19  -9  0
26  -46  -44  0
71  -69  -78  0
2  -71  39  0
-68  -6  80  0
29  -6  -53  0
-69  2  45  0
-8  7  58  0
40  22  -4  0
29  -67  -79  0
76  53  -75  0
-74  -60  64  0
-1  73  -8  0
75  -39  7  0
15  -73  -77  0
-14  62  -20  0
71  42  38  0
16  -47  33  0
69  -11  -1  0
-21  7  45  0
45  24  72  0
65  19  -67  0
-4  15  43  0
-51  -53  6  0
-75  -69  -66  0
-9  -11  63  0
-66  78  9  0
-26  -68  -58  0
-67  12  49  0
28  -5  -52  0
-59  14  -41  0
-59  50  -25  0
72  -66  3  0
12  46  -52  0
-14  58  -41  0
-74  -38  -9  0
13  12  -49  0
51  35  40  0
19  47  78  0
59  -15  -42  0
-61  -14  53  0
-42  30  -66  0
-67  4  58  0
-14  77  16  0
-16  -79  19  0
-80  -18  41  0
56  19  -76  0
14  11  36  0
-24  21  -51  0
-59  23  43  0
-29  -16  72  0
49  13  52  0
1  56  63  0
-74  -16  -28  0
64  -56  -76  0
72  41  -2  0
16  23  -56  0
16  60  39  0
76  -9  -42  0
-1  30  -34  0
68  -40  -21  0
4  -67  1  0
-15  26  -72  0
-43  30  -70  0
-71  70  5  0
52  -39  -48  0
-25  -30  -23  0
-55  -69  -68  0
34  71  -79  0
-66  -42  33  0
-43  -71  -73  0
38  -30  53  0
15  -22  -3  0
-55  70  -26  0
9  -3  62  0
-66  25  67  0
14  2  -69  0
69  -48  -59  0
21  -76  -11  0
39  64  23  0
72  -27  60  0
78  63  62  0
13  -44  -38  0
27  13  74  0
66  64  -71  0
-63  49  38  0
65  -34  78  0
73  -2  -64  0
54  24  -2  0
-55  -67  2  0
-72  -50  -74  0
-54  28  -64  0
27  19  -72  0
17  -57  5  0
-69  -48  78  0
77  -13  49  0
35  5  46  0
-51  12  -7  0
-17  -28  -3  0
32  -40  20  0
54  -7  -35  0
-19  -27  -47  0
-71  79  42  0
38  -17  -80  0
56  -78  -28  0
18  -56  70  0
38  -57  -73  0
-51  -9  11  0
-1  7  -75  0
-61  3  15  0
-50  40  13  0
59  45  40  0
-73  -8  -55  0
57  -71  59  0
75  -71  62  0
66  39  42  0
49  -39  -77  0
50  -27  42  0
-44  -34  -39  0
49  -18  -15  0
59  56  -33  0
-51  -31  -22  0
-10  80  -19  0
-25  36  -23  0
79  -36  -42  0
-11  -61  69  0
-20  -34  70  0
58  14  -2  0
-66  -74  21  0
-55  -59  25  0
-49  -47  66  0
-62  46  -22  0
28  -20  -62  0
17  46  72  0
56  9  -37  0
77  -30  47  0
13  -40  56  0
-40  8  -37  0
-63  66  59  0
-70  -34  67  0
-74  65  -43  0
-55  28  -80  0
-52  79  67  0
-13  -79  29  0
-38  -26  58  0
55  -73  15  0
-26  -10  15  0
-5  -56  -32  0
4  -29  80  0
1  -19  36  0
-59  -50  28  0
68  -55  77  0
40  24  9  0
-68  -39  72  0
46  -21  -55  0
48  -21  -39  0
29  -45  2  0
-72  24  -42  0
-16  -37  -8  0
2  51  -67  0
-70  -41  23  0
-19  36  -41  0
-76  51  31  0
-3  -54  -44  0
2  32  -3  0
-79  -77  5  0
-44  40  78  0
-34  21  32  0
48  -43  13  0
-42  18  -31  0
77  9  -63  0
-54  28  -48  0
28  68  -44  0
75  55  -30  0
-69  34  61  0
16  50  -39  0
44  57  -69  0
31  -40  -47  0
33  26  -66  0
-59  -35  -65  0
61  72  -40  0
15  53  26  0
9  -58  67  0
-9  -22  -48  0
74  73  -78  0
-5  55  43  0
-26  -46  -65  0
57  48  -75  0
61  25  30  0
60  29  -49  0
9  -8  -73  0
80  25  44  0
-80  59  16  0
-58  8  -63  0
6  69  56  0
8  27  40  0
-16  -40  -11  0
33  48  -67  0
-23  79  29  0
-77  -39  59  0
-62  -32  -65  0
-57  -51  38  0
25  63  -42  0
36  60  -5  0
-4  55  62  0
29  26  -27  0
-10  67  57  0
-66  -23  -55  0
38  67  31  0
49  -55  22  0
-55  -11  -58  0
-52  -16  1  0
73  65  -54  0
37  10  -14  0
11  -27  16  0
-41  -35  54  0
53  39  17  0
73  11  -55  0
-42  -33  -40  0
4  -59  -22  0
48  33  -24  0
45  68  -32  0
66  -11  10  0
-35  -59  -36  0
-52  -32  -73  0
-74  75  -8  0
-52  -44  -51  0
-7  -1  25  0
-15  50  35  0
70  -10  74  0
-31  3  6  0
-23  52  4  0
9  -57  79  0
-26  -1  2  0
64  -23  -46  0
30  -52  58  0
40  -19  15  0
3  -7  66  0
11  51  74  0
68  3  -54  0
-12  18  60  0
28  -1  60  0
-22  65  -60  0
-44  -73  -62  0
-21  5  -59  0
-10  -71  72  0
-16  -17  77  0
-76  46  14  0
-14  -15  -27  0
-11  -47  -49  0
-80  15  -29  0
18  44  -72  0
-4  -46  58  0
-72  36  53  0
-44  -31  -65  0
63  -59  -11  0
61  -45  -46  0
57  -48  19  0
64  -3  13  0
20  -40  -61  0
6  -23  8  0
71  36  -7  0
58  51  -45  0
24  60  -25  0
62  -49  55  0
63  51  -78  0
28  65  -73  0
53  -36  -45  0
-71  9  64  0
57  24  -53  0
65  34  -54  0
-27  48  -23  0
-44  13  68  0
45  11  34  0
-46  20  -66  0
53  7  30  0
67  -78  -26  0
26  68  40  0
-9  57  -65  0
-16  22  23  0
-65  -45  57  0
-47  6  -51  0
-14  -64  4  0
-1  28  -79  0
-60  8  -54  0
-46  -14  -32  0
10  24  -21  0
-30  2  -13  0
-62  -47  11  0
-22  -20  74  0
-11  -40  17  0
-72  33  42  0
32  -50  -41  0
47  -31  38  0
-27  62  1  0
8  -43  54  0
-79  17  6  0
-29  4  -31  0
-24  -20  43  0
-12  73  -79  0
10  -29  -9  0
26  10  -78  0
-61  80  -70  0
2  77  32  0
4  27  45  0
-8  -49  75  0
18  44  -27  0
35  -7  -51  0
-14  -69  -65  0
-52  -80  25  0
-77  73  -71  0
19  -51  -64  0
