c mkcnf random cnf with seed 435591, max clause length 3
c FORCED SATISFIABLE
c 
p cnf 80  344
-29  35  -14  0
66  -4  -44  0
56  63  -17  0
62  -55  -76  0
-2  -49  -17  0
1  -14  -3  0
-73  52  -24  0
-6  7  -46  0
21  -17  69  0
-74  -26  23  0
-47  -13  -51  0
36  -32  79  0
27  -79  -23  0
24  -77  55  0
-30  -57  -56  0
73  52  -41  0
-42  -43  -68  0
-33  67  -56  0
38  26  -22  0
-51  21  56  0
36  -80  -12  0
53  77  -16  0
-64  -31  -19  0
52  34  69  0
-64  80  -73  0
16  28  62  0
-18  -63  67  0
-36  69  -73  0
44  -13  -68  0
-11  -31  -61  0
65  -29  44  0
-14  -55  48  0
-24  56  -30  0
-44  -9  79  0
-64  -66  -36  0
-2  -66  76  0
-61  12  16  0
5  13  58  0
-38  55  -74  0
-53  28  32  0
78  46  -54  0
39  -29  26  0
-75  45  -28  0
72  65  -59  0
-61  64  -79  0
35  -58  -76  0
69  -41  20  0
-2  27  -78  0
-52  -69  -3  0
-71  -39  -19  0
-47  -37  29  0
30  -20  26  0
8  45  21  0
77  47  59  0
4  -79  -63  0
-24  18  -68  0
-2  -44  -23  0
44  28  37  0
-15  42  39  0
-2  -39  72  0
-25  46  -12  0
-43  71  3  0
-25  33  62  0
-33  58  -29  0
-9  -25  1  0
36  66  40  0
-47  62  4  0
-54  21  -33  0
-44  -48  27  0
-23  -41  43  0
-4  -43  44  0
-25  -77  -76  0
48  -10  -25  0
49  59  -31  0
42  9  56  0
61  -12  -66  0
-74  -59  -60  0
51  -13  44  0
56  15  12  0
-66  72  32  0
-59  -66  44  0
-38  -65  66  0
4  76  52  0
-39  67  74  0
-67  50  -56  0
59  25  -66  0
-30  4  2  0
40  -61  65  0
-32  73  18  0
-32  -31  -20  0
78  -41  -5  0
-72  64  -29  0
74  23  -10  0
-66  38  16  0
23  36  -60  0
13  11  -12  0
64  4  -9  0
8  43  -44  0
-72  -56  -67  0
-60  69  61  0
45  9  33  0
-69  -75  66  0
-56  -61  4  0
-74  -10  -64  0
5  56  -13  0
-77  30  27  0
-38  -45  -11  0
71  35  11  0
-2  3  27  0
36  -13  -49  0
-48  36  78  0
-32  -29  -33  0
-12  -31  -70  0
-22  46  -9  0
62  -71  -39  0
62  -60  58  0
-54  62  52  0
-7  51  76  0
54  49  -21  0
14  -59  31  0
43  40  -63  0
-49  5  -32  0
42  78  -21  0
-12  -32  -55  0
-6  -10  68  0
3  -19  18  0
78  72  39  0
-42  16  59  0
-62  1  3  0
-12  -37  7  0
11  69  46  0
-47  -71  66  0
24  -47  1  0
-47  52  -41  0
55  -38  -59  0
53  68  -45  0
-20  41  80  0
-64  23  60  0
-70  10  -38  0
-32  -54  -25  0
59  53  79  0
-61  -12  18  0
14  -72  7  0
55  -6  -40  0
67  -3  -52  0
-76  -40  18  0
32  -21  -57  0
-55  -4  -70  0
63  -68  -29  0
-52  -40  16  0
54  50  23  0
16  -73  -72  0
-13  -25  -8  0
-59  8  -35  0
47  -20  -25  0
-34  -54  72  0
54  -46  30  0
49  -57  -21  0
36  -4  -38  0
-55  7  -28  0
51  -59  32  0
35  -70  -58  0
66  -61  62  0
80  29  -6  0
-45  53  -20  0
50  32  -1  0
6  30  -5  0
13  40  -79  0
32  -49  75  0
76  -48  -7  0
-28  42  -48  0
53  4  18  0
-59  -34  -2  0
-76  44  -24  0
13  -65  -22  0
18  -28  -4  0
-58  71  28  0
63  -26  -38  0
10  66  -14  0
29  34  -36  0
-76  52  26  0
-22  47  2  0
-29  51  -43  0
29  68  16  0
69  -77  -9  0
-79  -65  69  0
12  33  10  0
33  70  66  0
-66  23  -13  0
-1  69  65  0
24  65  -77  0
-53  -2  -43  0
10  50  71  0
-27  -53  -21  0
-28  69  -50  0
-6  -43  58  0
-53  38  3  0
-52  80  -34  0
77  -47  -23  0
41  -68  -34  0
-53  -5  -21  0
-62  -36  -2  0
-77  -39  -73  0
-22  18  32  0
-74  -31  -49  0
77  13  -38  0
71  -57  50  0
-74  41  8  0
-42  -73  65  0
-24  -62  -61  0
36  -5  -76  0
50  77  25  0
11  -48  25  0
25  -8  -66  0
-45  -10  41  0
55  -54  74  0
-67  -44  -42  0
-17  46  6  0
71  73  44  0
-56  -35  -9  0
-67  -74  -4  0
39  -9  45  0
-59  20  -5  0
76  9  28  0
22  -35  -27  0
70  68  6  0
52  -41  22  0
68  14  71  0
-32  -1  -78  0
70  -49  72  0
13  -49  -73  0
-14  16  41  0
-44  -8  -9  0
58  20  35  0
29  -34  65  0
-55  8  48  0
-31  1  -70  0
49  -35  36  0
34  23  -11  0
-54  3  -41  0
58  48  -79  0
-49  65  -44  0
6  68  -47  0
-20  -23  26  0
34  -72  46  0
31  16  20  0
59  63  23  0
-68  47  65  0
-31  -14  -74  0
-10  -76  58  0
-11  17  6  0
22  2  -57  0
-18  29  37  0
38  -68  -48  0
-3  -66  58  0
-63  18  -39  0
-37  -63  -74  0
-16  18  47  0
2  58  -59  0
-55  -13  79  0
48  -56  -21  0
-38  -62  34  0
24  -79  -42  0
4  67  46  0
3  -49  65  0
6  -23  3  0
32  -61  -66  0
-77  -45  -74  0
64  -15  -21  0
-59  -27  -26  0
65  21  -56  0
64  -71  -42  0
50  -23  28  0
24  12  -32  0
18  -76  -1  0
53  -44  -33  0
-53  -49  18  0
-65  21  9  0
-71  4  19  0
-14  28  -45  0
9  -53  -12  0
-65  19  60  0
36  34  67  0
-2  43  -65  0
-10  -34  -46  0
31  -56  74  0
-74  48  -25  0
50  38  8  0
30  35  -38  0
29  -26  -15  0
-14  -3  11  0
-59  29  8  0
-47  29  76  0
6  -59  -40  0
2  -55  -66  0
-33  2  -68  0
-33  -67  36  0
14  -74  3  0
-13  -40  15  0
-13  -73  -5  0
-26  -33  -14  0
-39  -17  -48  0
22  18  -59  0
50  -31  63  0
27  -20  -25  0
24  76  -75  0
19  60  2  0
22  -65  23  0
28  -76  -35  0
-61  75  -70  0
-56  22  -69  0
12  33  35  0
-60  -19  30  0
58  -56  -49  0
11  -10  -77  0
-47  -10  54  0
40  -20  62  0
63  -36  48  0
-2  -43  75  0
-43  65  -46  0
55  -50  -77  0
-59  80  -4  0
15  29  63  0
30  76  79  0
-64  41  -75  0
51  59  -24  0
77  74  -14  0
70  -43  -17  0
47  -35  8  0
44  -67  69  0
13  37  -9  0
-50  6  68  0
-48  -3  -41  0
75  78  -28  0
-65  6  -61  0
-74  40  -12  0
36  48  -57  0
63  -14  -74  0
-14  46  -9  0
-58  32  -72  0
-18  35  45  0
30  -24  61  0
-6  48  50  0
-29  -64  76  0
