c mkcnf random cnf with seed 435506, max clause length 3
c FORCED SATISFIABLE
c 
p cnf 80  344
-67  -76  53  0
-19  -68  -27  0
76  -31  54  0
-24  15  -62  0
45  -39  -69  0
36  43  52  0
-80  39  44  0
48  -42  55  0
-71  -39  44  0
44  65  41  0
65  -21  -1  0
30  43  -17  0
75  41  77  0
45  38  -62  0
-10  26  70  0
9  -79  -21  0
60  -26  79  0
-79  19  -14  0
-66  33  -17  0
62  -30  41  0
-40  56  -76  0
-26  19  -10  0
-73  -15  -41  0
-1  -54  -15  0
80  -50  -46  0
72  -78  -56  0
-51  -54  70  0
61  23  -4  0
12  -79  18  0
8  -1  -5  0
30  75  -48  0
66  71  10  0
22  -10  38  0
-54  -50  29  0
-37  -33  16  0
37  -12  -27  0
-65  40  69  0
-37  -53  -56  0
63  -35  2  0
36  -53  -28  0
25  71  48  0
-47  -12  -57  0
10  53  -26  0
-66  -34  33  0
53  -44  72  0
73  24  14  0
3  -1  74  0
33  34  -7  0
7  -24  -32  0
10  -17  52  0
9  -77  16  0
-29  -36  -35  0
-72  -4  -21  0
-27  -28  46  0
-68  34  -47  0
-18  59  4  0
38  57  -19  0
-21  73  53  0
-40  -20  -68  0
15  -71  16  0
-7  -4  30  0
-78  35  -9  0
-56  62  -11  0
-32  -54  -48  0
-54  -62  -66  0
-9  54  -1  0
-51  -15  42  0
-53  -34  61  0
-66  6  -14  0
-49  -15  -35  0
-35  -15  -18  0
-19  31  -41  0
-5  -14  78  0
33  2  -70  0
69  -24  19  0
68  80  -50  0
19  73  75  0
-41  -1  -80  0
29  16  50  0
-36  -55  18  0
-6  64  -74  0
65  -39  -62  0
-2  59  -50  0
-50  -34  23  0
-19  77  29  0
-44  73  27  0
-37  30  -6  0
57  -35  14  0
9  68  6  0
49  -17  3  0
26  -33  56  0
-63  20  -18  0
-30  -15  -44  0
-40  2  59  0
32  2  -13  0
48  7  58  0
57  -45  -39  0
37  62  -55  0
65  71  13  0
-35  -60  -73  0
-26  -8  -56  0
56  46  19  0
45  52  31  0
-5  6  -79  0
-41  9  74  0
-54  65  -79  0
-43  12  -42  0
-62  63  -79  0
-58  44  8  0
4  75  2  0
31  -19  -41  0
77  -44  70  0
-6  28  25  0
-60  67  -6  0
48  50  49  0
-19  27  -58  0
-66  -32  -48  0
-67  -40  -74  0
40  1  61  0
-12  44  -52  0
-77  12  42  0
-68  -38  3  0
50  32  23  0
-28  40  -54  0
-72  -18  71  0
-42  48  -73  0
48  -6  -22  0
-65  71  49  0
10  -80  75  0
72  12  36  0
-78  -60  28  0
-36  19  20  0
-33  73  -48  0
-56  -4  11  0
60  6  -4  0
-17  37  -80  0
66  -9  41  0
57  71  60  0
-11  -67  -1  0
45  20  11  0
44  -67  -57  0
44  -49  -75  0
-75  -4  40  0
-40  13  35  0
-48  60  14  0
-15  -71  49  0
70  -25  -15  0
-50  63  -14  0
49  20  -31  0
59  10  76  0
-38  -66  65  0
-79  -69  58  0
-13  43  61  0
-4  -28  29  0
-50  -54  29  0
36  62  41  0
-49  4  73  0
-14  80  49  0
-4  60  8  0
37  -65  -79  0
47  -19  22  0
-58  -29  -9  0
-44  -1  -36  0
62  2  -49  0
10  19  17  0
-54  -11  30  0
-39  40  -28  0
59  -71  -75  0
61  -63  -76  0
-29  50  -37  0
4  2  6  0
12  59  -7  0
-15  -35  -69  0
-7  43  47  0
8  46  -5  0
-3  20  80  0
-31  20  57  0
-42  -38  -58  0
-46  27  -7  0
-14  -42  61  0
66  -69  -43  0
-40  -13  71  0
-14  -46  75  0
-35  -73  1  0
71  -27  -33  0
-56  -78  46  0
76  -39  -75  0
-43  -77  -17  0
63  45  31  0
-64  -3  -22  0
59  -47  78  0
41  -22  -59  0
-48  -61  -41  0
58  -60  -41  0
-37  -62  -63  0
40  25  27  0
38  -67  60  0
75  54  37  0
42  29  37  0
45  -7  40  0
62  35  57  0
29  -32  69  0
20  22  -5  0
-34  19  29  0
-78  -34  -33  0
-47  76  58  0
-75  -24  57  0
-35  -23  -22  0
-63  -33  41  0
-23  -39  41  0
35  -13  -29  0
-61  -30  -45  0
46  -19  58  0
-17  -32  70  0
-16  51  -66  0
58  25  6  0
-70  -39  -2  0
22  72  28  0
50  34  -44  0
-71  36  -41  0
18  -72  67  0
32  -40  76  0
-66  26  5  0
-27  -21  -51  0
65  -17  77  0
-9  -62  -44  0
73  78  55  0
35  37  53  0
-51  80  -50  0
65  -32  -27  0
-49  28  18  0
65  -27  19  0
-72  2  -65  0
-77  57  -79  0
38  35  18  0
-73  -59  -1  0
71  22  80  0
65  72  -42  0
36  13  -41  0
43  9  -65  0
-50  -58  -69  0
-77  59  -40  0
-30  -38  -13  0
77  -57  55  0
-28  50  80  0
-46  80  -14  0
77  21  -19  0
15  61  -78  0
-28  39  -38  0
12  -52  14  0
-25  16  -14  0
-61  -42  -36  0
-47  -76  -6  0
6  -21  49  0
-50  -75  -31  0
39  -29  19  0
-46  59  -4  0
20  -40  62  0
66  65  -52  0
31  -18  -16  0
-27  -50  -51  0
32  -9  35  0
-6  75  -54  0
67  -34  48  0
2  -74  -27  0
80  23  -49  0
-73  -80  69  0
-32  17  -3  0
-76  -44  -66  0
-53  47  -10  0
-44  31  -51  0
-18  -40  53  0
-65  -73  3  0
-6  30  45  0
62  -50  -36  0
-26  -8  -48  0
-74  49  16  0
11  38  -32  0
-39  -22  -70  0
-38  3  67  0
77  59  -29  0
46  40  -32  0
-54  41  -14  0
23  73  -72  0
66  -50  -17  0
74  -75  56  0
-43  -74  -17  0
37  -34  -6  0
-50  -3  -10  0
54  20  -60  0
-58  21  -60  0
52  40  56  0
-38  26  80  0
27  -65  73  0
73  21  -77  0
-24  48  12  0
57  -52  41  0
-79  -14  24  0
31  79  37  0
-50  59  70  0
58  -10  -44  0
5  78  -79  0
42  -9  26  0
72  -65  3  0
20  71  -79  0
-74  -63  15  0
-59  80  52  0
33  18  56  0
29  -44  26  0
29  -2  35  0
-34  43  -79  0
17  -48  -40  0
-21  78  58  0
6  56  5  0
-56  -23  2  0
-29  36  54  0
28  22  -24  0
27  7  26  0
-38  -4  53  0
-79  64  -45  0
45  72  -21  0
52  12  -70  0
-60  -33  -65  0
-26  -58  -40  0
72  -14  -64  0
-75  36  67  0
-33  60  19  0
39  -5  -62  0
-14  10  -2  0
39  36  71  0
3  78  -41  0
-8  -21  -73  0
-64  -79  65  0
-31  -15  -52  0
11  7  -51  0
-6  -77  33  0
55  -37  -60  0
35  2  -58  0
-18  10  31  0
3  53  -9  0
-31  -23  22  0
-32  -73  -30  0
29  12  -21  0
20  -60  51  0
