c mkcnf random cnf with seed 435517, max clause length 3
c FORCED SATISFIABLE
c 
p cnf 80  344
-70  -2  31  0
54  -19  -65  0
-23  27  75  0
4  27  56  0
-51  9  -39  0
50  -55  -51  0
54  -48  -59  0
-55  -13  2  0
-44  -75  -39  0
-53  -65  31  0
28  55  11  0
59  7  -43  0
12  -55  -28  0
-51  47  -42  0
60  70  78  0
76  54  -59  0
59  54  77  0
-56  -50  1  0
33  -55  47  0
-61  -72  39  0
-3  -5  29  0
67  69  -50  0
-67  24  -48  0
13  16  76  0
36  25  -2  0
-18  -27  62  0
-56  66  -34  0
60  -68  -39  0
-6  -15  69  0
12  -27  73  0
-2  -60  -62  0
80  19  -45  0
18  -76  9  0
28  -47  3  0
4  18  -51  0
52  35  28  0
-23  3  -29  0
46  50  -49  0
73  -41  68  0
-72  -68  38  0
-77  14  -25  0
-46  78  20  0
30  -18  -2  0
-49  32  -37  0
-62  -56  59  0
-2  25  -64  0
-66  53  46  0
-26  62  -76  0
-2  -7  51  0
-44  -9  -17  0
46  -22  53  0
75  56  43  0
79  -38  59  0
-30  27  -5  0
4  -55  -40  0
-18  16  -79  0
-3  -75  -43  0
-6  -41  -1  0
-43  18  -70  0
51  -69  6  0
-56  19  55  0
-32  8  -1  0
58  -41  31  0
63  -1  3  0
52  68  18  0
54  -56  5  0
63  75  -47  0
-11  -55  67  0
-74  79  52  0
-3  67  29  0
-57  18  74  0
-49  -25  -41  0
-19  51  55  0
-47  -77  -20  0
65  72  74  0
-59  -58  -75  0
27  -56  12  0
-56  -57  24  0
59  60  56  0
-36  -29  80  0
-31  28  -10  0
11  68  28  0
58  -70  -77  0
5  -20  9  0
-43  -48  -26  0
-78  75  35  0
-10  62  17  0
-39  37  -24  0
-3  59  -31  0
-66  -12  -72  0
-1  -66  -18  0
-75  44  -31  0
22  -49  -70  0
-47  -11  70  0
-37  -54  -12  0
-53  -40  -10  0
60  -76  30  0
18  7  37  0
66  -76  -26  0
-41  -51  -23  0
61  -47  -40  0
-57  -4  -10  0
-68  65  60  0
-76  77  71  0
76  8  -57  0
2  4  -45  0
-36  -80  65  0
-46  42  41  0
27  9  60  0
71  -38  -42  0
65  53  61  0
-53  -58  -61  0
-67  -50  15  0
-74  -65  -77  0
45  22  -49  0
60  -73  -31  0
-15  75  10  0
-23  -62  72  0
-75  10  -11  0
-66  15  8  0
-37  -3  -72  0
2  -64  -35  0
-52  8  -46  0
-25  -55  14  0
33  -28  20  0
59  -39  -36  0
71  4  15  0
-35  7  75  0
-3  36  47  0
-18  -58  6  0
76  -5  -62  0
-44  40  24  0
-49  -7  64  0
-63  64  -38  0
-23  40  -45  0
-47  6  -12  0
-26  75  14  0
77  -60  23  0
50  8  -49  0
12  -46  37  0
-28  23  -12  0
-9  -33  -34  0
43  41  51  0
-13  -54  76  0
-38  -39  48  0
-2  44  34  0
28  30  53  0
-65  -42  62  0
-23  -46  7  0
-10  77  -58  0
-20  -4  38  0
-50  -40  42  0
-9  -61  8  0
-62  31  19  0
-29  28  -2  0
32  -18  74  0
26  41  29  0
-1  6  -2  0
74  -57  44  0
-71  -9  75  0
22  -46  19  0
58  57  51  0
-56  -41  51  0
69  -45  -38  0
45  -80  -21  0
-58  -19  43  0
23  14  -65  0
-32  54  73  0
-55  64  -52  0
43  63  4  0
-31  -72  -16  0
-11  -75  69  0
25  -69  -40  0
-44  -29  -33  0
-12  -31  22  0
19  -74  44  0
-59  21  -39  0
-69  -15  17  0
-49  6  40  0
75  -10  -35  0
59  -40  73  0
-56  -64  -44  0
56  70  64  0
-57  79  69  0
-41  -28  30  0
24  -59  -74  0
-22  -8  11  0
-35  41  -67  0
-6  2  12  0
-34  -73  -49  0
-34  17  44  0
-69  -57  -78  0
59  74  -61  0
-65  -28  30  0
-70  -45  -16  0
-22  16  75  0
24  43  4  0
24  1  -34  0
-51  -76  -22  0
70  -63  17  0
77  -10  -30  0
-17  78  -11  0
-9  64  -48  0
-2  -18  10  0
-74  -9  -61  0
22  -52  -2  0
-30  -36  -56  0
57  38  -78  0
35  32  -29  0
31  -24  -13  0
60  -46  -28  0
73  -35  -19  0
47  51  62  0
66  -47  18  0
9  -39  16  0
23  63  66  0
79  -20  -69  0
9  -48  -7  0
76  28  44  0
-53  22  45  0
32  18  52  0
-47  68  -37  0
-76  44  71  0
-9  80  -24  0
-23  -64  59  0
-59  49  69  0
70  78  -79  0
-57  -51  -31  0
10  -12  -23  0
24  -64  -35  0
6  56  -33  0
-22  51  -57  0
-19  -68  -60  0
67  -5  64  0
-75  68  -32  0
44  -2  -63  0
14  54  2  0
-37  -7  16  0
2  58  -67  0
-14  73  66  0
-66  53  57  0
79  13  2  0
59  -57  -64  0
39  27  41  0
43  33  57  0
18  6  -40  0
18  -40  -71  0
73  -15  -42  0
66  39  -24  0
-60  31  61  0
25  -80  -31  0
-36  -64  -57  0
36  46  -9  0
16  -50  -11  0
49  -24  59  0
36  -75  3  0
51  69  9  0
49  19  -21  0
61  31  -17  0
-25  -10  68  0
17  -37  77  0
-50  27  2  0
-30  -15  -5  0
28  -38  76  0
-57  19  36  0
-30  -77  11  0
-6  -19  -18  0
-59  -20  -9  0
32  8  34  0
34  -13  48  0
9  32  -25  0
33  18  -34  0
-32  -11  -40  0
-63  59  -22  0
-51  -80  55  0
-20  13  -47  0
-17  26  -62  0
-7  -48  -33  0
42  40  10  0
35  76  29  0
-54  58  37  0
-21  -34  24  0
75  76  -18  0
-43  -44  -47  0
-73  14  76  0
-72  6  -26  0
-2  -29  69  0
36  71  -77  0
42  -72  -47  0
-8  -40  4  0
-22  6  12  0
-9  -34  -35  0
-46  -65  -10  0
2  70  -58  0
42  52  38  0
61  7  75  0
66  73  -6  0
-46  7  63  0
-15  -75  47  0
-15  49  20  0
68  -60  -42  0
-11  47  79  0
-46  -32  40  0
7  19  -10  0
13  67  55  0
50  -33  -1  0
-19  41  -44  0
66  -26  8  0
30  -18  -60  0
13  75  -44  0
-60  45  -21  0
-66  -62  26  0
45  -28  48  0
-80  -56  23  0
-29  -63  22  0
-40  66  -12  0
1  20  30  0
71  -27  3  0
63  15  -32  0
-4  18  -55  0
34  -18  39  0
-46  -17  -7  0
-9  73  40  0
47  22  -61  0
79  71  65  0
44  3  26  0
66  -76  -15  0
70  -47  -69  0
-61  -14  -48  0
12  2  3  0
-32  36  -14  0
34  -61  -48  0
-51  -20  65  0
-63  79  -38  0
71  6  -79  0
-76  -1  12  0
-26  -40  -22  0
23  -40  62  0
46  2  -7  0
42  57  -68  0
46  35  74  0
29  -35  49  0
17  -77  -72  0
-20  7  -73  0
