c mkcnf random cnf with seed 435573, max clause length 3
c FORCED SATISFIABLE
c 
p cnf 80  344
-76  -62  35  0
-63  31  -6  0
10  -75  -69  0
-15  -67  47  0
-4  80  -72  0
-65  -32  -77  0
42  53  -25  0
-46  -73  76  0
-77  60  45  0
-14  67  79  0
2  22  66  0
-54  38  42  0
-13  35  -16  0
-31  67  78  0
-5  31  7  0
-36  -15  -76  0
-45  -39  51  0
-80  -63  -38  0
35  -20  70  0
-13  33  -74  0
-28  68  58  0
74  -2  19  0
-7  -12  38  0
31  -55  -58  0
74  -71  -68  0
-49  16  78  0
61  -24  39  0
-24  17  -74  0
-49  -66  -79  0
76  50  -21  0
50  -75  70  0
-70  -67  -57  0
-54  -60  -52  0
18  24  -14  0
-63  7  19  0
-76  -48  62  0
6  52  -34  0
48  8  -50  0
-50  -3  57  0
-33  -47  -75  0
-76  3  -17  0
-77  -25  45  0
-39  62  -19  0
-62  -25  48  0
-26  15  34  0
48  -22  24  0
-26  -21  8  0
-14  -58  62  0
70  66  27  0
-44  -42  1  0
77  -31  17  0
-66  -34  -48  0
-17  -18  -74  0
-21  26  -77  0
7  64  -48  0
31  11  -18  0
79  56  58  0
32  -76  -72  0
66  -38  -54  0
45  49  39  0
-74  -1  19  0
-38  29  -33  0
9  15  39  0
4  32  1  0
-49  -34  -4  0
56  -11  -40  0
61  -52  41  0
-16  -25  -27  0
-19  37  -51  0
78  -19  2  0
45  50  -53  0
46  8  35  0
-29  -47  41  0
50  59  71  0
-15  -34  48  0
-18  4  -76  0
-29  -58  61  0
-24  -39  -41  0
64  11  -78  0
-9  54  -61  0
-4  14  -77  0
19  -14  -67  0
-66  -51  35  0
-30  -4  -23  0
-3  2  40  0
-16  -40  9  0
-42  11  79  0
-68  31  69  0
21  42  54  0
-35  19  69  0
-53  35  -36  0
37  -47  57  0
79  80  35  0
41  -55  -64  0
17  7  3  0
-57  -46  9  0
8  57  49  0
-27  -28  51  0
-80  -28  -58  0
54  -64  47  0
71  -60  14  0
-36  -79  -62  0
28  75  -13  0
57  9  -2  0
-45  43  -31  0
-28  -16  61  0
31  56  42  0
27  -68  44  0
32  12  -55  0
-66  -69  -55  0
-15  -16  -40  0
61  -52  -68  0
-58  18  13  0
29  73  -31  0
53  -64  -25  0
-19  58  -75  0
13  39  78  0
-8  -77  9  0
-80  -61  76  0
-66  23  56  0
6  -10  -36  0
5  -56  9  0
-74  9  76  0
-26  28  65  0
-80  -71  -7  0
-34  -58  74  0
76  35  23  0
23  -39  -48  0
-12  -56  28  0
58  44  60  0
27  52  60  0
-29  57  41  0
73  16  -80  0
-18  -63  16  0
61  -71  -52  0
59  11  68  0
4  -24  69  0
-4  55  31  0
20  -51  7  0
-10  -48  32  0
-79  55  59  0
-21  -28  -40  0
76  11  -23  0
24  57  -62  0
-31  62  -54  0
22  -69  36  0
25  24  53  0
34  15  -2  0
-13  73  40  0
-74  -31  36  0
38  6  -60  0
-49  -46  -33  0
71  -6  42  0
64  23  5  0
71  57  16  0
-7  -25  -33  0
-7  -62  77  0
44  -15  21  0
15  34  43  0
38  36  33  0
-36  -53  20  0
62  9  33  0
-24  63  -35  0
-28  -25  1  0
-21  -80  -3  0
57  -10  -67  0
16  2  -71  0
-37  -75  44  0
-19  -54  55  0
-19  65  74  0
-76  -4  -59  0
-35  32  76  0
12  -13  71  0
-46  66  27  0
38  -79  59  0
8  -34  19  0
-17  12  -22  0
-43  -32  -22  0
67  -41  69  0
-40  79  -55  0
15  -67  4  0
80  -34  21  0
-58  24  10  0
-53  38  51  0
53  -16  -54  0
32  -77  -1  0
-2  -41  -67  0
14  -71  -62  0
-7  -38  65  0
-7  -11  -13  0
4  -71  37  0
46  59  -44  0
9  17  57  0
-32  -28  31  0
-40  -72  10  0
56  61  55  0
-71  54  -45  0
10  -62  -27  0
5  -61  -15  0
2  49  -66  0
-1  -67  77  0
3  66  80  0
41  76  44  0
6  -41  51  0
21  -9  -15  0
-28  23  76  0
-27  -77  -59  0
2  38  -48  0
-57  -36  71  0
-49  71  24  0
-22  37  -72  0
-20  -23  -9  0
-54  -23  -19  0
-76  57  51  0
-22  5  72  0
-80  24  64  0
40  33  49  0
-70  61  32  0
-63  -11  -54  0
-53  55  -42  0
78  65  -32  0
-43  -41  -58  0
16  17  27  0
37  -27  20  0
-23  -20  27  0
-68  25  -14  0
-64  -45  -10  0
61  -67  69  0
41  -74  -32  0
-40  -1  -8  0
37  6  5  0
22  -12  53  0
-19  22  56  0
80  61  -17  0
24  -50  61  0
-7  18  -38  0
79  -61  -80  0
23  -61  38  0
18  -52  33  0
-6  -61  53  0
-21  -70  35  0
-60  -79  76  0
-66  19  -77  0
-69  13  2  0
-47  74  57  0
-72  10  77  0
-37  16  -79  0
63  -19  -61  0
-12  -68  -6  0
-3  41  20  0
-69  40  50  0
31  -34  -30  0
-37  -68  21  0
4  45  69  0
4  -52  -53  0
80  -72  40  0
-48  12  64  0
-8  -64  -34  0
-57  -71  23  0
-39  1  32  0
-8  -51  -15  0
8  -28  9  0
54  -50  -58  0
-13  -24  -49  0
-40  43  66  0
21  16  66  0
-49  46  80  0
-24  -40  73  0
12  -29  -4  0
75  -60  78  0
30  -10  3  0
-78  -22  -49  0
-62  50  23  0
44  -21  -32  0
-3  80  27  0
-18  -32  -56  0
-27  22  44  0
-8  14  -9  0
80  24  40  0
-27  -76  67  0
1  -57  16  0
16  -43  -36  0
-47  42  31  0
-66  -63  -50  0
-31  11  42  0
75  -34  69  0
10  -7  -73  0
30  -67  -55  0
1  -37  68  0
-29  44  31  0
21  5  -34  0
-48  -78  8  0
34  -67  -39  0
-31  10  48  0
65  25  -53  0
-23  -24  -64  0
-33  -38  -35  0
51  49  -15  0
-73  -36  46  0
77  19  60  0
46  43  60  0
-49  -62  34  0
39  40  -34  0
46  -75  -79  0
72  -17  -22  0
71  43  58  0
7  3  56  0
-62  -76  -6  0
80  -9  61  0
56  -36  48  0
-67  35  -77  0
-73  -62  10  0
-48  68  63  0
-75  -2  -40  0
65  -30  -50  0
-80  -44  -22  0
17  -3  48  0
-30  -23  -63  0
-35  -36  -67  0
65  -52  -61  0
-5  16  -59  0
11  62  14  0
-27  -18  38  0
32  -12  17  0
75  53  20  0
68  40  56  0
-19  -44  -55  0
80  -7  36  0
43  72  70  0
-18  77  -76  0
-75  23  42  0
25  48  -59  0
56  -38  71  0
-52  -42  -23  0
68  -17  -42  0
-41  21  20  0
14  59  -6  0
78  -25  54  0
72  57  -43  0
-49  -37  43  0
-11  55  48  0
53  13  -3  0
-38  -78  35  0
-39  5  52  0
