c mkcnf random cnf with seed 435511, max clause length 3
c FORCED SATISFIABLE
c 
p cnf 80  344
32  -64  72  0
79  -42  28  0
-19  -71  -4  0
61  -73  -43  0
-65  20  57  0
2  22  -66  0
-8  -66  -24  0
11  66  -55  0
47  21  12  0
-49  7  42  0
-20  40  -74  0
-12  34  -35  0
24  -26  69  0
74  -19  -29  0
-62  -4  5  0
-28  -2  63  0
-62  -48  77  0
-34  -79  -48  0
5  -28  50  0
-4  -11  45  0
-72  54  80  0
-3  32  -12  0
-12  62  -31  0
-51  42  -8  0
8  68  -7  0
-48  -27  -14  0
11  -29  34  0
-9  36  73  0
4  62  -35  0
2  65  40  0
17  4  46  0
78  6  -65  0
-77  -9  80  0
-45  22  -25  0
21  -69  49  0
46  61  53  0
48  36  -80  0
-2  74  25  0
-75  32  -63  0
43  79  -15  0
34  32  -3  0
-39  -52  -35  0
-61  -37  9  0
37  29  -18  0
-52  -65  -2  0
-59  46  51  0
63  67  -9  0
37  -22  53  0
-7  -41  -60  0
-75  21  12  0
40  32  50  0
-29  16  -4  0
26  -3  -31  0
51  56  13  0
-9  -28  2  0
80  46  62  0
31  30  -62  0
67  -9  -68  0
-75  71  72  0
69  48  -4  0
75  27  25  0
75  60  -76  0
22  -44  -60  0
53  -70  63  0
-53  2  45  0
-5  -44  57  0
-16  78  -39  0
-67  5  -79  0
-40  9  22  0
12  -23  38  0
-55  69  -23  0
-66  51  -69  0
10  66  15  0
-35  -44  58  0
-17  -10  -13  0
-51  -1  -47  0
74  -68  -41  0
73  -48  1  0
-78  -28  -51  0
-28  -61  -14  0
-44  -68  75  0
79  50  57  0
-73  61  78  0
55  34  -58  0
36  80  -1  0
4  -58  70  0
-14  5  -2  0
-69  -3  -71  0
29  -78  17  0
-28  -64  70  0
34  -39  -49  0
-54  34  19  0
42  -67  52  0
-10  -69  64  0
43  49  -12  0
74  40  -37  0
-58  -69  -3  0
42  -36  -29  0
-36  76  67  0
50  -79  -73  0
42  -29  56  0
-32  3  -77  0
23  67  -79  0
-74  76  54  0
30  -41  -73  0
72  -26  -75  0
30  -50  -17  0
-3  48  -9  0
70  45  -22  0
-56  63  -26  0
-30  43  -46  0
-71  -24  26  0
68  -79  -35  0
-34  -27  35  0
-54  -55  -23  0
-11  25  -36  0
-21  1  -34  0
-8  43  69  0
-42  29  -75  0
-1  33  -15  0
3  -20  -77  0
-37  -6  78  0
51  67  75  0
-14  74  80  0
71  -27  -78  0
18  36  -38  0
-79  -49  -47  0
-33  -10  19  0
-27  -59  28  0
-32  42  27  0
-28  -16  13  0
-68  66  49  0
-22  -67  8  0
-59  -12  -20  0
24  -35  25  0
13  62  -70  0
-11  59  -34  0
16  -57  -54  0
42  -69  48  0
-1  10  46  0
-26  -11  -27  0
53  -9  -48  0
-66  67  75  0
-32  -8  23  0
-49  39  -1  0
32  -77  -56  0
-6  38  -48  0
-13  37  -63  0
-20  29  67  0
-11  17  56  0
40  22  18  0
68  42  -11  0
-13  40  80  0
-80  72  -43  0
6  28  65  0
-6  -46  8  0
2  77  32  0
-70  47  37  0
2  21  -59  0
30  -9  -14  0
67  73  -75  0
-65  -10  14  0
27  19  38  0
67  -64  -20  0
-51  16  -1  0
13  58  -44  0
24  -5  -59  0
-48  -30  -17  0
19  2  29  0
50  58  27  0
-70  -28  6  0
-37  21  -45  0
-19  -80  63  0
-15  -63  -44  0
-39  -63  19  0
14  70  -36  0
57  54  15  0
41  48  35  0
63  51  66  0
73  -64  -29  0
-52  45  35  0
41  -52  40  0
-63  -22  -70  0
76  51  25  0
-58  -20  68  0
11  47  58  0
-54  28  18  0
-37  -80  68  0
29  13  -67  0
-36  -2  23  0
15  -22  58  0
-30  -76  54  0
60  63  18  0
-34  -47  -29  0
23  10  -11  0
-28  61  -73  0
-46  22  -32  0
-42  -48  20  0
26  -55  -31  0
2  -50  76  0
-77  -35  -72  0
-48  19  -28  0
-61  40  45  0
22  -64  27  0
4  -79  62  0
-27  58  59  0
9  56  -3  0
78  -61  30  0
-30  52  -70  0
-56  2  64  0
-6  -18  -21  0
-44  60  79  0
-35  -30  18  0
20  -41  66  0
6  -20  -64  0
-15  72  -44  0
71  75  16  0
-22  -10  -36  0
-2  16  10  0
4  13  -54  0
-69  -29  -50  0
-75  -13  -2  0
52  49  36  0
76  -70  -45  0
-15  -60  -1  0
4  57  65  0
47  49  18  0
-66  37  -58  0
-27  37  32  0
51  42  -50  0
-6  -61  -54  0
-14  52  -36  0
72  49  -6  0
58  -37  56  0
-37  32  -48  0
28  34  -67  0
-72  11  48  0
-39  62  52  0
-4  -41  -61  0
-43  26  44  0
-36  -55  26  0
71  70  -39  0
42  -22  -16  0
-58  -27  29  0
-4  53  54  0
32  25  4  0
-58  57  -39  0
-20  -12  -48  0
3  18  49  0
-29  -74  49  0
51  43  69  0
-75  -52  -34  0
63  71  -46  0
-39  13  65  0
59  71  45  0
39  66  55  0
-77  32  -58  0
25  -52  26  0
35  -38  -64  0
51  27  -39  0
77  -31  33  0
-43  16  79  0
-65  77  -74  0
74  -42  -48  0
-57  -35  78  0
-15  27  78  0
34  49  42  0
68  -21  8  0
15  -48  -71  0
-25  -78  -71  0
69  31  71  0
-33  -37  -14  0
38  61  33  0
21  -11  36  0
4  47  -27  0
-66  -80  51  0
60  4  3  0
-43  -54  -19  0
-71  -32  -39  0
-63  -30  56  0
72  5  -63  0
-79  -10  -77  0
-1  -54  -7  0
-9  -15  -42  0
-1  29  13  0
77  39  69  0
61  25  -65  0
56  33  19  0
-17  16  -14  0
-32  11  44  0
6  67  -28  0
-23  4  -56  0
18  7  21  0
-44  47  40  0
14  -78  73  0
-31  47  -23  0
3  48  43  0
-57  40  -31  0
48  -53  -37  0
29  -78  -65  0
71  -76  -31  0
67  -13  21  0
68  71  -44  0
-71  -70  33  0
-49  75  -62  0
-2  6  -45  0
-7  2  -54  0
-55  57  51  0
-67  -27  -47  0
-35  -33  75  0
-1  64  -53  0
64  -8  -2  0
-71  -59  63  0
24  -15  -38  0
-1  -14  -2  0
37  -67  80  0
49  -71  -41  0
29  -41  43  0
-21  -73  79  0
23  -3  22  0
-23  9  -29  0
62  -57  -54  0
26  75  -17  0
-54  -5  14  0
-35  31  -10  0
49  -72  -21  0
-4  70  -69  0
17  -51  -80  0
16  19  -18  0
44  5  -12  0
16  -78  21  0
6  5  24  0
-79  13  20  0
-58  -51  -75  0
-39  60  8  0
-80  1  -50  0
-74  -64  -71  0
23  -44  -20  0
70  64  -2  0
-48  -12  -2  0
51  4  69  0
-35  52  34  0
-33  6  20  0
-34  -32  -77  0
