c mkcnf random cnf with seed 435568, max clause length 3
c FORCED SATISFIABLE
c 
p cnf 80  344
-31  74  -23  0
73  -36  -1  0
2  7  -52  0
-7  -14  -29  0
-27  -75  -36  0
11  53  20  0
-15  74  34  0
-40  33  -69  0
-49  34  41  0
-48  26  -53  0
-29  -26  50  0
-27  22  6  0
42  -18  -43  0
73  61  -27  0
-9  39  37  0
22  -64  67  0
48  19  36  0
78  -33  2  0
77  -80  49  0
2  -5  -8  0
-16  27  -14  0
73  34  7  0
-78  39  -72  0
-42  41  -31  0
30  4  -20  0
30  -71  54  0
73  -33  -2  0
9  -21  -78  0
-22  66  28  0
35  11  78  0
79  45  67  0
-23  -34  -12  0
64  -27  -60  0
-71  -18  9  0
-53  -6  -64  0
28  -26  -8  0
5  42  -8  0
45  -2  -66  0
62  39  25  0
39  67  59  0
27  21  -56  0
4  -2  -48  0
10  68  -8  0
6  -46  -8  0
-17  27  42  0
7  23  50  0
16  59  64  0
-46  -60  -30  0
5  -51  -23  0
-55  -39  71  0
-7  -38  -35  0
24  -63  -46  0
-58  74  -38  0
27  43  34  0
-27  28  44  0
-56  -38  -6  0
-36  -47  52  0
71  -36  -63  0
3  67  -22  0
-18  -26  64  0
67  -76  -32  0
-4  -20  -3  0
-33  58  -7  0
-76  12  47  0
10  -65  -40  0
-54  76  38  0
55  18  -76  0
-36  5  -13  0
-24  46  -50  0
-1  38  43  0
-23  -61  16  0
-46  -28  2  0
19  -40  -14  0
-35  59  73  0
-48  -59  -72  0
-65  22  -38  0
-60  -74  -58  0
-64  -11  -67  0
-43  13  -35  0
-73  -70  47  0
-14  56  -7  0
43  27  -70  0
74  -26  76  0
42  -69  18  0
-61  -32  -79  0
5  -62  -26  0
-79  -24  -16  0
36  -46  -72  0
-39  14  -49  0
-37  10  -9  0
-51  -29  -15  0
24  -4  43  0
-44  -3  52  0
21  -3  -17  0
-25  -39  62  0
-47  18  79  0
79  -56  6  0
58  -18  2  0
4  53  -31  0
-74  -62  73  0
-73  44  31  0
-47  7  62  0
-9  73  -51  0
43  42  -26  0
-45  -80  41  0
12  46  79  0
32  -41  22  0
-48  65  9  0
71  -64  15  0
10  9  43  0
-44  75  54  0
6  40  -1  0
-36  -61  44  0
-51  2  24  0
22  -73  61  0
-4  -19  50  0
32  -15  20  0
-4  23  33  0
3  -42  -22  0
-11  -66  69  0
-43  67  -63  0
13  -47  54  0
40  68  -30  0
-44  64  56  0
64  -47  53  0
-45  8  -2  0
-49  46  -67  0
39  72  -35  0
68  7  3  0
-44  -14  -58  0
22  -29  -18  0
45  31  -75  0
-71  79  -24  0
23  73  51  0
77  -23  -51  0
46  -53  -44  0
73  43  -63  0
27  2  -10  0
66  52  76  0
-23  33  -78  0
32  29  -75  0
-24  -53  -80  0
-41  53  63  0
59  -67  40  0
-26  23  21  0
-69  -64  -39  0
-74  -63  -33  0
44  59  65  0
-65  49  50  0
-44  -5  -62  0
-75  -49  -13  0
17  -70  25  0
-45  49  -48  0
-4  -73  -27  0
25  -19  -24  0
-13  -59  52  0
-63  68  20  0
-40  -34  36  0
25  9  19  0
79  -60  -53  0
30  1  29  0
-79  57  -74  0
62  -18  51  0
-70  -61  27  0
-28  -77  -63  0
-11  32  -49  0
-22  15  -63  0
77  59  22  0
-67  77  -44  0
50  -75  23  0
-2  -57  -38  0
62  19  -47  0
-21  -8  -48  0
-58  27  -80  0
-63  -40  -34  0
14  45  70  0
-44  74  31  0
-32  -56  37  0
-61  16  -26  0
-62  -51  60  0
-80  -6  -42  0
-36  56  3  0
66  42  -7  0
-11  23  -76  0
-51  41  -35  0
-31  23  40  0
61  -68  -48  0
75  60  -19  0
-72  -28  -64  0
-46  -51  29  0
2  -52  17  0
-25  55  -15  0
51  18  -41  0
-68  55  44  0
-74  -27  -60  0
8  -1  -77  0
67  36  -33  0
4  30  14  0
79  -48  8  0
-4  -33  -25  0
70  -34  -78  0
-38  -75  -72  0
-77  -35  31  0
-57  69  50  0
42  14  28  0
-63  67  19  0
21  4  -26  0
-17  -78  27  0
54  -48  14  0
60  -5  40  0
-50  -80  7  0
-33  -23  -80  0
70  -19  -11  0
17  -4  -5  0
-44  -15  -40  0
51  25  -58  0
30  -73  45  0
-46  31  28  0
5  -28  -58  0
-34  -8  -26  0
-5  35  11  0
-60  -46  -59  0
-41  -18  79  0
-15  -29  59  0
-31  -64  -41  0
64  51  -41  0
-46  -47  75  0
-76  37  55  0
60  53  -5  0
-33  -23  -20  0
-69  -46  34  0
45  70  76  0
-37  69  24  0
-14  -6  -66  0
-3  -53  -30  0
23  14  70  0
-25  -13  -20  0
5  29  -2  0
30  -40  56  0
-44  3  -63  0
43  -57  -32  0
17  -74  37  0
-27  16  -55  0
53  -49  66  0
40  25  14  0
4  -21  -43  0
-65  8  -21  0
-59  23  77  0
26  -30  -48  0
76  28  42  0
-25  -47  -31  0
-26  -9  -59  0
4  60  46  0
-41  22  32  0
-75  -65  15  0
32  -13  61  0
-49  -69  11  0
51  73  -14  0
46  37  21  0
2  33  19  0
-38  64  -17  0
64  -44  8  0
17  11  21  0
8  60  67  0
79  59  -22  0
11  -20  -12  0
18  75  -56  0
-9  -75  -42  0
4  -65  -41  0
74  11  15  0
56  -75  -74  0
-34  -79  57  0
9  60  -75  0
64  -51  -55  0
39  -38  -70  0
-10  58  28  0
-16  57  34  0
68  -37  -17  0
61  -51  -80  0
-55  -34  -77  0
79  23  38  0
39  -49  17  0
38  -30  -80  0
-46  -15  -32  0
-58  -37  52  0
-72  57  49  0
26  75  54  0
-74  -37  13  0
-24  -10  27  0
49  28  -47  0
41  -75  -18  0
33  79  -49  0
18  -35  31  0
13  58  -78  0
51  -56  -79  0
9  79  -45  0
57  -31  -78  0
-6  62  -68  0
-78  79  -29  0
8  10  73  0
-73  41  43  0
56  66  51  0
39  57  -19  0
76  77  -16  0
3  -27  48  0
56  69  28  0
74  30  64  0
13  75  17  0
27  -30  3  0
-71  -45  -7  0
-19  -25  -53  0
39  62  -14  0
-15  18  -34  0
48  -17  63  0
-43  71  -19  0
-17  -80  -33  0
-33  -68  -44  0
26  -70  -75  0
10  -63  77  0
58  -37  47  0
-30  -8  42  0
6  -57  -32  0
49  26  36  0
8  -76  53  0
30  78  -27  0
-49  -44  80  0
-49  28  22  0
-31  57  -15  0
30  -70  43  0
-30  34  -21  0
57  44  -30  0
-29  63  -4  0
-60  72  -66  0
3  -1  54  0
13  -27  -46  0
48  68  23  0
-29  -62  19  0
49  5  -32  0
-80  -55  58  0
-57  -40  26  0
33  16  67  0
-76  -7  70  0
44  -10  49  0
6  41  55  0
