c mkcnf random cnf with seed 435508, max clause length 3
c FORCED SATISFIABLE
c 
p cnf 80  344
-53  -55  41  0
-55  -57  49  0
-17  -24  42  0
-48  -16  -71  0
-38  -73  59  0
45  -11  -72  0
39  -59  -53  0
-52  39  70  0
-48  3  73  0
23  69  73  0
22  59  -76  0
-60  27  49  0
41  36  -57  0
-67  -50  -39  0
8  -28  69  0
37  -48  -14  0
-9  66  63  0
-17  7  -76  0
78  -14  -1  0
32  49  -31  0
-64  -51  -69  0
-43  12  28  0
23  10  -62  0
-51  -5  22  0
-73  74  -9  0
10  1  -61  0
40  46  62  0
-52  50  77  0
-10  48  7  0
51  -9  17  0
-73  68  8  0
23  -12  -43  0
68  -35  -59  0
21  10  -32  0
24  42  -32  0
70  53  -66  0
-67  -34  -28  0
-9  -23  -38  0
-15  43  -41  0
36  72  -40  0
7  77  -41  0
62  64  -80  0
-1  -65  -57  0
33  22  -74  0
60  -67  24  0
67  -42  -43  0
-26  15  19  0
50  -72  39  0
48  22  -74  0
-16  38  -36  0
-10  -31  64  0
-53  50  14  0
-73  -77  62  0
-66  79  56  0
39  -65  -17  0
13  17  -71  0
-78  -69  80  0
-17  40  13  0
37  -72  -48  0
-59  -34  -37  0
-45  -37  -63  0
-11  -35  -39  0
-56  23  61  0
10  7  -72  0
50  36  8  0
13  35  62  0
-22  -67  -35  0
-5  69  -39  0
-71  75  73  0
-27  -39  -40  0
18  -36  -52  0
-80  20  19  0
19  -56  -59  0
-71  26  -3  0
16  -51  23  0
-1  25  -5  0
38  -72  -42  0
-7  26  69  0
65  58  -75  0
4  -46  44  0
46  37  -27  0
-73  54  41  0
60  -8  -68  0
-51  -7  2  0
71  -31  -69  0
13  52  -41  0
22  -3  -64  0
60  -52  -1  0
61  80  -78  0
-72  1  -40  0
13  6  57  0
54  49  -48  0
-60  -8  -59  0
34  80  -77  0
60  -55  34  0
68  -31  -79  0
-9  -42  -71  0
7  -80  73  0
-72  7  46  0
-65  29  -48  0
32  -13  6  0
78  80  51  0
8  -57  -76  0
-29  -41  3  0
6  -37  40  0
-25  -30  -16  0
-55  -15  -37  0
-1  7  -21  0
61  -42  -6  0
22  -68  5  0
-56  70  20  0
-64  -5  46  0
70  61  -53  0
-57  6  72  0
31  16  56  0
-46  12  -17  0
-42  -41  61  0
-17  -68  -2  0
-49  21  -80  0
38  -62  -77  0
-74  22  61  0
30  -6  58  0
46  -38  25  0
-10  13  80  0
-62  61  -20  0
-20  -21  15  0
-78  50  -45  0
78  -3  -55  0
43  67  80  0
-29  -47  -77  0
63  -19  -31  0
-75  -48  -46  0
79  -2  -17  0
-8  -54  -19  0
-77  79  -36  0
-39  43  57  0
-51  -32  -79  0
-5  -50  37  0
45  60  74  0
-77  74  33  0
27  -1  -52  0
3  -78  -65  0
-59  -11  9  0
39  1  33  0
71  34  -39  0
-60  78  -46  0
-28  -49  1  0
-28  -76  -20  0
-7  37  66  0
-14  74  -19  0
25  -63  -2  0
41  20  -36  0
60  -42  -79  0
36  -21  -70  0
59  -54  17  0
9  -47  29  0
-55  15  -77  0
-50  39  66  0
62  -32  -73  0
24  -59  -52  0
11  -4  -67  0
-7  -73  13  0
-20  64  75  0
63  -78  -10  0
-61  75  -66  0
46  -75  -56  0
40  56  64  0
10  46  -67  0
-36  79  -72  0
-53  75  4  0
30  -57  -55  0
47  -52  73  0
-53  -29  49  0
17  47  -34  0
30  45  50  0
76  -39  45  0
-24  35  -17  0
-20  -51  -39  0
53  -40  65  0
10  -38  -69  0
3  -55  59  0
-9  31  54  0
24  45  55  0
-67  -78  21  0
76  29  -16  0
14  55  -33  0
51  71  -8  0
17  -71  -64  0
45  27  14  0
30  32  -44  0
-39  24  -10  0
76  -65  13  0
-76  -7  56  0
71  -46  -28  0
-31  -75  -15  0
-51  79  65  0
68  7  -46  0
-74  55  28  0
72  -1  18  0
-11  -72  -54  0
35  -43  -70  0
-80  46  1  0
69  -44  -53  0
15  -64  -66  0
42  -15  -9  0
26  -58  1  0
57  -6  -23  0
-63  5  34  0
-43  69  -51  0
-35  2  -28  0
-51  49  -22  0
30  53  -60  0
-12  36  -16  0
11  -74  52  0
31  -16  30  0
-2  -47  -55  0
-8  -25  -1  0
17  -76  34  0
-36  -34  -24  0
9  -15  -55  0
-65  -58  -46  0
-51  57  -8  0
65  -25  -73  0
-22  -8  16  0
-74  -13  61  0
16  -48  -23  0
12  -51  32  0
66  -10  12  0
-66  -74  10  0
45  -37  -20  0
25  -58  -5  0
-31  -3  42  0
-14  43  73  0
-42  -34  59  0
-78  70  60  0
-78  59  23  0
-6  9  13  0
-7  -70  65  0
-23  52  17  0
23  79  -36  0
-60  31  -8  0
11  33  -16  0
-43  -39  31  0
-56  -60  32  0
37  -63  -70  0
67  29  -8  0
26  -14  -19  0
59  -54  51  0
-32  -40  41  0
-1  -62  -38  0
-68  -49  23  0
-8  72  59  0
-2  20  -13  0
-52  -73  33  0
51  -54  -74  0
-55  35  -47  0
16  22  -74  0
-76  -24  5  0
68  -10  51  0
-62  -33  7  0
-50  54  78  0
-74  -11  -28  0
-25  -58  -6  0
80  -53  -23  0
-52  -28  73  0
2  -72  18  0
25  14  -66  0
20  7  -31  0
-35  33  61  0
17  -56  -73  0
-48  49  -8  0
-21  -78  -45  0
-29  -43  56  0
-57  28  -64  0
-56  69  -8  0
51  -27  10  0
72  -25  78  0
-73  74  -61  0
-40  -13  27  0
-7  32  -52  0
-72  30  -45  0
76  -7  -43  0
-68  40  53  0
-43  -55  16  0
-5  60  36  0
-27  -49  23  0
19  -48  -66  0
59  28  -7  0
-16  -23  33  0
18  -44  -40  0
-20  -38  10  0
40  5  47  0
8  70  -29  0
15  48  -73  0
51  -68  -55  0
23  27  -2  0
28  57  -2  0
2  32  -45  0
18  -51  -23  0
60  -32  39  0
14  71  -30  0
-63  -36  -32  0
-39  70  -7  0
1  -47  -75  0
47  56  17  0
-29  -18  -28  0
7  76  -32  0
21  67  31  0
79  44  31  0
45  32  -20  0
31  -73  23  0
17  67  -45  0
-31  54  -56  0
59  -21  -73  0
-52  36  40  0
18  -36  17  0
-76  55  -9  0
-47  74  10  0
63  -25  -6  0
20  75  18  0
-49  -12  32  0
60  -16  74  0
-65  13  37  0
-51  9  -26  0
-10  17  80  0
-42  19  29  0
22  80  20  0
-77  64  -12  0
-11  29  15  0
-77  -76  34  0
-12  14  51  0
42  -1  41  0
-34  -24  -49  0
-35  69  43  0
17  18  57  0
46  -28  -42  0
54  37  -41  0
2  -6  61  0
-49  70  27  0
-21  -65  31  0
74  18  9  0
-58  -29  -70  0
70  -78  28  0
78  -34  77  0
