c mkcnf random cnf with seed 435545, max clause length 3
c FORCED SATISFIABLE
c 
p cnf 80  344
33  -32  -10  0
-8  -65  -69  0
43  -79  -51  0
-23  51  -22  0
64  -71  74  0
47  -16  8  0
-70  -66  20  0
57  -6  -14  0
11  6  37  0
37  62  50  0
-18  69  57  0
-80  47  78  0
36  -19  80  0
-34  -61  29  0
24  -33  -61  0
-14  38  62  0
68  -2  6  0
-71  -68  -79  0
-25  -7  -36  0
28  -63  35  0
68  -70  38  0
32  -33  18  0
65  -64  -21  0
48  6  41  0
-80  58  46  0
-55  -31  49  0
17  45  -10  0
11  42  -26  0
-60  -46  57  0
76  -45  58  0
-67  -68  -31  0
-15  22  49  0
-8  -2  -77  0
-5  -34  -4  0
-18  48  26  0
-47  -63  79  0
-18  -68  27  0
47  -62  73  0
-22  -45  40  0
-26  -80  68  0
7  -15  -4  0
-25  -1  68  0
20  58  76  0
67  42  26  0
11  78  25  0
8  26  -24  0
73  -44  -45  0
40  53  -11  0
47  62  20  0
13  -46  -22  0
-28  71  -19  0
-34  46  45  0
46  -62  44  0
63  32  -21  0
-47  -20  -14  0
-37  71  -51  0
67  -37  79  0
-2  -56  -65  0
43  -24  -29  0
45  21  -8  0
-45  -14  5  0
-5  43  -44  0
-24  -80  -33  0
-70  9  6  0
73  2  -27  0
15  10  -12  0
19  12  64  0
-37  -1  23  0
-27  -55  39  0
-72  11  69  0
-53  -8  -63  0
-16  -29  60  0
7  74  59  0
8  56  25  0
-40  -13  -74  0
-59  43  -74  0
-17  -15  -37  0
-74  42  -7  0
8  52  49  0
-45  54  -73  0
46  -56  -44  0
66  50  -64  0
75  -35  -52  0
-72  -6  -17  0
34  -6  48  0
-3  14  -41  0
3  43  -58  0
39  -25  -35  0
-78  -32  15  0
16  -45  -18  0
41  -57  -79  0
40  47  -17  0
13  -42  -61  0
-10  62  37  0
-48  -8  -24  0
-24  -10  76  0
-67  22  23  0
24  37  -79  0
62  -21  57  0
17  48  -66  0
-12  -80  33  0
-31  -78  -38  0
-56  21  65  0
49  21  7  0
51  79  -18  0
33  -76  29  0
56  18  -54  0
5  40  70  0
-64  -1  -62  0
19  -55  -20  0
-47  -69  -5  0
80  48  33  0
-28  -29  -53  0
23  12  -35  0
-26  -36  38  0
40  58  -75  0
36  -27  75  0
-8  -50  68  0
57  45  35  0
25  77  -68  0
44  -25  6  0
31  -15  6  0
39  -4  67  0
-73  75  -67  0
-68  -2  29  0
31  41  44  0
-54  40  -43  0
-45  52  76  0
-23  -21  -63  0
-69  -40  -22  0
-60  12  -41  0
-31  -28  16  0
-21  -30  2  0
53  -71  38  0
5  11  20  0
6  -50  -53  0
64  60  -28  0
-57  13  9  0
-78  -55  19  0
-38  59  -61  0
42  30  21  0
54  -38  57  0
74  32  19  0
-27  42  75  0
26  9  -22  0
23  -50  79  0
-56  17  -23  0
74  5  -53  0
-47  71  14  0
4  62  -8  0
-8  -54  76  0
-42  -46  16  0
14  -50  -35  0
-53  59  -42  0
5  -68  -61  0
25  27  15  0
-17  -57  -26  0
-73  18  -71  0
-53  -61  16  0
79  -7  -16  0
26  10  -37  0
-77  -74  -54  0
61  68  -52  0
-52  28  55  0
73  25  29  0
44  12  66  0
19  54  14  0
60  43  -24  0
-13  -8  70  0
-4  62  -28  0
-30  75  48  0
-79  22  56  0
-23  -39  -32  0
-14  -57  -38  0
2  76  62  0
-55  60  26  0
28  33  22  0
-77  -4  -78  0
-7  41  36  0
47  60  48  0
39  53  -8  0
-73  -37  -63  0
-68  19  -57  0
-60  64  74  0
34  -78  39  0
59  -28  -31  0
-59  7  -71  0
-31  -35  57  0
11  49  38  0
34  39  -72  0
34  -68  -31  0
13  -67  -47  0
-14  22  62  0
74  48  7  0
-26  57  -25  0
36  13  16  0
-58  80  65  0
14  -28  -48  0
-23  31  -51  0
-60  -5  -31  0
75  11  60  0
-57  48  -40  0
33  66  -36  0
-77  -4  75  0
-32  -6  67  0
-3  -76  -79  0
22  -35  56  0
-54  52  -59  0
-42  77  -21  0
7  70  29  0
19  -9  51  0
-78  -11  44  0
-16  49  6  0
-73  70  -67  0
-77  44  -75  0
67  51  58  0
15  13  -18  0
-80  62  -42  0
-62  -44  -19  0
80  79  -31  0
26  -71  -46  0
-33  -65  -46  0
-19  -27  41  0
80  -49  -36  0
-75  1  38  0
-24  -39  -7  0
-60  -10  58  0
8  68  -22  0
-2  -64  9  0
18  15  -22  0
77  -49  54  0
-37  11  -49  0
-26  -17  -69  0
43  -38  20  0
-43  56  52  0
75  59  -13  0
59  -39  -19  0
46  11  -54  0
-78  -47  -65  0
-32  -75  -5  0
-3  -11  -53  0
-9  -44  56  0
9  64  -75  0
24  -52  -78  0
35  43  -75  0
-27  43  69  0
70  41  -1  0
-70  -29  -49  0
55  -10  37  0
-34  -4  -9  0
-60  -77  34  0
-11  74  50  0
51  59  -63  0
11  -74  32  0
-41  -24  65  0
56  51  -53  0
16  -34  26  0
6  7  74  0
-23  -54  -53  0
41  -56  -77  0
-24  -37  -60  0
52  -36  66  0
65  36  -40  0
-6  41  -18  0
52  57  76  0
-67  -74  52  0
-22  -48  68  0
47  -1  54  0
-1  6  57  0
-27  -73  -79  0
30  -71  29  0
30  -18  24  0
59  -42  28  0
69  -9  70  0
-36  -1  -48  0
29  -77  11  0
-74  32  71  0
80  51  23  0
8  49  69  0
-24  39  30  0
-60  -42  -23  0
18  43  26  0
-39  15  -6  0
12  -40  14  0
-29  78  -55  0
-29  39  80  0
4  22  70  0
-54  15  62  0
-3  44  33  0
46  27  -69  0
2  57  9  0
5  17  -38  0
-4  75  71  0
-61  9  -18  0
-25  12  -74  0
-71  -35  44  0
12  72  -33  0
-27  64  -28  0
38  5  73  0
-14  -72  49  0
16  64  29  0
65  -31  36  0
-75  27  -14  0
2  -20  48  0
-77  10  -47  0
-25  52  75  0
79  60  40  0
-47  33  -16  0
37  46  -33  0
-8  66  13  0
-34  78  -67  0
55  -10  -36  0
-3  -64  28  0
-8  69  -79  0
-26  47  5  0
-41  61  44  0
24  65  7  0
-21  62  -45  0
-62  -66  -60  0
-7  -11  51  0
77  4  -11  0
-22  -50  -14  0
67  -66  43  0
-6  -44  78  0
47  20  2  0
11  -31  -33  0
-15  -76  -1  0
11  15  -76  0
17  58  65  0
-55  74  2  0
-50  -27  -80  0
-35  -30  71  0
63  -50  16  0
-13  26  40  0
45  -58  46  0
20  18  31  0
40  29  -66  0
45  -17  -16  0
-37  77  -15  0
66  -46  -63  0
17  -30  -12  0
72  67  -25  0
23  -29  22  0
49  25  74  0
