c mkcnf random cnf with seed 435547, max clause length 3
c FORCED SATISFIABLE
c 
p cnf 80  344
19  -11  22  0
61  -6  -34  0
-50  15  1  0
-48  31  57  0
50  61  -19  0
-25  -55  59  0
-26  -28  75  0
-25  55  -72  0
-3  52  37  0
22  45  -3  0
-53  -47  32  0
-61  64  29  0
-28  -35  4  0
-19  -25  57  0
-50  47  -44  0
54  48  56  0
6  54  44  0
55  -20  79  0
62  14  17  0
44  -68  -42  0
-22  -78  -1  0
-42  80  -53  0
-12  -75  -62  0
64  -14  79  0
-54  77  3  0
60  51  20  0
64  -22  44  0
-70  29  25  0
38  -21  -80  0
-1  21  72  0
-6  7  39  0
61  30  -32  0
-12  70  11  0
70  -56  -51  0
46  -31  17  0
-43  -66  -47  0
-79  -52  33  0
27  24  45  0
-11  -29  52  0
-20  -66  67  0
-29  -34  -17  0
8  23  33  0
-72  36  -68  0
53  -40  -27  0
-29  31  -39  0
21  22  -13  0
-6  -1  -32  0
-75  65  60  0
13  2  -49  0
-36  59  9  0
21  -63  -76  0
72  -31  -73  0
-52  -36  -16  0
6  40  49  0
-61  -49  54  0
36  -53  -60  0
38  68  -18  0
79  37  21  0
50  65  52  0
51  35  -53  0
-47  63  35  0
-36  5  2  0
52  74  15  0
-50  73  -63  0
72  -6  12  0
21  -15  40  0
-61  -21  25  0
-54  -11  26  0
71  -59  2  0
-21  -10  33  0
1  -21  34  0
63  -70  54  0
-34  19  59  0
-9  47  43  0
53  21  6  0
-16  22  -2  0
-66  -61  -15  0
-61  78  8  0
74  -75  53  0
-42  26  49  0
33  -45  64  0
-9  -54  -19  0
25  -49  -45  0
74  54  -61  0
-55  -22  -20  0
-78  -22  17  0
24  -53  59  0
-3  42  43  0
66  -49  74  0
65  -30  22  0
66  20  -32  0
-50  -75  -6  0
59  25  58  0
41  39  70  0
-61  25  11  0
-33  18  -46  0
-57  -75  63  0
-14  77  10  0
-31  11  63  0
47  -37  -65  0
79  -31  27  0
-74  23  33  0
30  -55  10  0
-37  27  40  0
71  -7  -54  0
76  -25  -28  0
31  -79  -50  0
10  19  -20  0
28  22  69  0
66  36  76  0
61  -77  -1  0
40  -25  -11  0
34  -75  47  0
-33  38  -8  0
-80  -20  39  0
20  30  -55  0
30  -53  -79  0
62  6  -58  0
-30  -14  -33  0
6  -9  41  0
-21  -46  5  0
79  75  44  0
-31  -26  67  0
41  5  54  0
36  67  -44  0
2  27  -38  0
68  -53  80  0
62  -39  -73  0
-65  -77  12  0
-16  30  45  0
-60  35  -16  0
-27  -55  66  0
45  44  -48  0
30  -28  -36  0
64  48  43  0
-73  71  -27  0
-27  -25  66  0
27  -53  -41  0
68  70  -65  0
10  -14  -30  0
-27  -62  54  0
31  -10  70  0
-34  17  -7  0
10  -61  -59  0
52  45  14  0
66  -33  73  0
-43  -56  -75  0
-44  3  -69  0
-18  27  47  0
53  61  44  0
77  1  61  0
75  -30  54  0
-66  80  -40  0
-65  -23  -39  0
-74  17  59  0
-41  50  -69  0
55  -9  -33  0
27  24  -29  0
26  -75  13  0
24  -46  44  0
61  40  -52  0
55  -35  -61  0
14  4  10  0
-62  40  46  0
-75  71  77  0
35  56  -39  0
73  -40  -39  0
18  -79  59  0
64  -5  -33  0
-45  47  34  0
-46  47  -10  0
25  -63  24  0
62  1  -6  0
58  54  25  0
45  -61  -4  0
62  61  -22  0
-10  -22  49  0
12  -11  37  0
-38  -16  -54  0
-20  36  -30  0
-1  44  62  0
-32  53  -13  0
-6  73  18  0
-31  47  -43  0
15  -50  -19  0
21  12  31  0
-40  -15  74  0
1  27  -69  0
10  -55  -56  0
-37  -47  8  0
63  -17  51  0
26  -2  -79  0
-5  -16  40  0
-11  -38  -51  0
-69  3  79  0
58  56  -40  0
40  62  -50  0
-71  12  47  0
-67  -74  57  0
-60  74  12  0
57  -67  35  0
68  -16  -77  0
15  46  76  0
-52  65  -36  0
44  21  53  0
31  59  37  0
36  5  69  0
-16  37  34  0
15  -73  34  0
-25  45  -24  0
-39  48  17  0
-11  -41  -17  0
79  -80  -34  0
72  -17  22  0
45  -22  55  0
41  53  -49  0
1  42  -70  0
-56  -52  -5  0
20  -22  30  0
41  -40  -13  0
-38  7  -63  0
13  39  -55  0
75  -6  39  0
-55  14  -45  0
-72  45  62  0
-5  -42  15  0
-32  -73  43  0
63  -69  13  0
-3  40  -63  0
17  -12  40  0
-64  -49  37  0
67  -75  50  0
-17  -6  -46  0
-17  72  -76  0
69  -12  -19  0
61  -62  -56  0
41  -60  32  0
13  73  -30  0
-70  -18  -71  0
-33  -39  37  0
-25  17  13  0
77  -49  35  0
21  -22  9  0
50  -14  -55  0
74  -61  63  0
23  67  -28  0
57  -73  8  0
-54  57  4  0
46  60  -69  0
5  31  17  0
39  14  66  0
-16  -78  -25  0
-32  -2  -17  0
-51  39  -14  0
11  -79  77  0
58  2  53  0
15  34  -69  0
61  17  -35  0
-19  -11  -34  0
-35  -37  72  0
29  74  -10  0
-14  44  -30  0
57  -14  31  0
-30  72  10  0
-52  -29  11  0
21  -71  60  0
-69  32  -31  0
-46  44  -2  0
23  1  7  0
-29  74  17  0
-35  67  46  0
14  -35  -53  0
-5  -27  -61  0
20  39  -78  0
14  -65  50  0
-30  -59  -6  0
74  -40  70  0
17  -46  -34  0
37  56  2  0
18  80  -72  0
2  -53  73  0
53  15  -69  0
-57  67  18  0
34  -65  3  0
60  -72  25  0
-8  -17  -46  0
21  79  45  0
-50  51  -20  0
31  27  -34  0
-8  -51  61  0
63  -3  49  0
-38  25  55  0
-58  -46  60  0
29  48  73  0
43  38  -65  0
-62  -76  65  0
-24  67  44  0
40  25  32  0
-70  -6  42  0
-13  -79  -61  0
55  -67  -49  0
-62  50  -75  0
-60  42  80  0
-4  -68  -9  0
34  -60  27  0
-79  -36  76  0
11  -63  -79  0
13  2  -20  0
44  54  -80  0
-1  -40  11  0
61  -13  32  0
-8  -79  28  0
55  69  -52  0
45  -51  -43  0
-47  65  -43  0
-3  -12  29  0
48  -43  10  0
-75  -25  23  0
67  -8  -22  0
-15  -55  34  0
-30  6  -65  0
12  -67  5  0
63  23  70  0
77  -6  8  0
39  -20  7  0
7  -43  -51  0
53  -64  71  0
-26  67  -18  0
-66  -6  17  0
14  -47  59  0
-1  -62  26  0
-39  16  12  0
49  66  56  0
-1  7  -8  0
26  3  -77  0
-21  -73  -31  0
13  68  -74  0
-75  -44  30  0
53  -27  -33  0
55  -29  61  0
-35  -69  -6  0
-16  17  22  0
-74  9  71  0
-70  -8  -36  0
