c mkcnf random cnf with seed 435509, max clause length 3
c FORCED SATISFIABLE
c 
p cnf 80  344
46  5  76  0
64  6  2  0
22  71  57  0
-53  69  73  0
9  4  72  0
69  -60  -2  0
-18  -69  -57  0
-34  30  69  0
-39  73  -17  0
53  -56  -33  0
51  -68  11  0
-72  -55  76  0
-73  -24  -40  0
10  1  30  0
-57  -8  -72  0
13  46  -69  0
76  -57  40  0
68  7  79  0
44  -32  55  0
1  9  -73  0
64  44  18  0
-63  -68  10  0
48  -33  61  0
70  32  8  0
10  -21  -77  0
64  -58  8  0
4  -63  -77  0
-19  11  -78  0
11  16  -25  0
-35  42  78  0
-3  48  -49  0
-49  2  -30  0
-67  -32  78  0
-41  17  -23  0
-1  32  -73  0
-80  -52  -78  0
-72  42  -27  0
-7  -6  -46  0
-74  80  21  0
1  -23  32  0
-30  19  31  0
-8  -65  -75  0
-23  -58  74  0
75  -49  -45  0
-17  27  42  0
32  24  1  0
9  27  -2  0
11  -53  -47  0
47  75  -31  0
45  50  54  0
8  32  -35  0
21  -14  44  0
-8  24  33  0
-72  -53  -7  0
18  31  -38  0
38  -15  -73  0
74  20  -6  0
-39  -53  56  0
69  4  -9  0
2  -56  27  0
-24  13  27  0
36  22  6  0
-78  63  -79  0
-48  -40  50  0
9  -56  68  0
-49  33  -54  0
18  40  -34  0
11  -15  -8  0
-59  -46  75  0
-1  -50  -35  0
-33  71  -32  0
-72  9  42  0
70  -41  -5  0
59  -66  -3  0
7  -15  -62  0
-17  -48  1  0
66  51  61  0
-12  -70  40  0
-18  -5  -73  0
-63  -67  -30  0
-69  -38  29  0
-74  -47  24  0
67  46  77  0
-25  24  31  0
70  2  -33  0
-33  -2  39  0
-40  -4  32  0
26  25  46  0
-9  -38  -71  0
-50  -1  -34  0
17  -75  12  0
-37  47  -45  0
-78  31  24  0
-18  -79  -62  0
-28  51  48  0
53  72  -56  0
63  35  23  0
64  -38  52  0
-62  67  -41  0
16  -68  73  0
31  -56  -58  0
64  -76  15  0
-35  -9  27  0
-55  22  -12  0
65  -15  -57  0
-4  60  11  0
59  -48  44  0
-58  50  26  0
-63  56  32  0
-31  -33  -56  0
-29  -23  -21  0
49  50  -73  0
-53  -26  -79  0
1  35  55  0
-38  37  -63  0
56  42  -21  0
74  19  25  0
19  -10  -25  0
-18  26  77  0
-3  20  -48  0
78  -58  36  0
-75  -47  -61  0
-8  66  60  0
67  -65  6  0
-73  41  38  0
-14  1  -61  0
-4  -16  -70  0
-67  -66  -28  0
22  6  -65  0
-75  -50  -21  0
40  32  -42  0
73  54  -75  0
42  -26  29  0
-56  -27  -41  0
78  1  -76  0
42  49  51  0
64  24  -32  0
-45  -60  -78  0
-74  24  -40  0
75  -11  10  0
19  -70  41  0
42  -13  27  0
-56  -54  -16  0
13  25  -42  0
-33  24  70  0
18  35  -20  0
56  -49  4  0
43  80  -47  0
61  -19  -25  0
-21  -23  -62  0
28  -23  77  0
-9  -52  79  0
-40  44  62  0
-79  -16  67  0
37  60  79  0
30  -1  62  0
65  74  55  0
22  -64  -61  0
-28  10  40  0
-29  -31  -32  0
64  69  -71  0
-10  -19  27  0
-30  71  -1  0
-43  67  -24  0
11  9  -39  0
48  34  -51  0
-25  10  -77  0
-23  -44  52  0
67  50  -7  0
-22  65  -79  0
-30  11  -67  0
-73  39  65  0
25  19  77  0
75  -35  48  0
-73  -52  13  0
-13  64  -45  0
41  -8  13  0
-4  45  -75  0
-16  9  25  0
53  71  77  0
43  40  -5  0
-11  6  55  0
-33  -8  -45  0
46  -29  -77  0
-75  -11  21  0
36  4  1  0
80  -28  25  0
-49  67  44  0
39  6  -35  0
69  73  39  0
4  -77  26  0
-62  -11  23  0
-41  18  67  0
-68  23  13  0
60  41  -62  0
-76  44  5  0
-18  -12  -19  0
32  -1  60  0
-34  -51  70  0
-8  -6  -78  0
65  38  39  0
-62  -39  31  0
66  -23  -77  0
-19  80  67  0
30  76  54  0
-15  43  -34  0
42  53  -56  0
14  -6  75  0
54  64  47  0
55  58  -2  0
-64  -1  -78  0
-18  -59  6  0
61  28  -75  0
-56  42  -7  0
-63  43  74  0
32  18  60  0
7  21  30  0
71  64  -20  0
10  -78  63  0
34  37  -46  0
-67  -4  19  0
53  -50  -79  0
-80  48  -75  0
56  -16  8  0
78  34  35  0
-48  70  62  0
42  6  -8  0
51  -67  -36  0
-37  -80  -5  0
-30  -14  1  0
77  -11  28  0
21  -74  -11  0
44  -47  -61  0
31  -1  42  0
-36  68  -27  0
-48  61  64  0
26  57  32  0
-35  -44  -3  0
12  30  -61  0
-32  -21  -77  0
-76  -25  30  0
-42  55  -7  0
19  -20  -43  0
-28  24  -64  0
-31  -10  67  0
24  -11  63  0
-29  -14  15  0
43  -22  57  0
-74  -32  48  0
-10  -36  24  0
-11  75  -16  0
1  14  -50  0
-61  -3  -41  0
-46  53  -17  0
-79  56  29  0
80  -11  2  0
11  -53  41  0
58  -15  -19  0
-48  74  10  0
-36  63  41  0
-48  42  -34  0
14  -72  -52  0
49  -20  39  0
-46  -7  44  0
31  77  -74  0
-13  69  -53  0
41  -25  -29  0
-57  2  42  0
-37  -48  -76  0
-38  50  67  0
39  -7  52  0
-42  -30  11  0
-44  -60  76  0
48  -47  -45  0
-45  -9  48  0
11  -51  26  0
73  45  -4  0
-75  31  -24  0
-32  -6  9  0
62  75  -65  0
-45  -57  15  0
64  61  -77  0
25  11  -2  0
1  6  -72  0
56  -77  9  0
-4  -69  -48  0
21  -5  61  0
-5  24  33  0
32  -31  -74  0
45  -73  40  0
63  10  38  0
10  -71  -63  0
33  -69  31  0
35  72  -53  0
25  68  13  0
-62  -25  -57  0
-63  -36  74  0
-1  -26  75  0
-13  -57  -46  0
-53  -16  8  0
-65  75  3  0
-21  55  -7  0
38  -76  15  0
-18  -14  29  0
-52  67  27  0
65  40  56  0
48  55  -61  0
-50  35  -15  0
-64  38  -73  0
67  50  53  0
-54  -80  -18  0
37  -63  -18  0
25  17  28  0
-16  -47  56  0
-21  -46  51  0
-22  -67  78  0
-20  41  -35  0
25  28  -32  0
-52  -57  62  0
48  40  -38  0
-6  23  11  0
-45  53  -72  0
-61  9  -25  0
-58  16  10  0
-20  45  -55  0
27  -64  -38  0
-31  3  5  0
9  57  -71  0
56  -22  21  0
69  54  -78  0
-38  3  -13  0
-62  -35  -24  0
-33  7  31  0
73  63  -23  0
18  -4  -44  0
40  -34  4  0
-70  56  -18  0
-4  79  -18  0
-16  -28  49  0
-48  71  -2  0
14  49  44  0
46  -32  -36  0
69  -33  38  0
-25  -64  -59  0
