c mkcnf random cnf with seed 435541, max clause length 3
c FORCED SATISFIABLE
c 
p cnf 80  344
61  -73  55  0
-25  -60  -16  0
-43  46  63  0
-16  -17  9  0
52  36  19  0
-72  38  74  0
-60  -46  -24  0
-79  -72  20  0
-30  23  68  0
60  -32  41  0
59  41  12  0
15  57  58  0
-5  49  46  0
46  -43  -11  0
73  -18  -29  0
-60  -80  -79  0
-37  -77  21  0
76  14  40  0
6  -54  -65  0
18  -38  78  0
-18  32  58  0
-57  8  -56  0
-41  -19  -60  0
-33  55  45  0
12  -11  40  0
25  -32  76  0
63  30  -69  0
-27  -38  -10  0
35  45  2  0
-29  -43  65  0
26  -38  -53  0
-79  -17  56  0
17  52  15  0
47  29  -43  0
43  -18  35  0
-59  11  -25  0
63  58  79  0
-51  40  4  0
50  -70  39  0
-44  48  55  0
-39  17  57  0
47  -71  -57  0
-22  -14  78  0
-57  -12  -33  0
-79  68  -54  0
-32  63  12  0
-12  1  68  0
80  -65  25  0
59  -12  -58  0
-7  -58  11  0
2  -53  -40  0
-8  -67  -18  0
-64  -18  5  0
10  31  -79  0
50  33  -20  0
29  -76  -16  0
54  62  20  0
1  69  16  0
24  67  63  0
29  -73  -17  0
43  -16  -1  0
17  -34  11  0
22  -67  60  0
-37  -39  7  0
-60  49  -51  0
53  21  -44  0
14  23  62  0
54  -39  52  0
33  42  57  0
-67  4  8  0
70  33  -26  0
-69  -76  -14  0
30  22  -21  0
-43  53  -31  0
-45  50  46  0
5  -2  42  0
78  59  -22  0
59  -25  55  0
-62  -49  -50  0
80  68  43  0
-39  -4  17  0
-24  -22  49  0
25  -35  4  0
17  10  49  0
48  -27  -23  0
-51  11  -14  0
-1  -45  -68  0
-68  26  32  0
-67  25  41  0
43  -1  18  0
25  76  -70  0
-7  -79  13  0
11  40  63  0
-73  -28  6  0
-54  -38  65  0
80  -36  -65  0
-52  46  27  0
23  -61  -37  0
55  -74  -70  0
76  -10  -42  0
-7  -20  -68  0
42  1  55  0
63  38  9  0
36  -76  -39  0
78  -11  38  0
-25  75  -28  0
75  41  24  0
-69  10  43  0
-49  37  25  0
59  48  -22  0
-32  -10  -57  0
-28  30  -69  0
77  56  37  0
-39  -32  -65  0
-38  71  -27  0
7  -2  -70  0
-44  -19  -18  0
-7  -14  22  0
-40  32  77  0
22  -41  -26  0
1  -32  -68  0
-25  48  -21  0
33  28  18  0
65  -31  -30  0
-66  -69  70  0
6  -28  34  0
-23  71  -35  0
-58  -22  -49  0
-16  15  28  0
-28  5  -52  0
-17  -4  79  0
-46  29  8  0
45  63  -25  0
-65  -9  71  0
78  -4  2  0
-25  40  -59  0
66  -27  53  0
-3  62  -41  0
34  31  10  0
4  49  56  0
-10  -47  78  0
-39  42  56  0
-17  -68  -31  0
-45  -35  34  0
45  -20  58  0
35  -66  10  0
-49  -7  61  0
-31  -75  29  0
35  -67  19  0
15  -70  22  0
-62  -58  33  0
75  -57  -8  0
42  -62  -3  0
-13  -44  -5  0
39  -68  37  0
77  44  66  0
-56  28  -53  0
-6  -57  52  0
-55  -49  -36  0
45  -66  -13  0
43  11  50  0
-13  56  -5  0
-34  49  -45  0
-40  -60  -18  0
-66  10  25  0
-69  -1  -28  0
5  48  -79  0
30  10  -67  0
-1  35  -77  0
12  -72  39  0
27  -43  -34  0
46  13  5  0
75  58  -63  0
27  73  56  0
-72  38  57  0
-16  57  -80  0
33  -31  -73  0
6  -64  76  0
-77  1  -15  0
-48  -16  67  0
-24  -7  79  0
20  76  -70  0
-48  -13  47  0
35  50  60  0
-59  41  -45  0
13  -58  69  0
48  40  -17  0
58  46  -77  0
1  22  64  0
9  -63  66  0
13  59  -17  0
3  -59  63  0
69  34  38  0
67  20  -80  0
61  -41  74  0
-51  -18  14  0
-65  28  -43  0
43  -7  -34  0
24  -79  -46  0
-30  -80  4  0
73  22  56  0
-59  -71  12  0
-7  34  52  0
-45  74  53  0
-33  12  43  0
-29  -35  59  0
-68  11  -8  0
-42  -63  -38  0
-22  -16  -23  0
57  32  58  0
-23  78  68  0
14  37  -55  0
72  41  43  0
19  39  -78  0
12  -17  -80  0
16  -73  46  0
18  48  58  0
32  16  80  0
-17  -78  47  0
-15  61  25  0
-72  42  59  0
53  -48  25  0
65  78  -76  0
63  -10  -50  0
47  34  22  0
30  -31  -76  0
-4  -72  -74  0
-41  43  -25  0
24  -20  -38  0
-63  -46  -55  0
72  18  38  0
-9  -24  68  0
64  -19  68  0
-43  -3  41  0
47  12  -79  0
-14  -20  -27  0
-62  -2  -71  0
61  49  60  0
-34  3  -26  0
-22  -18  -9  0
-44  46  -45  0
66  63  69  0
52  -48  59  0
-76  -59  -51  0
-56  21  28  0
57  40  -80  0
-1  55  -31  0
-3  76  -60  0
-2  45  18  0
-17  3  58  0
-28  -61  72  0
-66  61  -21  0
-60  -7  -78  0
72  29  -55  0
-35  -44  33  0
68  -1  52  0
-27  -30  66  0
-6  1  68  0
-17  65  29  0
26  59  74  0
3  -19  24  0
-57  28  73  0
13  -72  3  0
79  -44  -35  0
-31  -55  -9  0
18  -61  59  0
20  -63  -44  0
-35  -48  13  0
-64  -49  -3  0
-30  7  -49  0
-3  -57  -24  0
-1  20  40  0
6  -7  -41  0
49  -51  70  0
-74  6  14  0
-79  51  54  0
40  -53  79  0
-53  50  44  0
-74  -11  75  0
53  -73  -14  0
-16  13  5  0
32  -15  -53  0
46  74  -49  0
-24  29  -43  0
6  -54  77  0
-12  2  40  0
-30  -78  80  0
54  -16  40  0
27  -50  -20  0
50  -72  71  0
16  -5  -20  0
-77  -40  48  0
-73  29  -46  0
47  -48  -67  0
60  -73  47  0
27  80  -20  0
54  17  -69  0
69  -10  42  0
-36  -24  -40  0
-28  -34  31  0
-22  42  -45  0
30  53  29  0
-27  34  13  0
53  45  36  0
-28  -35  50  0
-22  55  15  0
-54  45  -46  0
69  4  27  0
33  34  -74  0
20  7  36  0
-24  -19  12  0
-20  -60  -33  0
66  52  -73  0
-32  11  70  0
-78  -54  11  0
-15  49  -39  0
17  72  12  0
66  80  -27  0
-28  64  -23  0
-59  -31  18  0
-20  22  -60  0
35  69  -65  0
70  -35  38  0
73  70  74  0
-29  -39  38  0
-43  -7  59  0
63  -35  48  0
42  -39  -5  0
33  9  46  0
-65  15  -78  0
3  -36  -4  0
69  -53  -19  0
57  -28  -6  0
27  -38  -57  0
-74  71  28  0
41  -40  39  0
-51  -12  44  0
-68  40  -65  0
74  31  69  0
-22  71  41  0
-67  -57  36  0
47  -72  -77  0
21  2  -61  0
-12  -74  17  0
