c mkcnf random cnf with seed 435567, max clause length 3
c FORCED SATISFIABLE
c 
p cnf 80  344
38  44  -69  0
44  61  18  0
73  22  -69  0
18  -5  37  0
55  -17  -43  0
-9  -67  20  0
-8  56  -59  0
54  40  49  0
-71  -32  -24  0
5  -58  70  0
26  62  14  0
-76  4  -66  0
64  -15  32  0
80  7  62  0
12  -18  -9  0
-40  -67  -45  0
-1  67  78  0
67  15  -35  0
38  21  3  0
51  41  33  0
17  -29  1  0
69  19  -48  0
-61  -2  50  0
7  -34  -5  0
-21  40  51  0
67  20  -13  0
-56  11  -10  0
-3  -63  49  0
-43  77  -76  0
-31  9  40  0
-72  -1  -25  0
9  -43  -31  0
-44  37  26  0
74  -31  -2  0
-59  23  62  0
27  -41  -5  0
-8  -34  47  0
6  53  -24  0
-68  -76  22  0
26  15  7  0
56  75  -30  0
-64  -21  36  0
-69  4  45  0
40  12  39  0
-24  62  4  0
5  -78  -9  0
69  1  36  0
17  77  67  0
-45  -19  27  0
61  -28  17  0
48  -50  16  0
1  -56  -46  0
-58  -29  -52  0
17  -78  32  0
-14  10  -43  0
55  22  -28  0
-8  -31  6  0
-4  76  52  0
-6  61  63  0
28  -48  -34  0
-25  -28  -32  0
20  59  -72  0
-7  -51  48  0
-48  -56  64  0
47  15  -38  0
59  44  -71  0
71  63  -50  0
-62  -76  35  0
26  10  -43  0
-34  -44  -48  0
-26  40  9  0
-37  65  -22  0
4  -76  -1  0
14  -13  -74  0
-61  55  20  0
-1  40  -46  0
5  36  -9  0
24  33  -13  0
53  15  -73  0
73  4  19  0
4  7  51  0
26  59  -47  0
50  -68  -65  0
34  43  75  0
-33  5  -67  0
-4  -39  60  0
17  50  -19  0
2  56  -64  0
-68  70  75  0
-48  77  -23  0
29  51  -37  0
-56  20  33  0
57  28  -12  0
24  -20  -64  0
55  -36  -62  0
8  -42  -1  0
-63  -31  72  0
-49  -12  -16  0
-5  -11  1  0
50  -39  -14  0
43  74  -45  0
-65  -76  -39  0
78  -42  -37  0
-22  -74  78  0
-3  51  -38  0
1  -15  40  0
-44  18  -22  0
1  32  49  0
49  27  -55  0
-73  -63  23  0
-4  -49  7  0
72  -28  66  0
-2  -38  63  0
-18  -64  -6  0
69  30  -50  0
3  62  22  0
54  11  -4  0
-38  -32  -16  0
24  -2  61  0
-30  -31  -24  0
19  -41  -49  0
55  -23  -61  0
30  76  -11  0
19  -21  8  0
-15  57  -23  0
-17  59  -7  0
39  -16  22  0
40  -80  58  0
-10  73  63  0
-44  22  28  0
40  58  -80  0
-60  -57  17  0
-66  -67  -41  0
-14  -45  23  0
-76  11  -47  0
5  -31  80  0
-13  58  -34  0
-59  -66  -71  0
-23  77  30  0
-24  62  28  0
-77  -21  64  0
17  -14  15  0
-3  10  19  0
33  64  -5  0
-11  -44  22  0
79  -70  23  0
-51  18  11  0
-34  8  -68  0
-78  -52  58  0
4  24  74  0
-77  -21  -19  0
-48  -20  31  0
7  -16  14  0
-74  -45  80  0
59  -30  -27  0
66  -47  -80  0
1  -42  9  0
-68  -77  -71  0
-36  -24  -65  0
-28  -51  -36  0
-63  -44  -36  0
26  -80  9  0
-21  8  -57  0
-79  -36  66  0
-24  77  49  0
-7  -48  -23  0
55  41  -33  0
-75  -71  29  0
-53  69  21  0
-57  56  -76  0
58  -54  -51  0
-54  -19  25  0
-76  -9  48  0
66  -64  -17  0
76  -27  -29  0
-42  -58  26  0
18  44  41  0
-35  76  -58  0
-27  44  -12  0
-15  61  -63  0
-32  74  31  0
12  36  -74  0
24  48  23  0
-47  64  -24  0
38  -2  -70  0
-34  75  14  0
66  -59  52  0
-6  -75  8  0
-23  67  -3  0
-14  -46  16  0
-35  37  -56  0
51  -8  -75  0
-69  -63  -16  0
65  -46  39  0
50  44  -71  0
-77  -67  35  0
-20  35  61  0
-77  76  71  0
-77  -24  -33  0
-23  77  -48  0
18  -45  -32  0
-16  -79  13  0
-68  37  -27  0
40  72  24  0
-75  11  -27  0
-2  -30  66  0
63  -60  -15  0
-2  27  37  0
-73  18  10  0
51  12  6  0
-60  52  -21  0
-56  55  -67  0
9  -39  -52  0
3  -7  70  0
-24  78  11  0
49  -20  46  0
54  75  9  0
-40  30  16  0
-41  -7  63  0
17  32  -61  0
41  1  -58  0
49  -68  48  0
75  -17  14  0
41  -28  72  0
18  -72  -27  0
40  54  79  0
20  31  -18  0
-47  -29  43  0
71  15  67  0
7  -22  19  0
18  49  -50  0
-48  -61  -18  0
-6  -61  3  0
15  72  -47  0
-66  8  11  0
-30  23  -57  0
-77  -52  15  0
-78  23  6  0
4  79  78  0
73  -38  -75  0
21  9  42  0
31  -77  -56  0
39  -63  5  0
-43  -48  -60  0
-36  -18  10  0
25  2  80  0
-29  -14  73  0
-53  29  -61  0
-56  59  -80  0
-71  -53  50  0
53  21  -37  0
62  35  -63  0
-40  -77  18  0
71  -73  5  0
-34  -80  -23  0
13  38  14  0
26  80  56  0
-41  -49  77  0
-79  -49  75  0
-37  2  -14  0
60  36  47  0
5  75  -79  0
-79  6  -74  0
56  36  75  0
70  -52  44  0
-25  53  -73  0
-10  -38  51  0
-54  -42  21  0
-80  54  -8  0
-1  25  -37  0
-33  -11  -57  0
9  59  15  0
79  21  41  0
-12  52  -21  0
-57  53  -67  0
10  -49  45  0
-52  -22  -30  0
24  -1  -10  0
37  74  -34  0
17  -56  -46  0
15  -27  45  0
61  -11  -59  0
-16  18  -23  0
20  51  34  0
-15  22  4  0
67  -6  -55  0
-61  -46  -54  0
45  -55  -49  0
33  -23  -24  0
-40  -36  -13  0
-27  30  19  0
66  -33  -48  0
-70  3  -25  0
72  42  -9  0
-46  -62  30  0
27  19  42  0
45  -75  30  0
65  -66  -53  0
-73  -26  66  0
15  -9  -57  0
-40  -65  38  0
-56  -75  -64  0
9  8  10  0
-15  -31  -71  0
-23  -21  -59  0
-42  -37  50  0
-53  -67  35  0
21  48  15  0
66  -56  -25  0
-26  1  -7  0
-70  -2  -24  0
19  -31  54  0
63  75  27  0
62  32  -69  0
-4  -44  -5  0
47  79  -71  0
40  62  -3  0
-66  9  -15  0
17  -72  80  0
7  67  32  0
-57  20  -58  0
-8  -60  48  0
-45  30  -6  0
37  -61  -8  0
-38  78  76  0
-17  -55  -79  0
76  -25  6  0
-15  32  -68  0
78  34  73  0
-38  -55  26  0
-54  39  -13  0
-54  -67  -1  0
23  46  -18  0
62  45  66  0
4  -78  73  0
-64  -28  13  0
73  47  37  0
64  -68  -49  0
-22  36  70  0
27  70  -36  0
-1  -72  17  0
-55  30  -60  0
5  36  46  0
43  -56  74  0
