c mkcnf random cnf with seed 435529, max clause length 3
c FORCED SATISFIABLE
c 
p cnf 80  344
-65  -38  43  0
40  80  -41  0
27  21  25  0
-38  73  -25  0
22  -28  -40  0
63  3  -46  0
48  34  -57  0
62  74  -25  0
50  -20  -73  0
63  -10  -68  0
10  43  24  0
-6  36  35  0
-48  67  -50  0
57  -52  46  0
66  70  69  0
48  -29  -44  0
53  -46  -22  0
2  -32  -54  0
42  9  30  0
-39  9  -23  0
-2  -55  -62  0
-24  15  -79  0
-40  -16  11  0
-74  -18  -2  0
-4  -47  -41  0
-11  15  10  0
38  37  32  0
64  -74  -39  0
-28  -75  41  0
-20  50  56  0
-72  15  24  0
-66  67  7  0
61  -56  72  0
-34  -78  -7  0
59  61  18  0
38  36  30  0
14  10  -54  0
-40  -15  8  0
66  -8  55  0
64  -38  71  0
-17  18  -58  0
52  -53  4  0
8  31  45  0
-20  76  21  0
3  -12  -39  0
-67  47  49  0
-27  17  -38  0
23  9  78  0
-39  45  -55  0
38  -17  -37  0
-24  -74  5  0
11  -22  -38  0
-3  68  57  0
24  -43  49  0
22  49  -47  0
-74  79  -22  0
71  23  11  0
-47  32  65  0
-47  26  51  0
-77  -52  20  0
-67  70  3  0
-36  -16  -9  0
75  18  -79  0
-10  -54  -40  0
-69  -75  -9  0
61  -33  -35  0
-24  32  22  0
-76  73  -24  0
28  44  -52  0
-13  -10  -28  0
38  -26  77  0
44  36  -56  0
71  -68  -29  0
54  -22  75  0
-7  68  38  0
57  -73  -66  0
61  -37  8  0
55  -36  -52  0
-14  -44  -33  0
-57  23  -47  0
-26  -75  21  0
43  -70  -78  0
23  18  76  0
-8  -79  22  0
-63  -21  3  0
39  65  42  0
15  27  -34  0
-54  -42  -78  0
52  69  -29  0
37  43  -9  0
-10  -6  -59  0
35  -59  68  0
14  -70  43  0
55  38  -34  0
-66  58  14  0
23  64  70  0
65  -60  39  0
21  41  -74  0
16  14  56  0
6  -9  52  0
39  72  12  0
-19  55  -2  0
-38  -8  78  0
5  38  23  0
-17  9  -73  0
-60  38  23  0
65  -39  26  0
-16  33  60  0
6  -20  37  0
-42  35  68  0
69  59  22  0
-53  45  4  0
6  52  -24  0
-8  -11  -66  0
-75  64  -20  0
-50  68  -12  0
-21  -44  16  0
24  71  39  0
54  -45  -9  0
-30  35  -37  0
-34  51  61  0
10  57  62  0
59  66  46  0
-69  64  2  0
-41  -17  -6  0
-53  -50  -33  0
33  52  -25  0
-23  -18  32  0
-16  -58  5  0
-20  35  -16  0
-22  61  16  0
-25  39  -60  0
43  -70  67  0
49  79  -70  0
-49  11  56  0
36  4  -69  0
-38  57  56  0
-16  -6  -59  0
68  -8  -76  0
26  68  -46  0
80  -52  37  0
28  -72  30  0
52  6  8  0
-5  74  12  0
-12  5  51  0
-52  6  -45  0
-44  46  -54  0
15  76  22  0
46  63  36  0
-55  50  6  0
11  49  -68  0
48  79  -49  0
63  47  -58  0
21  16  -42  0
-58  52  -55  0
-15  -80  -49  0
5  -13  -20  0
67  -53  66  0
61  22  71  0
-58  -43  51  0
39  66  57  0
-14  -19  75  0
-46  7  -75  0
49  -51  -20  0
-66  54  19  0
-46  -35  17  0
13  70  -42  0
-74  -6  -16  0
-27  22  -73  0
2  66  20  0
59  12  -4  0
10  -9  -3  0
8  -34  -64  0
37  68  -67  0
-56  9  77  0
57  73  -27  0
50  40  -3  0
-3  55  29  0
-76  -63  57  0
70  -59  -63  0
-64  -46  30  0
74  -67  3  0
60  -62  19  0
-23  -27  -25  0
-58  -46  -61  0
70  -17  -63  0
-44  -34  -28  0
22  -57  -70  0
71  -18  19  0
9  -56  -43  0
68  71  57  0
60  -31  -66  0
-22  -76  -3  0
-60  37  -36  0
51  39  47  0
-23  2  -4  0
68  19  66  0
55  12  61  0
22  30  77  0
44  -65  76  0
-8  -40  -2  0
-14  -72  -71  0
-73  -77  3  0
66  -70  -80  0
-46  -50  43  0
69  -34  -60  0
28  -63  80  0
1  43  -8  0
54  -78  29  0
-48  18  -5  0
14  20  -70  0
19  64  67  0
41  -55  -67  0
39  47  52  0
-22  21  -9  0
-34  60  6  0
79  -31  -57  0
-58  3  38  0
-70  -63  -47  0
57  -54  76  0
73  -72  -76  0
32  7  -8  0
7  -42  32  0
27  -51  -75  0
13  -43  19  0
62  -1  -36  0
42  1  -11  0
80  31  53  0
59  -7  -47  0
-29  4  71  0
-70  39  -11  0
46  34  -13  0
38  -6  23  0
-76  -2  78  0
48  -35  66  0
-35  55  58  0
-43  -51  5  0
-63  75  48  0
29  70  -7  0
70  -66  -29  0
4  23  9  0
-58  -67  39  0
-4  2  6  0
10  -67  5  0
-38  -1  -33  0
-69  -13  35  0
-27  -24  50  0
76  -2  -25  0
-57  63  35  0
70  72  -55  0
-46  56  -51  0
-63  -13  -66  0
-42  79  62  0
-37  18  -12  0
-57  5  39  0
22  -8  21  0
78  73  67  0
-73  -43  -47  0
66  59  12  0
68  -45  -27  0
74  -76  42  0
25  -38  28  0
-8  63  44  0
-39  -22  54  0
2  55  56  0
65  34  -11  0
76  -5  -6  0
-75  52  43  0
73  -10  -39  0
-56  31  39  0
24  46  5  0
-60  -58  -40  0
76  18  37  0
-25  -16  76  0
43  -8  55  0
-68  23  65  0
-41  3  54  0
-18  33  -30  0
-67  -30  -75  0
-74  -47  5  0
-15  -2  -14  0
-56  65  30  0
52  -74  46  0
7  38  42  0
33  55  51  0
29  -67  -36  0
65  68  -29  0
-57  51  -56  0
-25  5  -11  0
-2  -52  36  0
64  18  -77  0
-2  -33  -41  0
-8  6  -46  0
65  49  -16  0
-63  -73  49  0
57  -1  38  0
-71  20  -27  0
-34  33  8  0
24  -33  -79  0
26  -38  -20  0
30  67  7  0
-37  -67  62  0
-77  67  -73  0
-64  -34  17  0
14  75  -48  0
4  33  2  0
51  60  -44  0
52  11  59  0
-12  -21  7  0
-2  -40  -27  0
-33  -7  -73  0
-68  -58  -3  0
50  51  3  0
-39  44  -51  0
-35  56  57  0
-74  27  37  0
74  -28  21  0
-55  -34  -3  0
20  -62  56  0
43  33  49  0
-33  2  43  0
6  72  66  0
-46  -61  -79  0
-44  -66  -59  0
-61  -79  1  0
-43  19  -24  0
72  24  26  0
-73  69  23  0
-22  -67  -70  0
77  -33  51  0
67  -66  -31  0
15  -23  61  0
42  78  -69  0
-45  -20  -1  0
-3  68  -28  0
-67  -6  72  0
66  -26  12  0
37  -51  17  0
32  -63  -69  0
-4  44  -49  0
-58  -12  -80  0
2  -8  20  0
9  -20  -55  0
-64  44  13  0
