c mkcnf random cnf with seed 435548, max clause length 3
c FORCED SATISFIABLE
c 
p cnf 80  344
12  -41  56  0
-17  42  -54  0
56  -66  3  0
-52  -54  73  0
-35  -25  -17  0
65  -36  -18  0
-55  -56  69  0
-47  -45  -4  0
-74  -45  30  0
34  10  -67  0
20  -30  -75  0
-79  72  31  0
-54  -23  -67  0
-29  -68  61  0
16  31  -70  0
33  58  38  0
41  49  -29  0
6  64  26  0
62  -3  25  0
-41  -70  66  0
-1  -76  -46  0
-61  -66  -45  0
68  -61  4  0
10  -44  -57  0
25  77  -9  0
28  -4  -8  0
21  40  -52  0
43  44  21  0
-8  -74  -56  0
19  -4  -78  0
65  -69  -63  0
-28  -34  67  0
13  65  62  0
13  25  45  0
42  -13  51  0
-12  -6  -45  0
-70  -55  9  0
76  -7  70  0
-38  45  -74  0
72  -78  -67  0
-25  -39  -16  0
9  40  -2  0
1  7  26  0
-51  46  -59  0
26  29  21  0
-5  32  -28  0
62  -41  -80  0
-35  -24  -16  0
-75  -55  77  0
10  -39  4  0
80  19  -71  0
-48  -67  -77  0
-15  71  -46  0
63  -80  -71  0
-49  -3  13  0
-61  68  -79  0
23  12  -64  0
-55  51  34  0
-58  -10  -9  0
-63  -16  -74  0
19  -73  57  0
38  12  47  0
-38  -69  72  0
23  65  16  0
45  -71  -22  0
-52  -30  6  0
-19  -47  -51  0
22  4  -43  0
46  73  -34  0
-72  44  -28  0
-11  58  74  0
-27  54  -31  0
-36  -58  -38  0
51  66  -26  0
62  11  22  0
61  -67  5  0
43  -27  49  0
-74  16  23  0
61  6  54  0
68  80  -11  0
29  -74  1  0
68  11  6  0
28  8  -35  0
-39  5  47  0
16  -20  54  0
-13  -55  14  0
-3  43  67  0
-75  1  -54  0
8  -63  65  0
-24  -14  53  0
34  64  -57  0
-12  49  -29  0
17  28  30  0
-40  -63  39  0
9  45  -61  0
6  -44  80  0
61  4  20  0
-75  25  44  0
59  57  -16  0
-63  -20  6  0
40  55  70  0
-15  52  -77  0
74  22  -32  0
-53  -14  66  0
-2  56  52  0
41  26  -43  0
47  29  15  0
78  60  -25  0
-36  -8  17  0
23  40  73  0
65  16  38  0
-12  -71  47  0
-14  70  -60  0
-20  39  -30  0
-28  11  26  0
44  39  -10  0
-51  37  -24  0
-74  -57  -14  0
-76  -73  -58  0
64  -26  -79  0
-49  -27  20  0
-21  18  -73  0
-80  6  -15  0
7  77  12  0
30  -52  4  0
-26  58  33  0
-50  27  49  0
19  65  -1  0
-44  -43  50  0
-30  -77  66  0
37  28  -48  0
-59  33  -12  0
25  -57  58  0
-22  1  51  0
71  30  -39  0
-19  -48  72  0
35  71  -58  0
-30  -29  -43  0
-54  -71  -60  0
-16  75  27  0
21  22  -10  0
-4  7  -10  0
-72  -7  -52  0
-48  -25  -44  0
11  -9  15  0
-72  24  -48  0
-2  -6  7  0
-35  -48  -65  0
-44  -39  -16  0
-74  51  -23  0
35  63  19  0
13  -30  -41  0
-55  23  -6  0
75  58  18  0
9  69  -12  0
56  33  -42  0
-70  -58  -18  0
-63  -9  72  0
-72  18  62  0
60  -6  -52  0
-2  -39  -64  0
-2  3  53  0
42  -64  -69  0
45  -9  -65  0
-75  9  -60  0
23  -19  78  0
-71  -54  46  0
59  -51  77  0
-5  47  76  0
37  71  26  0
-56  -22  49  0
31  39  34  0
41  -80  58  0
-54  16  -51  0
-55  -74  -53  0
39  48  55  0
68  30  11  0
30  31  41  0
62  22  -75  0
-1  -72  53  0
78  65  58  0
46  53  37  0
-21  -59  -13  0
67  -47  17  0
79  -39  36  0
-50  21  -80  0
62  -69  -49  0
79  -78  33  0
-36  -55  -34  0
13  -10  52  0
-74  5  68  0
-13  -38  33  0
-58  64  -22  0
11  77  -49  0
55  37  38  0
-33  19  -25  0
19  -76  -59  0
-49  -31  -62  0
-13  -44  68  0
-9  -31  64  0
19  -50  33  0
-22  65  -32  0
-79  -68  -71  0
65  -1  24  0
-47  -59  29  0
79  -3  42  0
7  71  -62  0
-42  55  40  0
-3  21  42  0
-46  -39  58  0
11  4  26  0
-72  -43  22  0
-35  34  4  0
-33  27  -46  0
-24  -54  -16  0
76  20  51  0
-55  2  -21  0
11  -33  -70  0
32  50  -65  0
1  36  15  0
-55  58  -48  0
46  -68  66  0
17  -38  -65  0
-78  -44  24  0
68  -41  57  0
58  -15  13  0
59  70  -47  0
-60  76  -7  0
-33  7  73  0
-48  -61  67  0
26  -69  -20  0
72  -32  -33  0
-49  10  -22  0
2  -5  -58  0
60  -53  -20  0
-17  -8  21  0
11  -34  73  0
-39  75  3  0
-35  -50  41  0
49  -60  55  0
-10  9  -78  0
-64  -77  -68  0
-60  -1  39  0
39  -38  68  0
8  -51  63  0
-51  -33  -16  0
40  33  62  0
38  -44  -71  0
-52  -80  -53  0
64  27  -57  0
64  -8  -80  0
-32  17  -71  0
72  5  -49  0
48  -26  16  0
-29  -62  -4  0
-39  -68  -79  0
-64  -6  5  0
-7  46  13  0
74  -51  -15  0
30  -44  -75  0
-74  -76  79  0
24  -50  -65  0
79  64  52  0
5  54  -78  0
-19  -60  -27  0
23  -55  17  0
63  57  -47  0
76  -11  66  0
60  75  9  0
38  78  60  0
-47  -62  -64  0
28  72  66  0
-74  -18  -72  0
-49  -69  70  0
-73  58  43  0
51  47  12  0
46  70  47  0
-27  40  -19  0
-69  -60  63  0
62  -7  -25  0
36  68  17  0
-66  33  37  0
-16  43  4  0
75  -51  -52  0
-16  -18  -31  0
24  22  78  0
-68  39  79  0
-1  -3  73  0
71  -67  -16  0
21  -77  -47  0
-16  -2  -61  0
-62  46  58  0
-18  -32  -52  0
-75  1  -54  0
-45  24  11  0
-39  -66  50  0
-26  -62  25  0
72  -27  33  0
-33  31  -28  0
-9  -55  -36  0
23  49  -24  0
-42  21  -7  0
14  61  73  0
65  -58  39  0
70  -19  14  0
6  -19  62  0
-15  -67  46  0
22  -21  17  0
21  55  35  0
41  27  44  0
-72  -54  19  0
3  -58  -62  0
-8  -36  52  0
-50  -58  57  0
61  77  38  0
21  47  30  0
68  44  54  0
70  -10  64  0
-33  -41  -31  0
-38  -46  -47  0
-64  -20  -56  0
70  7  17  0
29  7  48  0
-8  -57  71  0
-4  50  -71  0
35  31  -15  0
-48  69  52  0
47  -59  4  0
-58  48  67  0
70  -20  -57  0
-53  -10  51  0
62  3  23  0
72  8  10  0
50  -30  -24  0
21  66  35  0
74  6  -5  0
-30  57  11  0
-75  -64  -48  0
-49  -19  20  0
-70  17  37  0
16  64  13  0
67  53  -42  0
62  2  58  0
-52  9  42  0
