c mkcnf random cnf with seed 435521, max clause length 3
c FORCED SATISFIABLE
c 
p cnf 80  344
41  8  -56  0
66  57  -9  0
77  -9  8  0
20  -50  -65  0
23  -1  48  0
-45  29  55  0
53  59  55  0
-42  53  76  0
27  -22  -37  0
-10  -46  -24  0
4  -75  52  0
48  -75  14  0
67  -80  27  0
17  44  43  0
-62  70  51  0
13  -69  15  0
9  -40  -79  0
-3  6  16  0
24  25  -8  0
77  -42  -80  0
-37  -11  -60  0
66  50  26  0
-44  55  -62  0
28  -10  -24  0
68  -74  16  0
28  -79  -66  0
-53  66  -15  0
70  -1  -50  0
-64  57  -49  0
-78  -30  60  0
-26  30  73  0
-1  4  16  0
-40  -25  -50  0
78  23  59  0
-8  77  -46  0
-66  -51  65  0
55  35  32  0
70  -75  38  0
-14  17  -30  0
72  38  -37  0
-18  -3  -39  0
14  -48  40  0
-49  2  -44  0
3  -51  71  0
-28  -3  24  0
-33  -6  67  0
77  48  -67  0
-30  27  -32  0
8  -46  47  0
-43  52  -34  0
50  -38  -27  0
52  -57  -21  0
-62  45  -79  0
-30  11  45  0
10  -32  24  0
-64  27  -5  0
15  30  67  0
37  -13  -4  0
53  19  23  0
68  -35  13  0
-22  -66  14  0
-56  -65  19  0
-67  -13  -28  0
33  45  -41  0
-58  -48  -66  0
-11  -24  22  0
-23  -51  25  0
-36  -4  -69  0
-41  -43  -58  0
-64  42  18  0
-19  48  36  0
-53  52  -72  0
21  -57  -45  0
59  77  47  0
33  -61  13  0
66  -78  -11  0
26  80  36  0
72  9  10  0
-64  8  26  0
51  -39  26  0
21  17  38  0
78  -64  27  0
20  -56  73  0
21  9  -44  0
62  18  -61  0
-16  69  44  0
-43  46  -58  0
-4  -24  -63  0
7  34  19  0
-46  -10  74  0
42  16  68  0
19  -22  54  0
-31  13  -8  0
8  -31  64  0
-19  78  59  0
39  26  76  0
34  10  -36  0
-56  40  -36  0
36  1  -78  0
-34  -20  14  0
21  14  -1  0
-27  28  -68  0
25  -3  4  0
49  -16  -4  0
-12  -62  -24  0
9  80  -35  0
-37  46  39  0
-62  -48  7  0
-71  66  -40  0
45  54  60  0
-39  -67  55  0
-18  49  -6  0
6  -19  -46  0
-79  38  -52  0
42  -43  33  0
51  12  1  0
-56  -58  41  0
-41  34  -14  0
55  8  79  0
21  -35  -29  0
-10  -37  67  0
-71  -35  -65  0
60  -34  -35  0
57  -4  -11  0
59  49  56  0
6  36  42  0
68  -7  -78  0
-69  -60  13  0
-17  -44  -41  0
4  -2  -18  0
1  -4  -32  0
43  63  -24  0
-80  -28  -75  0
-65  -28  19  0
18  -61  -47  0
32  18  -16  0
28  65  50  0
5  43  50  0
69  32  28  0
6  -64  26  0
-19  -30  -71  0
-11  78  57  0
-13  -14  -46  0
-4  67  -44  0
-9  -2  26  0
-4  58  42  0
40  -47  22  0
-31  -14  -27  0
23  11  -49  0
25  -8  -74  0
26  45  70  0
-8  -50  -38  0
34  44  -67  0
20  -64  -79  0
73  -40  60  0
6  33  -72  0
37  40  76  0
14  -76  69  0
-72  -9  -45  0
-54  13  79  0
16  -10  -65  0
-32  45  -56  0
-9  21  -45  0
38  10  -74  0
-64  61  45  0
45  -3  -22  0
38  -22  7  0
28  7  42  0
-74  -41  75  0
-16  52  -46  0
-46  76  -61  0
69  58  47  0
-71  31  28  0
-13  41  -63  0
-64  8  -33  0
52  78  47  0
23  -8  -34  0
-45  63  10  0
54  12  5  0
58  -42  23  0
-35  32  12  0
8  17  58  0
-23  -70  47  0
30  63  -56  0
-27  79  1  0
-18  -22  -72  0
7  -39  -59  0
-47  24  -6  0
-61  26  31  0
14  50  27  0
23  -51  -9  0
-76  -14  -59  0
43  49  -61  0
-73  45  36  0
-72  -69  -25  0
66  63  45  0
80  -24  75  0
-67  2  43  0
75  -64  -70  0
26  -21  -19  0
-80  -39  -44  0
72  -21  -66  0
53  -29  -6  0
-56  53  29  0
37  -2  40  0
-44  46  13  0
-68  64  28  0
32  -64  -27  0
67  65  5  0
79  75  48  0
61  -64  -65  0
39  34  -33  0
-3  -55  10  0
65  76  41  0
-26  69  40  0
69  -16  78  0
14  5  -15  0
-63  -73  47  0
2  -52  -50  0
80  8  -70  0
22  43  16  0
49  72  -25  0
-12  -63  46  0
-76  -65  -51  0
70  -33  -62  0
50  -70  39  0
-21  61  32  0
-2  -9  6  0
77  34  9  0
9  6  -54  0
60  -33  1  0
22  -51  -19  0
29  13  48  0
34  -47  13  0
-68  22  -52  0
-10  6  1  0
-5  -14  67  0
-66  3  14  0
-73  -26  58  0
-53  75  -68  0
-34  28  12  0
48  -31  -59  0
-19  43  76  0
-40  -6  7  0
-19  -57  -40  0
-2  -23  50  0
-16  -30  59  0
66  -19  77  0
-8  -55  -48  0
-12  80  10  0
7  -6  20  0
24  16  55  0
24  28  -52  0
-31  -74  -21  0
20  42  16  0
58  -52  -22  0
-6  -14  -50  0
14  -12  77  0
7  28  13  0
-54  7  66  0
59  74  -75  0
11  -34  57  0
-48  -41  7  0
48  4  -24  0
-72  75  -17  0
69  68  -65  0
48  40  -16  0
78  22  -16  0
31  70  51  0
29  9  -46  0
-55  68  -57  0
-31  -56  60  0
9  -70  66  0
31  -48  44  0
64  -43  -3  0
-50  33  12  0
7  53  2  0
53  14  -55  0
3  4  -38  0
13  59  79  0
-29  -56  -5  0
70  -71  -62  0
-68  50  4  0
-52  -8  -74  0
18  -5  -74  0
78  62  -46  0
-59  30  31  0
80  7  34  0
-64  76  -46  0
15  -12  63  0
-25  -43  -54  0
-21  -58  -44  0
-66  -64  9  0
27  -12  -49  0
-71  -53  52  0
28  -40  27  0
4  46  70  0
-68  72  -29  0
-40  -20  -38  0
40  -46  69  0
-58  16  12  0
-27  75  -21  0
25  48  -51  0
-40  44  65  0
-31  20  -47  0
-45  66  31  0
-19  4  -75  0
-18  52  -32  0
-69  -63  -38  0
51  -21  22  0
-77  -4  8  0
-46  67  -1  0
60  74  -53  0
43  -47  -38  0
6  41  43  0
25  4  53  0
-7  -73  -65  0
47  -56  -17  0
61  70  11  0
38  -28  37  0
73  17  77  0
-72  9  -14  0
38  -68  49  0
-48  -17  39  0
9  -43  65  0
18  -71  30  0
42  -66  15  0
-11  44  20  0
-64  -30  -49  0
-54  71  -10  0
72  34  -64  0
49  79  -47  0
7  -68  -27  0
-60  -20  30  0
-51  50  -36  0
-8  32  -25  0
-22  8  40  0
-24  80  31  0
73  -11  74  0
17  -80  19  0
-20  -78  -66  0
-42  -10  -12  0
16  55  62  0
-45  -20  -34  0
