c mkcnf random cnf with seed 435592, max clause length 3
c FORCED SATISFIABLE
c 
p cnf 80  344
-22  -65  48  0
-3  69  -58  0
-1  -8  -63  0
66  -36  -79  0
45  78  -31  0
49  -46  12  0
18  -7  -39  0
-69  -13  -48  0
43  -79  -16  0
37  -64  65  0
-78  -76  66  0
-80  -72  -11  0
36  -16  -41  0
74  56  -65  0
-53  -73  -35  0
-11  -61  39  0
-39  27  -20  0
49  -9  77  0
-58  -57  -8  0
10  76  6  0
67  -65  61  0
-73  28  -14  0
-49  37  -21  0
-37  -73  -43  0
80  -21  -13  0
-27  46  39  0
28  -36  -62  0
54  -19  52  0
80  59  -54  0
-53  -34  39  0
34  -79  -78  0
48  7  32  0
-9  78  33  0
-14  13  -70  0
78  79  1  0
-43  36  -21  0
-77  -16  -70  0
-36  -57  59  0
67  61  -35  0
-26  -44  -32  0
26  -47  -76  0
-2  -29  -61  0
20  -46  52  0
5  -21  -48  0
9  35  59  0
32  -22  -65  0
35  -80  -19  0
39  5  -12  0
-6  -44  32  0
-40  48  -1  0
43  -51  -70  0
79  22  -50  0
-8  -67  54  0
-80  23  17  0
49  -51  -6  0
-9  76  -14  0
-28  21  2  0
-20  35  2  0
26  -3  80  0
12  11  55  0
-41  -71  -23  0
-31  66  -47  0
-27  -24  -29  0
42  -75  -24  0
-52  30  -10  0
73  11  61  0
76  -5  -57  0
42  49  -36  0
18  -22  -80  0
61  44  47  0
32  -4  -19  0
39  -53  6  0
-23  -63  -32  0
58  -37  -59  0
-72  52  36  0
-62  -5  -49  0
-67  -47  -2  0
-72  -28  -13  0
-73  62  -40  0
-28  -36  35  0
32  -70  63  0
-67  -49  62  0
-76  10  -74  0
27  66  -9  0
57  -23  4  0
32  -31  -78  0
25  50  46  0
16  30  17  0
-65  -42  -5  0
-30  -77  -22  0
-53  55  -46  0
55  -36  25  0
-37  -79  -8  0
41  19  44  0
-69  -34  61  0
-6  53  31  0
12  32  15  0
-5  -43  38  0
36  -3  35  0
20  36  5  0
-19  -22  -4  0
68  73  76  0
-31  23  -78  0
-7  -52  77  0
-63  13  74  0
21  57  24  0
2  47  76  0
-29  72  -5  0
-56  3  49  0
-1  -48  -59  0
-43  56  -45  0
-13  -22  52  0
-15  36  -61  0
-23  4  69  0
12  -26  -14  0
-3  -51  63  0
19  -34  67  0
-53  66  2  0
-33  -49  21  0
-75  53  -19  0
-61  55  16  0
-54  56  -71  0
-61  53  48  0
40  -69  39  0
6  52  27  0
44  1  56  0
55  78  21  0
67  80  55  0
-37  -44  76  0
80  -42  -15  0
20  -4  61  0
-32  63  60  0
51  -2  21  0
44  -43  -6  0
77  -38  -17  0
77  46  18  0
-40  -2  20  0
-9  19  -56  0
21  49  64  0
14  -1  -21  0
16  -32  -6  0
-39  -29  37  0
66  -32  -2  0
-73  -65  64  0
-3  19  76  0
-40  63  -53  0
34  14  24  0
5  62  20  0
-27  -63  66  0
62  73  30  0
76  -35  14  0
-31  25  70  0
-9  45  -3  0
-33  13  40  0
38  66  53  0
-54  22  57  0
-77  -25  -53  0
-4  -40  13  0
-37  1  -2  0
27  10  -69  0
56  -42  -72  0
-61  67  -66  0
-36  -54  -68  0
9  -27  -35  0
-49  -80  19  0
23  39  18  0
-3  -42  -5  0
56  67  -30  0
-56  51  61  0
79  69  63  0
46  -24  47  0
8  -74  64  0
51  -55  46  0
79  30  47  0
-73  28  -12  0
24  11  -3  0
-72  31  -45  0
-21  -15  -79  0
17  4  75  0
-78  -64  -8  0
36  64  13  0
79  -72  43  0
60  71  13  0
60  20  30  0
29  34  13  0
65  12  61  0
67  19  76  0
-37  -76  58  0
42  40  -10  0
70  -29  -42  0
-76  -53  7  0
9  25  28  0
77  12  -48  0
-62  78  -52  0
-54  51  31  0
-8  -25  -56  0
-24  -41  -66  0
-18  -36  -19  0
-36  73  5  0
-21  76  -52  0
50  47  54  0
4  -3  42  0
-39  69  -65  0
33  -20  13  0
-15  -50  34  0
-63  -72  24  0
-17  -31  67  0
-39  22  71  0
-45  2  43  0
48  22  17  0
-14  -31  34  0
-78  -7  -1  0
70  37  51  0
-58  -60  -32  0
15  12  69  0
-53  -25  35  0
59  26  36  0
-65  -35  -17  0
72  25  66  0
-35  -45  48  0
32  -25  -37  0
-69  -32  -15  0
-6  71  18  0
68  -23  -69  0
-5  -7  53  0
-46  42  -7  0
-60  -27  53  0
62  -77  -38  0
-50  33  -11  0
21  -71  -26  0
9  -32  73  0
-8  -80  32  0
26  46  -60  0
46  59  -47  0
64  -38  37  0
-80  72  -7  0
-38  -27  60  0
39  11  70  0
67  51  -47  0
-33  60  -66  0
33  24  -20  0
-33  58  -15  0
39  -79  21  0
44  -59  17  0
-48  -55  23  0
51  -45  -6  0
1  -25  11  0
44  27  70  0
18  -35  15  0
18  -58  46  0
-39  -42  -56  0
5  -58  -33  0
25  24  4  0
17  54  42  0
3  -77  55  0
63  67  44  0
25  5  -68  0
-55  -76  53  0
60  -78  -79  0
-58  55  70  0
14  -21  42  0
15  -33  -21  0
26  -22  -53  0
43  62  -52  0
-79  -9  -28  0
-11  73  27  0
35  -50  -75  0
-47  38  15  0
74  79  -31  0
-42  21  -70  0
1  -38  48  0
14  45  -6  0
53  -4  -41  0
66  -70  -32  0
-62  77  -74  0
26  46  -67  0
54  -67  13  0
-69  48  -1  0
-4  -52  74  0
-64  8  47  0
4  -3  65  0
76  21  -42  0
60  34  -31  0
73  34  -40  0
-57  33  56  0
56  -33  -38  0
31  -73  78  0
-43  5  -79  0
31  50  33  0
34  61  -31  0
-44  67  80  0
12  -17  -28  0
48  51  23  0
56  -25  54  0
-61  -73  46  0
79  11  1  0
43  37  -65  0
-47  42  -66  0
10  41  64  0
-12  43  -24  0
31  -18  73  0
24  64  58  0
-66  -65  -30  0
-44  -32  17  0
-73  25  -18  0
-80  8  14  0
-36  75  10  0
31  44  34  0
-19  -10  44  0
-41  -56  -43  0
-28  -56  36  0
46  -33  72  0
-56  9  -59  0
-34  -70  43  0
-67  71  -45  0
-41  47  -45  0
-29  40  -22  0
43  -75  71  0
-29  -14  -19  0
-44  54  -47  0
-29  -79  -62  0
-45  43  -63  0
60  43  55  0
9  -52  -8  0
56  -54  8  0
17  -79  -1  0
-25  44  -13  0
47  -48  -71  0
-65  69  66  0
7  31  -33  0
-37  71  -21  0
-20  55  -10  0
38  44  -65  0
-14  -48  5  0
-15  32  7  0
78  -15  -70  0
14  -49  -64  0
-56  -14  8  0
1  -11  55  0
22  67  29  0
15  -17  53  0
77  -24  23  0
-67  -5  39  0
49  9  11  0
