c mkcnf random cnf with seed 435549, max clause length 3
c FORCED SATISFIABLE
c 
p cnf 80  344
-5  -71  10  0
68  20  25  0
35  41  25  0
5  -28  -16  0
-54  4  -47  0
-34  23  79  0
63  59  77  0
11  57  -23  0
-49  -44  74  0
-4  5  -20  0
61  -17  66  0
-50  -40  20  0
37  -75  -53  0
-51  20  -34  0
-53  43  -33  0
15  -59  -33  0
39  -6  -46  0
-48  68  1  0
-62  37  63  0
31  18  30  0
-18  -35  -67  0
34  -33  43  0
-54  69  -43  0
-49  -30  78  0
-38  79  19  0
13  18  -53  0
-36  -23  -11  0
14  12  31  0
17  70  -28  0
-53  74  -49  0
-4  32  -6  0
-47  -17  -34  0
43  53  -66  0
75  35  -19  0
78  -36  -17  0
40  39  -43  0
60  4  -31  0
53  63  -43  0
16  3  22  0
-14  -54  20  0
36  -59  -28  0
19  76  37  0
28  -46  54  0
71  -33  -53  0
-60  31  -17  0
50  -59  26  0
-9  69  29  0
-34  21  -35  0
-80  27  -72  0
3  62  26  0
-39  14  -75  0
48  3  -42  0
-71  -20  62  0
30  -17  2  0
55  70  -42  0
-69  74  80  0
-41  -7  -30  0
-70  -19  -61  0
21  46  50  0
-40  49  -75  0
76  -35  59  0
44  -26  64  0
69  67  46  0
-19  -24  20  0
-9  25  -4  0
-38  -75  10  0
41  27  -61  0
-49  80  13  0
61  -51  -40  0
79  20  45  0
-30  -31  61  0
-51  -1  37  0
54  26  -44  0
54  -28  53  0
11  47  -75  0
-54  -59  44  0
67  -14  -9  0
-13  36  -12  0
-35  -60  -53  0
-16  14  67  0
-62  65  -10  0
53  -74  46  0
-75  -72  -45  0
19  32  -5  0
53  49  8  0
34  -44  -4  0
-27  -75  -13  0
72  -2  15  0
8  64  62  0
74  49  -22  0
53  8  -69  0
-58  -62  -2  0
-55  -57  -59  0
34  -12  23  0
-44  46  -10  0
-24  15  -36  0
-4  57  15  0
74  -63  16  0
-35  -27  29  0
65  15  -78  0
-63  -12  -1  0
-71  45  21  0
52  -37  -60  0
-66  30  -72  0
-3  58  14  0
-24  19  -64  0
-74  25  8  0
-59  47  44  0
-1  44  78  0
-4  42  -38  0
-51  -13  -46  0
73  -21  17  0
31  -42  -33  0
-78  34  -62  0
43  18  66  0
65  -1  -41  0
62  33  -56  0
-22  -34  50  0
-62  -24  80  0
79  -48  -73  0
71  -50  -25  0
57  74  10  0
-21  52  -35  0
7  -35  -3  0
71  24  -13  0
-26  33  74  0
64  37  78  0
8  26  30  0
-23  -26  -79  0
58  61  -1  0
-71  3  -24  0
-72  -21  -23  0
54  70  79  0
27  23  62  0
-23  47  72  0
-14  -43  -52  0
-50  9  -38  0
39  35  44  0
-49  56  -64  0
23  52  -1  0
-74  28  -71  0
-60  -12  -69  0
-25  -22  45  0
32  16  -77  0
22  -23  25  0
-12  66  74  0
-58  -29  2  0
-20  16  -46  0
4  61  -39  0
38  -68  -4  0
28  36  -24  0
-23  -29  -62  0
69  -28  -76  0
-54  -50  -57  0
51  24  67  0
10  -56  55  0
79  -72  -42  0
29  2  -5  0
65  9  -64  0
-76  -23  5  0
-73  -27  48  0
27  49  30  0
6  43  10  0
-59  77  -62  0
-37  -73  57  0
-43  -41  -64  0
-51  15  19  0
-19  -76  -18  0
64  69  -50  0
-59  -63  -69  0
74  69  -65  0
10  37  -11  0
-16  20  58  0
-29  -73  23  0
46  -13  -55  0
4  -46  -22  0
30  2  15  0
78  -4  -52  0
-3  75  -35  0
-48  53  -34  0
-76  -44  64  0
18  -47  11  0
50  -1  14  0
-6  68  43  0
4  -56  24  0
-12  62  -34  0
22  67  -68  0
-12  47  -11  0
-49  -59  -72  0
-3  55  -52  0
46  -18  -44  0
-54  -31  -26  0
57  67  53  0
-1  -61  -67  0
54  -33  48  0
-46  -52  31  0
-2  70  -68  0
50  75  -5  0
42  64  -2  0
-31  1  62  0
56  72  19  0
6  -26  22  0
-70  10  -66  0
-11  23  79  0
30  55  72  0
-53  69  12  0
76  -29  -1  0
44  -49  -4  0
-71  27  62  0
30  -61  77  0
41  37  57  0
18  14  -47  0
-22  -44  -67  0
-37  54  -21  0
-40  77  74  0
-43  56  50  0
66  59  -21  0
-5  70  62  0
75  -17  31  0
59  44  -57  0
43  -19  49  0
66  -10  -80  0
-8  -24  -50  0
-77  54  -14  0
-44  -45  -65  0
19  27  -77  0
-47  37  -75  0
51  -37  33  0
7  -25  56  0
71  26  35  0
-79  69  -2  0
-44  7  -27  0
-38  14  12  0
79  39  -61  0
37  43  -68  0
-29  -80  -19  0
-16  -58  -13  0
35  -5  -75  0
68  46  49  0
49  22  -76  0
47  -35  44  0
-49  2  -72  0
68  -2  34  0
-48  -22  79  0
-66  -7  4  0
-75  -20  -74  0
11  -57  29  0
10  -9  -52  0
-14  23  -28  0
-2  -43  60  0
26  79  59  0
-73  -35  43  0
15  -48  -29  0
77  -47  -44  0
-11  -25  -67  0
51  17  41  0
-5  -52  69  0
-4  -5  75  0
1  -4  -7  0
-52  11  -33  0
-72  -4  -49  0
3  -26  22  0
69  -13  75  0
-38  35  -62  0
70  -20  11  0
-17  -50  -48  0
40  56  49  0
39  -74  -53  0
-50  -54  -62  0
-55  -27  -79  0
24  31  60  0
-25  22  26  0
-74  -28  4  0
23  -5  56  0
-44  43  -34  0
52  70  -10  0
-10  -79  -67  0
-20  50  76  0
24  -2  74  0
6  48  -43  0
-10  -31  66  0
67  -22  70  0
2  -32  -52  0
33  -1  -53  0
-35  -55  10  0
-1  37  79  0
-72  26  31  0
-48  -15  28  0
69  -62  71  0
-69  33  72  0
-20  -78  -51  0
43  52  53  0
70  73  44  0
-64  -53  25  0
40  32  67  0
-62  -61  78  0
-53  -39  69  0
48  -60  -77  0
-2  -26  28  0
37  -50  -12  0
-47  -1  39  0
-78  60  -28  0
20  -35  -78  0
51  -41  27  0
-36  -62  -3  0
73  61  54  0
-11  -80  45  0
-20  -72  49  0
57  25  -16  0
-35  -32  65  0
-78  -6  -60  0
-67  16  20  0
-51  -21  -33  0
-3  74  63  0
-66  -58  -52  0
-9  -3  -49  0
76  77  -11  0
-18  33  55  0
-77  -32  64  0
-34  -71  45  0
-4  46  63  0
44  62  -79  0
-7  26  69  0
6  12  -59  0
-49  -5  37  0
48  30  34  0
45  12  77  0
43  46  -63  0
-42  -1  -79  0
-54  29  71  0
-38  60  -68  0
19  12  63  0
-5  -39  -29  0
-18  27  7  0
-55  -61  1  0
8  72  5  0
-69  30  43  0
-44  52  -47  0
-71  77  50  0
2  -64  62  0
34  -19  -28  0
-66  25  59  0
11  -32  68  0
-9  10  -73  0
