c mkcnf random cnf with seed 435571, max clause length 3
c FORCED SATISFIABLE
c 
p cnf 80  344
-10  -3  46  0
58  41  -30  0
72  20  47  0
72  -8  -50  0
-4  34  -16  0
-3  12  79  0
16  53  -19  0
29  57  71  0
5  -10  -52  0
-38  77  -63  0
54  -62  2  0
11  -33  -65  0
-16  -1  43  0
-71  34  40  0
-37  70  -79  0
36  79  -48  0
71  15  -43  0
79  -29  -21  0
-64  -80  -20  0
-75  28  -58  0
-42  25  -2  0
-68  70  -1  0
-12  8  -46  0
-54  -63  45  0
-7  34  -5  0
-68  62  -32  0
40  -25  63  0
15  2  -17  0
44  -76  -70  0
-68  57  65  0
-27  -23  -66  0
-21  -16  -26  0
18  80  54  0
-73  -39  42  0
38  17  -58  0
75  31  60  0
6  -65  45  0
-21  16  79  0
42  -33  -39  0
67  44  11  0
41  42  57  0
78  75  -64  0
65  -56  -70  0
79  64  5  0
10  49  50  0
-58  15  20  0
47  71  30  0
51  74  -62  0
-51  36  17  0
15  48  -56  0
15  75  39  0
28  3  16  0
80  53  63  0
-21  9  -29  0
14  -75  -34  0
-36  79  11  0
47  -13  -44  0
56  15  19  0
-57  -11  33  0
36  -22  -31  0
-48  -68  4  0
-45  60  -78  0
-36  47  -20  0
54  -46  21  0
47  18  77  0
-2  51  43  0
66  76  -31  0
-15  71  7  0
41  -11  -48  0
-52  -4  71  0
-53  37  43  0
50  -22  44  0
20  -26  -15  0
24  -18  -80  0
53  -32  -7  0
-21  76  18  0
-65  21  41  0
27  -41  -37  0
19  -32  26  0
-29  7  -5  0
-18  72  -5  0
-72  -31  64  0
67  59  -68  0
-12  80  50  0
-53  29  57  0
-43  45  -13  0
79  -51  30  0
-77  57  -17  0
57  12  79  0
54  72  67  0
-35  -20  80  0
-50  -73  -54  0
-14  8  -40  0
-77  3  -57  0
-1  -58  -7  0
-67  -28  -17  0
-30  -9  -74  0
-14  -17  -44  0
57  1  -44  0
4  -16  60  0
-80  76  61  0
17  29  -3  0
-67  18  -19  0
-77  43  65  0
-79  52  17  0
63  -5  1  0
-49  -39  -19  0
43  -23  -67  0
14  -47  -2  0
-76  -60  -22  0
13  -27  69  0
-18  -11  -58  0
-52  4  8  0
-29  13  -66  0
-58  -34  -68  0
-62  -77  41  0
-38  41  -44  0
52  42  73  0
66  47  -40  0
-14  70  -39  0
-19  66  -39  0
23  -70  -12  0
-76  78  -65  0
-51  74  14  0
61  19  -44  0
-18  30  -25  0
-4  32  18  0
-6  -52  27  0
-13  3  -10  0
-50  -58  43  0
-2  -38  4  0
72  9  -57  0
71  50  -27  0
-29  6  36  0
30  -50  1  0
57  24  18  0
3  20  68  0
-16  -15  -27  0
-66  -8  -11  0
25  26  -14  0
-55  66  -57  0
-11  -33  -58  0
-9  -55  17  0
40  3  79  0
-6  -35  -39  0
-26  -2  -74  0
-24  -8  -37  0
-47  -40  -71  0
1  -14  -27  0
45  75  26  0
64  -59  -32  0
78  73  57  0
-10  46  11  0
-16  20  -1  0
-78  -45  9  0
46  21  74  0
-46  10  -5  0
-53  55  60  0
80  52  -37  0
63  17  40  0
-80  -14  -75  0
29  44  7  0
-37  18  39  0
-40  46  -47  0
35  52  31  0
-34  -43  -39  0
29  70  45  0
39  -49  66  0
55  -31  11  0
-32  20  -69  0
-47  -38  39  0
-57  -43  -51  0
73  -1  55  0
43  61  71  0
-27  -51  57  0
-10  -33  28  0
41  -43  -69  0
20  37  -25  0
-39  30  -11  0
-58  -20  5  0
31  -20  72  0
47  -54  1  0
69  54  52  0
-42  9  34  0
-61  -45  -11  0
-50  75  16  0
-14  56  -78  0
-32  7  50  0
26  79  -47  0
-39  -1  -19  0
-32  44  24  0
-78  76  -63  0
-55  -15  5  0
-41  -33  -6  0
-59  -42  67  0
-39  -48  -4  0
-11  70  2  0
16  32  57  0
29  -64  -43  0
47  -5  -8  0
-76  -11  -5  0
-79  21  -40  0
-16  -64  -60  0
-8  7  -46  0
-57  22  52  0
50  -56  64  0
-44  61  -75  0
17  -52  20  0
47  36  52  0
-52  49  40  0
50  64  79  0
56  -38  -24  0
-55  59  -30  0
19  -56  74  0
-10  -24  50  0
-79  -1  11  0
-50  -18  -12  0
62  30  -26  0
-78  -75  12  0
-54  48  -11  0
6  75  -1  0
-7  13  23  0
-54  -13  48  0
75  50  -41  0
-50  79  -77  0
-45  -79  57  0
70  -16  73  0
-13  -27  17  0
-28  47  34  0
13  55  -9  0
-10  -63  -31  0
-67  -42  61  0
3  21  1  0
-68  34  -8  0
3  -15  41  0
-9  52  -76  0
-24  6  -47  0
37  78  -41  0
63  -21  60  0
-42  75  34  0
-17  54  33  0
-77  40  55  0
39  -15  -60  0
-57  27  73  0
68  51  35  0
38  -80  52  0
39  78  76  0
-39  20  37  0
67  -47  -9  0
-73  -17  62  0
79  12  76  0
54  46  20  0
26  -28  -3  0
-19  57  78  0
-44  79  -61  0
-9  -26  8  0
47  6  20  0
7  -42  4  0
-9  -19  -57  0
71  -43  -51  0
79  74  -52  0
-29  35  -70  0
-52  70  41  0
-74  -20  27  0
-69  36  -34  0
-36  -77  53  0
75  43  63  0
51  -53  -44  0
7  75  -37  0
2  24  35  0
-17  -19  30  0
-16  -72  59  0
60  -8  -52  0
33  65  -62  0
-72  77  -78  0
80  15  45  0
-11  10  26  0
11  30  76  0
-51  11  -40  0
40  11  58  0
65  -16  5  0
24  34  67  0
-65  3  45  0
-48  44  60  0
22  18  19  0
-44  -65  -78  0
10  -51  -49  0
-20  1  -33  0
-50  -80  -76  0
34  27  41  0
70  -22  -35  0
60  71  -42  0
-64  -2  59  0
56  -25  -47  0
-23  -49  -45  0
-27  -12  -18  0
-10  -65  -42  0
-55  -37  33  0
-51  -79  23  0
77  18  -15  0
79  15  -44  0
-10  78  -19  0
-44  72  58  0
61  -28  14  0
-56  10  14  0
63  -15  23  0
6  -73  60  0
49  -45  22  0
58  -55  47  0
60  40  -42  0
44  8  47  0
-12  -44  29  0
64  36  48  0
-52  38  79  0
42  19  -54  0
43  -16  -45  0
-54  -4  -13  0
74  56  -67  0
-68  14  -2  0
-73  -48  12  0
-6  48  -62  0
27  46  67  0
35  -75  -8  0
-48  18  -73  0
7  33  57  0
16  60  -47  0
44  -1  30  0
48  -11  71  0
1  -7  6  0
75  29  72  0
-69  61  -68  0
-46  -1  -44  0
20  53  -59  0
-59  -76  70  0
-76  -64  -7  0
40  33  -46  0
-26  -55  -75  0
42  67  19  0
-61  71  -15  0
34  4  60  0
-22  -19  1  0
-7  -26  2  0
-57  74  11  0
-80  -32  -67  0
