c mkcnf random cnf with seed 435593, max clause length 3
c FORCED SATISFIABLE
c 
p cnf 80  344
15  2  -65  0
-72  66  -46  0
55  75  -64  0
64  59  12  0
-35  50  68  0
35  -19  -63  0
-54  -66  -8  0
61  47  -57  0
-11  69  -15  0
-64  -2  -43  0
-44  70  -72  0
52  -20  66  0
-45  33  -6  0
-1  -33  -60  0
69  35  -6  0
-12  -77  47  0
-39  -17  60  0
-19  -29  -23  0
20  -30  -53  0
-58  -79  -23  0
-42  -48  -17  0
-44  -31  78  0
-34  -8  76  0
-4  -14  42  0
-55  63  -61  0
71  -1  -52  0
16  -72  -24  0
18  -40  25  0
-46  -11  -12  0
-51  -71  -69  0
-12  -61  -35  0
58  -49  8  0
49  74  -71  0
-38  21  -66  0
56  54  67  0
-10  -43  20  0
-24  25  -32  0
-52  47  -78  0
-23  32  46  0
-1  30  -45  0
77  -75  57  0
54  -35  55  0
-51  -48  -18  0
31  -14  -50  0
39  -10  -5  0
22  -65  -14  0
-67  -44  -65  0
21  56  74  0
-24  28  53  0
-60  52  76  0
31  70  29  0
79  -30  39  0
-67  21  76  0
-23  71  50  0
25  46  49  0
-40  14  11  0
51  -54  -22  0
-58  -65  -60  0
-8  -57  77  0
-4  21  44  0
61  -37  -53  0
45  54  -39  0
-6  29  2  0
37  55  49  0
-49  -55  52  0
80  -40  75  0
75  -45  -49  0
42  37  19  0
-56  -57  45  0
24  77  -63  0
31  47  38  0
-9  -75  34  0
-14  69  77  0
-36  80  51  0
-78  3  -72  0
40  -1  -54  0
37  48  14  0
-57  70  -18  0
11  -8  71  0
-25  -78  -73  0
61  -1  20  0
-70  -54  -39  0
-45  77  -36  0
47  17  8  0
79  -19  39  0
6  8  -16  0
-61  56  -78  0
46  -48  -52  0
-32  -23  -78  0
-80  46  31  0
72  -65  42  0
59  -33  16  0
-9  -7  -55  0
-16  38  23  0
-51  -66  -3  0
-71  76  -41  0
-58  -5  -70  0
-27  -5  58  0
68  56  12  0
-43  31  74  0
-37  -80  5  0
58  -75  -71  0
-59  -74  -41  0
14  -15  -42  0
18  65  15  0
-55  72  39  0
38  49  -30  0
-29  -40  -59  0
-5  -26  70  0
-80  -50  -60  0
-7  -32  -31  0
67  -37  75  0
20  68  30  0
-78  -29  -64  0
-26  -29  -12  0
-32  -10  -42  0
19  -52  -24  0
-69  -1  48  0
78  65  22  0
52  62  39  0
-16  -15  -47  0
-13  44  62  0
58  76  26  0
-40  41  -52  0
-47  -35  70  0
40  -39  -8  0
79  -5  20  0
-60  -17  57  0
30  -2  22  0
-65  -22  42  0
-71  11  -13  0
61  -14  54  0
-24  -45  -4  0
-80  54  8  0
-48  -14  15  0
30  -57  44  0
-22  -72  -48  0
-57  -8  26  0
-46  52  69  0
57  60  25  0
-80  -13  45  0
-29  45  36  0
69  -70  -59  0
-29  -16  -70  0
75  -9  36  0
65  10  -55  0
-58  4  48  0
2  -75  65  0
-54  74  -48  0
38  43  24  0
28  47  63  0
-69  -6  -11  0
-28  -46  29  0
-19  5  -39  0
50  43  -32  0
25  -27  78  0
31  36  -27  0
-73  -29  57  0
-75  8  52  0
73  78  59  0
-51  -41  17  0
55  65  -52  0
-51  -21  -58  0
11  -75  50  0
-41  39  -2  0
35  45  13  0
63  -38  40  0
74  -60  -57  0
-65  -15  -17  0
-77  -38  68  0
76  -77  48  0
68  53  -63  0
-78  30  -61  0
66  10  49  0
28  13  -53  0
26  37  64  0
-76  -3  -28  0
43  -57  31  0
7  18  27  0
62  15  51  0
-16  58  69  0
4  -10  -79  0
-34  71  59  0
-11  -78  51  0
-34  -42  -3  0
57  -79  10  0
55  -70  -27  0
-49  -72  -54  0
71  -76  32  0
48  71  5  0
43  -28  27  0
-48  63  4  0
37  -24  -30  0
-4  27  -78  0
-23  13  -26  0
-12  -37  73  0
68  51  -75  0
-69  9  61  0
-2  71  25  0
15  -44  54  0
69  80  -1  0
-57  65  26  0
-25  26  20  0
-2  37  -66  0
-54  -56  -64  0
-42  -17  -79  0
70  -40  -11  0
-59  36  -16  0
18  64  -29  0
-64  67  9  0
66  69  12  0
-79  12  -24  0
-18  40  -52  0
-55  -79  -48  0
67  -11  35  0
-36  14  -21  0
-24  -39  -37  0
-36  -48  58  0
-68  -43  -35  0
77  -48  -53  0
-14  -67  -33  0
-9  -70  66  0
-80  14  34  0
-5  -10  49  0
-61  24  -34  0
51  -21  39  0
-13  -58  -42  0
-17  -7  57  0
-24  -53  65  0
2  46  55  0
76  80  -1  0
45  -74  58  0
-50  -46  -62  0
72  -77  -16  0
35  -43  20  0
34  64  26  0
-42  31  -22  0
6  -43  60  0
-30  -3  70  0
78  22  43  0
29  34  49  0
-3  25  -61  0
47  -61  -19  0
45  -16  -78  0
-55  69  63  0
18  63  -15  0
33  44  -62  0
-26  43  69  0
-9  -21  36  0
-65  75  -19  0
-75  42  11  0
13  23  -36  0
-60  80  38  0
37  67  -4  0
67  -20  77  0
79  74  -44  0
61  15  44  0
5  -54  32  0
-65  -32  45  0
9  -53  28  0
-17  21  36  0
-74  44  65  0
43  -69  48  0
58  1  13  0
-80  -37  -41  0
73  -35  -32  0
-51  -40  -43  0
-16  -28  34  0
28  53  51  0
3  28  43  0
74  30  63  0
-19  -64  -8  0
-39  66  29  0
70  50  2  0
38  55  -61  0
-10  71  -29  0
16  -40  73  0
-14  19  -31  0
4  -65  -52  0
-78  1  40  0
9  34  53  0
-44  13  63  0
50  -23  -77  0
64  -69  -1  0
30  60  75  0
14  -44  -33  0
14  -69  -54  0
15  40  -11  0
6  -47  -49  0
-8  12  -36  0
13  -55  33  0
-72  12  26  0
6  -41  -58  0
-5  -80  41  0
49  -63  -50  0
-38  61  -60  0
-60  -48  40  0
-15  -25  -41  0
21  69  19  0
66  -38  -70  0
-13  -57  76  0
62  -26  -70  0
71  18  -47  0
78  52  -36  0
-29  -67  64  0
-43  -6  -31  0
-44  -10  -69  0
30  21  -61  0
-73  35  -66  0
71  50  -18  0
16  65  17  0
-10  19  -4  0
-61  77  51  0
-44  -28  29  0
-56  -40  52  0
24  -63  10  0
70  -2  -15  0
56  31  -32  0
62  -74  -41  0
-14  -20  -58  0
38  -28  -55  0
77  19  53  0
-60  -39  -48  0
33  -75  -40  0
36  3  75  0
67  -59  -55  0
-62  4  22  0
14  -3  -71  0
-8  -20  3  0
49  -67  29  0
2  -19  12  0
27  -60  35  0
13  14  7  0
13  39  55  0
32  21  -62  0
-8  -44  -41  0
-61  15  17  0
30  -31  -42  0
-42  -67  6  0
50  28  -34  0
-42  -50  -67  0
79  75  -58  0
38  58  -7  0
-3  -16  -49  0
