c mkcnf random cnf with seed 435560, max clause length 3
c FORCED SATISFIABLE
c 
p cnf 80  344
-7  -77  68  0
3  22  -17  0
71  -25  -38  0
39  64  32  0
46  -33  27  0
-14  72  -67  0
80  56  1  0
32  4  14  0
-15  57  -77  0
56  -54  16  0
23  35  12  0
56  -70  -37  0
15  -80  23  0
-38  39  -44  0
-76  49  62  0
67  50  -54  0
80  17  -77  0
-29  44  68  0
-37  39  50  0
20  -55  21  0
14  77  5  0
-19  21  -79  0
20  66  -51  0
-38  -22  -8  0
-29  62  -69  0
19  50  64  0
72  -65  -80  0
43  -19  -55  0
-7  -5  -79  0
-52  -49  59  0
21  77  20  0
-10  -57  37  0
41  77  -9  0
5  -74  68  0
11  -60  23  0
75  78  24  0
-32  -28  16  0
-63  -15  -4  0
-6  59  29  0
79  -25  -21  0
53  43  59  0
70  16  -55  0
-71  -19  17  0
79  73  53  0
67  -2  71  0
-8  -22  -60  0
-74  -49  55  0
-73  54  -5  0
8  12  21  0
-38  -3  -54  0
-60  70  49  0
-24  -19  40  0
57  28  -12  0
53  -37  -34  0
-19  -35  72  0
-6  23  -14  0
-49  14  -43  0
-68  -23  -70  0
72  68  -33  0
-67  19  1  0
-43  73  19  0
10  12  45  0
-4  -30  19  0
-34  -13  -3  0
-76  -46  7  0
14  -57  -27  0
67  -53  -76  0
63  -69  -77  0
2  -63  58  0
50  35  -4  0
11  -27  1  0
9  52  59  0
-42  37  21  0
55  -12  -32  0
-80  -12  23  0
4  43  49  0
49  -80  12  0
-18  -53  67  0
-13  -80  4  0
-48  64  38  0
66  -31  15  0
31  -16  -35  0
48  53  69  0
50  34  -16  0
49  5  11  0
-33  -25  -23  0
-46  -54  -34  0
-80  3  -64  0
66  46  -76  0
-3  -69  41  0
-63  -2  36  0
-35  -2  62  0
49  -67  76  0
44  51  76  0
16  18  12  0
-50  -8  -61  0
-41  -8  -47  0
31  76  -48  0
24  -14  37  0
-80  -20  8  0
77  71  42  0
48  27  -20  0
4  -30  -19  0
53  -75  34  0
43  -53  47  0
30  -42  -26  0
-46  -57  52  0
-75  -36  63  0
-17  2  -26  0
63  -42  26  0
-33  -52  11  0
-14  -56  -25  0
-72  -26  -78  0
-62  28  -51  0
-16  -50  -18  0
-80  47  28  0
71  -66  -30  0
5  78  1  0
-40  -65  -76  0
-47  15  -2  0
-29  16  -47  0
47  -70  -42  0
6  72  36  0
11  -21  73  0
21  -9  50  0
31  -62  -61  0
40  66  -13  0
37  -40  6  0
28  54  58  0
-4  76  27  0
-61  69  41  0
25  19  -8  0
-55  16  47  0
4  52  -62  0
36  -55  49  0
-11  -15  43  0
73  -46  -65  0
59  -32  20  0
12  -34  -27  0
18  61  68  0
-59  -12  27  0
32  -66  -71  0
54  70  52  0
12  -76  56  0
-11  -30  37  0
-70  -8  80  0
-46  17  72  0
48  6  68  0
3  -35  -47  0
61  49  -29  0
-31  -20  -50  0
51  -67  -29  0
-33  -65  13  0
26  45  79  0
47  52  20  0
38  -21  -4  0
-28  -46  -63  0
-10  -79  -23  0
-63  41  -49  0
19  38  53  0
-42  -53  26  0
-5  26  69  0
47  -56  61  0
77  52  -13  0
16  58  27  0
57  -4  -15  0
-66  75  -65  0
1  -55  60  0
9  29  -6  0
21  -76  -56  0
41  -15  -26  0
32  75  39  0
10  48  74  0
24  -21  37  0
-60  -47  32  0
73  77  -56  0
-42  -30  71  0
-26  -58  53  0
55  -33  -60  0
-50  -60  44  0
39  68  -64  0
53  51  67  0
-7  -66  80  0
54  51  -22  0
-53  79  -41  0
36  61  37  0
35  29  -65  0
65  -7  -68  0
51  1  -60  0
63  58  -71  0
-65  6  -61  0
-11  64  -59  0
45  -64  -46  0
-80  21  75  0
67  -31  -57  0
59  61  -73  0
49  -44  26  0
71  22  -33  0
38  63  -42  0
-25  12  -11  0
-17  45  -58  0
30  44  15  0
46  -52  -14  0
78  -19  -30  0
63  -6  25  0
62  54  48  0
-26  -28  45  0
17  -55  -59  0
53  75  44  0
43  -49  -21  0
-9  78  -31  0
-29  -50  41  0
7  9  -34  0
-61  -80  -21  0
28  -40  -58  0
1  -41  -39  0
18  9  -13  0
-45  -20  -3  0
45  -11  75  0
-43  -40  -53  0
19  68  -47  0
68  -62  -46  0
-66  -73  74  0
45  33  -25  0
43  -5  -62  0
-41  -78  -55  0
50  79  40  0
-55  69  -29  0
-5  -18  -74  0
-26  -20  6  0
-33  52  -34  0
-45  34  -7  0
40  29  2  0
-23  73  55  0
47  -3  -10  0
-16  -11  68  0
-1  4  -25  0
32  -44  -50  0
61  -56  -34  0
5  -35  -62  0
-36  -64  -65  0
29  -51  -8  0
49  -8  -57  0
79  47  77  0
59  -21  -62  0
53  65  24  0
-43  -16  13  0
-64  -2  77  0
-7  71  75  0
10  23  -21  0
5  62  -46  0
74  -12  64  0
-79  73  -20  0
29  24  38  0
60  27  -18  0
-79  -74  -62  0
-23  -42  41  0
30  34  -32  0
60  -29  36  0
-63  74  5  0
4  75  23  0
47  69  36  0
29  51  48  0
62  -4  -68  0
25  42  -72  0
62  66  -30  0
-13  58  17  0
59  41  63  0
66  43  36  0
45  -56  78  0
-16  -46  21  0
-27  -7  -17  0
64  56  -17  0
3  71  -14  0
-36  -72  52  0
-50  80  19  0
-79  -40  26  0
-74  1  -52  0
-34  27  50  0
63  -7  -21  0
17  35  11  0
63  12  42  0
76  -48  -41  0
30  35  31  0
46  -42  3  0
-56  28  30  0
67  64  -38  0
-42  -68  -45  0
15  8  -46  0
-77  17  -6  0
50  -65  -14  0
80  -79  -76  0
-61  21  13  0
-27  -24  25  0
-29  23  34  0
-45  41  -28  0
36  58  -74  0
1  56  10  0
36  -53  -10  0
-8  71  79  0
-56  77  27  0
66  58  -7  0
76  42  -46  0
2  61  26  0
9  10  16  0
-14  2  31  0
-24  31  -62  0
79  -49  58  0
-75  32  -60  0
-3  29  6  0
-78  -72  -26  0
-45  -76  68  0
55  -50  64  0
-61  64  -66  0
53  -64  -47  0
75  -78  49  0
15  -30  34  0
42  -14  -38  0
-9  53  39  0
80  77  -21  0
-72  -13  75  0
-22  28  -40  0
73  -41  -50  0
49  -78  -56  0
13  4  -21  0
-33  77  57  0
-33  -15  -40  0
39  -43  -10  0
53  -40  48  0
16  -70  -40  0
15  -28  49  0
-3  56  -14  0
66  80  12  0
-79  -50  -35  0
34  -36  -28  0
7  -73  21  0
70  18  -22  0
30  -28  -27  0
-52  12  -10  0
14  28  16  0
-57  -62  49  0
-47  33  20  0
2  50  75  0
17  -77  -44  0
