c mkcnf random cnf with seed 435536, max clause length 3
c FORCED SATISFIABLE
c 
p cnf 80  344
-16  -5  -44  0
45  38  -74  0
71  76  10  0
-5  13  -15  0
-71  50  48  0
48  18  -79  0
22  -35  -39  0
56  -67  -55  0
4  -19  44  0
-5  58  13  0
46  -78  18  0
-60  -9  -27  0
-44  -54  64  0
-7  -11  13  0
36  -34  63  0
-3  -60  -36  0
-19  -41  -6  0
44  70  17  0
1  -69  -59  0
-50  -60  4  0
58  49  -39  0
-79  49  -13  0
-24  -53  -54  0
-38  30  47  0
40  -27  8  0
-45  -22  30  0
-74  66  36  0
39  78  -52  0
6  -32  72  0
-20  61  -12  0
-25  36  80  0
-80  -75  -79  0
44  -31  26  0
67  -8  -26  0
25  -28  -6  0
17  -22  19  0
-4  50  5  0
-44  -30  -43  0
-41  -18  -19  0
-54  -50  74  0
77  12  -48  0
43  45  3  0
43  -26  -29  0
56  -63  -2  0
-40  51  18  0
29  54  -30  0
5  21  10  0
-2  -12  -79  0
68  -5  79  0
34  15  78  0
68  -26  -16  0
43  33  14  0
11  25  4  0
-45  20  54  0
-49  72  41  0
-43  79  -56  0
-75  -22  21  0
49  52  -61  0
80  29  -9  0
63  -72  -43  0
-35  42  -75  0
55  58  -16  0
-45  -78  65  0
64  7  -10  0
-6  -27  -17  0
-79  36  64  0
44  73  -41  0
9  -34  -4  0
15  -76  33  0
5  -2  27  0
1  6  58  0
-54  -28  12  0
4  -76  -38  0
-73  35  -76  0
51  -53  -31  0
22  -36  -8  0
21  -75  63  0
-25  -59  7  0
65  63  -49  0
69  22  -55  0
-35  -32  45  0
-15  -73  76  0
45  7  -50  0
56  -28  59  0
-32  -53  19  0
-6  -77  -44  0
28  54  58  0
13  51  -40  0
50  -42  -44  0
-57  -47  -19  0
-49  3  -11  0
14  -42  69  0
-4  -41  -69  0
39  68  30  0
75  -38  78  0
79  25  63  0
-3  19  -64  0
-77  -76  74  0
-79  38  66  0
-76  75  5  0
-17  14  -54  0
60  -2  -80  0
-75  71  79  0
-70  15  -8  0
52  -22  64  0
-32  27  -78  0
-40  24  5  0
-45  -66  -47  0
-38  -65  43  0
-45  79  -15  0
32  -14  30  0
52  66  -53  0
49  55  31  0
69  -53  -80  0
-28  -12  -20  0
-17  -32  80  0
56  -19  -69  0
22  -33  53  0
-26  30  61  0
-39  -37  75  0
-53  43  76  0
-55  -25  59  0
-28  66  -61  0
47  75  -19  0
-1  -59  72  0
11  -20  -34  0
-56  -69  16  0
-70  21  -78  0
-28  18  -1  0
-12  -60  73  0
19  -47  -38  0
-33  78  -8  0
-76  -2  5  0
45  -57  -76  0
55  -62  -19  0
80  -31  63  0
-34  -70  59  0
47  -48  -35  0
11  -54  -66  0
-78  -59  -6  0
-73  -76  72  0
73  8  58  0
-46  -60  -11  0
45  34  -4  0
-68  -63  45  0
29  -65  57  0
-66  79  -31  0
37  -80  57  0
14  26  35  0
-20  22  4  0
-15  -44  7  0
54  -64  -25  0
-48  4  -24  0
-37  33  -19  0
39  53  13  0
1  -6  -76  0
-15  13  -11  0
-9  69  77  0
-2  68  -53  0
41  24  18  0
-28  -42  2  0
-67  4  -20  0
11  49  -66  0
-61  18  63  0
38  -43  -48  0
-63  -70  -74  0
-45  36  64  0
-27  -6  -71  0
36  73  -4  0
-2  -64  46  0
62  -35  24  0
-17  35  -15  0
50  19  51  0
49  50  -22  0
11  -63  -4  0
41  -59  -63  0
36  -43  67  0
56  63  52  0
36  -62  26  0
-4  27  29  0
32  60  43  0
18  70  11  0
-49  -67  -41  0
-27  30  26  0
-4  54  34  0
-31  -9  52  0
-5  -24  -36  0
-76  -40  1  0
-11  -62  -45  0
-27  37  49  0
75  -35  -39  0
-54  -15  43  0
43  -54  -47  0
22  78  -65  0
-6  -15  -48  0
24  -23  -54  0
-12  29  59  0
-34  -24  -32  0
47  69  -4  0
24  -80  48  0
17  26  37  0
19  -48  -7  0
13  57  48  0
-37  -50  -1  0
78  -37  74  0
-56  3  -21  0
-1  -42  50  0
23  1  -53  0
22  -38  52  0
-35  32  -27  0
-44  -26  8  0
-35  73  60  0
-14  -50  58  0
10  -20  66  0
2  -39  37  0
-72  13  61  0
-74  61  -22  0
72  -21  -19  0
6  -72  48  0
77  40  -17  0
19  16  -57  0
-37  -48  -51  0
-29  20  -73  0
-12  -61  -80  0
57  -76  -63  0
52  34  -11  0
-10  -41  -80  0
41  34  26  0
-66  59  33  0
-53  75  35  0
-24  -4  43  0
-27  60  -33  0
62  -59  -41  0
-20  6  -62  0
-7  -25  -75  0
62  -73  61  0
-48  -10  -21  0
10  -55  -18  0
59  51  -25  0
4  50  72  0
4  -43  15  0
9  27  -61  0
-56  76  -57  0
28  10  38  0
-79  -25  -39  0
-64  59  76  0
14  -76  53  0
22  -29  -28  0
66  -2  69  0
-23  -30  33  0
74  -62  67  0
-78  -51  -45  0
4  -20  -8  0
18  -32  64  0
-43  13  65  0
73  -80  -66  0
64  -13  45  0
-36  -35  -63  0
73  46  74  0
-75  76  -15  0
51  -74  -26  0
-1  -64  38  0
-3  15  5  0
-66  -67  9  0
4  39  71  0
61  40  -46  0
65  -41  -3  0
3  49  -54  0
-64  -72  -20  0
-37  52  22  0
-9  -6  17  0
21  -31  35  0
-19  -27  21  0
2  19  -11  0
19  -66  -40  0
-45  7  57  0
49  -19  27  0
-31  -72  -15  0
-10  40  50  0
-38  -33  15  0
64  77  -51  0
67  5  -32  0
19  -78  -59  0
-12  14  61  0
32  -77  -59  0
-61  1  -59  0
-14  27  -26  0
-22  41  67  0
42  -75  -59  0
64  42  4  0
-79  43  -52  0
63  75  -45  0
19  37  16  0
47  62  67  0
-26  -36  -14  0
-79  -7  -22  0
48  27  62  0
70  33  65  0
52  -5  -36  0
-78  -68  3  0
-17  -20  -79  0
-60  61  -3  0
71  8  -9  0
16  78  -24  0
-9  67  -57  0
1  79  -22  0
13  45  -25  0
-42  77  -66  0
-25  -40  75  0
-11  58  75  0
50  -45  -18  0
59  66  -68  0
22  78  -8  0
13  70  -16  0
16  -68  -33  0
58  18  15  0
18  73  48  0
-20  30  24  0
-20  3  45  0
-12  5  -43  0
6  78  30  0
70  43  -50  0
56  12  22  0
-4  -23  17  0
-5  -79  -41  0
-36  -53  -43  0
54  -6  -49  0
53  -75  64  0
45  53  -10  0
-52  19  -67  0
33  -46  -2  0
3  12  -70  0
9  -77  70  0
12  48  13  0
-21  19  -41  0
-38  -28  6  0
-15  54  28  0
59  2  69  0
41  70  -28  0
-19  70  -21  0
-77  8  -44  0
25  -6  34  0
-59  31  7  0
-54  72  -19  0
