c mkcnf random cnf with seed 435583, max clause length 3
c FORCED SATISFIABLE
c 
p cnf 80  344
-6  -38  -59  0
2  52  36  0
26  51  22  0
-13  -17  74  0
14  37  13  0
75  14  8  0
-52  -55  -66  0
27  -3  -7  0
-74  8  -17  0
-62  -14  11  0
25  73  -37  0
48  75  39  0
3  -59  -53  0
36  -70  44  0
-15  -24  -49  0
-74  -77  17  0
47  4  -76  0
63  -36  55  0
-67  37  66  0
44  -41  -57  0
-64  69  -1  0
77  52  -3  0
10  -12  -29  0
69  31  9  0
68  -61  74  0
-75  55  7  0
-70  12  5  0
65  -47  20  0
59  -40  67  0
11  -23  -36  0
-2  -13  -75  0
61  -19  -37  0
-26  -66  49  0
68  -52  24  0
-66  -59  -34  0
-60  -33  -40  0
15  -61  -7  0
16  14  -30  0
61  -10  37  0
72  -49  39  0
27  -22  38  0
18  -4  -15  0
-27  -40  -50  0
-6  -42  35  0
45  -8  -27  0
37  50  65  0
-45  -24  -2  0
15  -40  -14  0
-63  9  46  0
-7  71  55  0
-57  51  -56  0
51  -70  72  0
-71  -16  77  0
44  -25  -40  0
25  -44  -32  0
14  41  80  0
41  -2  25  0
70  11  28  0
-11  -49  -59  0
-28  -32  46  0
63  -67  49  0
15  18  28  0
-47  -36  -63  0
-67  68  -72  0
-61  40  54  0
-75  -61  -29  0
25  -54  -70  0
34  9  -68  0
-38  26  -36  0
-29  -49  -17  0
-77  -37  -72  0
50  12  -6  0
-54  -66  9  0
39  -24  -43  0
40  -79  73  0
-10  74  -37  0
39  56  20  0
-25  63  -36  0
34  53  64  0
-63  66  38  0
2  38  36  0
76  -80  9  0
-13  -33  -5  0
30  53  -29  0
60  -68  13  0
23  35  44  0
-70  60  -6  0
-2  -3  -69  0
-66  37  46  0
10  9  51  0
65  -58  35  0
-23  -66  -61  0
68  -34  61  0
-28  66  45  0
-22  -70  -6  0
-79  9  -34  0
28  -36  -67  0
-77  3  -11  0
-61  -70  -58  0
34  -74  -56  0
-47  -18  -2  0
-10  64  -66  0
66  -69  23  0
-65  16  -18  0
-78  65  53  0
-14  25  44  0
17  2  -29  0
-65  48  -25  0
-36  -54  41  0
-20  74  -50  0
-61  -60  -26  0
71  6  -60  0
65  -71  -44  0
5  -10  49  0
-36  -63  37  0
-22  8  11  0
39  19  -61  0
3  -69  67  0
13  -9  -65  0
71  11  -52  0
18  -7  8  0
-6  80  50  0
62  -14  -11  0
-75  -61  -34  0
10  17  29  0
-77  30  -63  0
75  -63  -15  0
-14  79  -58  0
-22  -53  13  0
-77  28  27  0
29  -4  48  0
62  -69  30  0
55  58  77  0
1  -12  29  0
-72  -11  41  0
-61  45  47  0
-79  -43  -22  0
-28  80  61  0
54  -67  -5  0
-18  26  32  0
58  -78  -72  0
36  -7  17  0
14  21  -48  0
-34  -23  28  0
-49  66  23  0
56  -45  -30  0
17  80  10  0
-23  -65  -5  0
48  59  53  0
25  47  -28  0
19  12  50  0
-72  -66  -31  0
52  14  -51  0
-27  70  -31  0
-17  42  14  0
-1  -51  23  0
-46  -27  -69  0
-3  43  71  0
-38  22  -17  0
8  -23  -71  0
-79  32  63  0
-11  67  27  0
36  23  -6  0
-9  22  77  0
-62  -18  38  0
70  -61  39  0
-78  31  79  0
-80  33  -46  0
24  15  5  0
50  75  18  0
69  -64  -26  0
21  -4  73  0
57  71  -37  0
-15  -24  -62  0
68  40  49  0
-28  -72  -17  0
23  -71  -66  0
-64  -53  4  0
25  37  -20  0
50  60  -62  0
20  -59  -78  0
-58  42  -53  0
-27  -29  -21  0
-39  21  -65  0
34  44  -6  0
-78  46  -54  0
-28  79  5  0
34  -68  -25  0
-78  -80  -73  0
-6  -67  -17  0
70  76  33  0
31  -16  51  0
56  -65  -79  0
-17  49  75  0
-16  -14  13  0
-32  -26  5  0
-34  -7  -69  0
-71  6  36  0
62  -78  13  0
7  45  35  0
-80  -4  23  0
9  -62  -52  0
-26  -52  62  0
-6  -78  -72  0
-15  68  -62  0
-68  57  -42  0
16  30  -56  0
8  10  -45  0
58  3  28  0
59  -22  -33  0
-71  -68  41  0
-61  -37  1  0
-9  -52  26  0
-50  29  -1  0
55  -21  41  0
-42  48  62  0
-52  -21  78  0
25  -7  -75  0
-56  37  2  0
-15  67  -56  0
-22  -80  8  0
-41  -9  36  0
33  40  -65  0
-26  -11  -35  0
-36  50  -4  0
77  -27  -42  0
-62  -20  66  0
-60  -57  -11  0
-22  -27  32  0
-14  66  59  0
-46  -78  59  0
10  -19  -9  0
-28  49  -58  0
-80  -67  58  0
-76  39  22  0
-13  -63  49  0
-74  -47  -13  0
-45  -25  -41  0
-35  -23  -37  0
-46  -20  -57  0
35  53  -64  0
-26  -6  30  0
69  40  56  0
65  -34  -72  0
-65  -51  -54  0
53  70  55  0
76  17  38  0
13  56  80  0
-56  26  -50  0
26  -40  20  0
49  25  45  0
-20  38  -72  0
-77  -36  62  0
-12  4  20  0
35  -79  72  0
74  78  -46  0
-25  27  -20  0
-58  -44  78  0
78  76  74  0
-73  70  72  0
-22  14  24  0
41  61  -77  0
-53  -27  -56  0
-30  25  16  0
-70  25  -69  0
32  -21  -54  0
-51  48  -17  0
11  26  77  0
-44  20  -23  0
21  -3  -73  0
76  51  47  0
-11  49  -10  0
74  16  14  0
41  27  73  0
20  -50  55  0
65  22  26  0
-79  28  34  0
-52  72  -2  0
-32  41  -48  0
10  1  63  0
22  77  -57  0
-67  65  -56  0
-7  -57  -52  0
59  58  37  0
-79  74  -51  0
-63  -4  47  0
-76  -10  22  0
69  -56  -48  0
-22  -37  -69  0
-78  20  -9  0
28  13  -19  0
-49  -41  33  0
47  10  -53  0
-41  32  -54  0
-30  32  1  0
51  20  -60  0
28  -4  20  0
-3  10  43  0
36  39  66  0
74  64  71  0
-60  -13  -21  0
13  -66  11  0
51  -24  -10  0
13  17  68  0
78  -53  40  0
-3  -56  32  0
-65  -55  25  0
-75  -73  -22  0
-20  16  34  0
8  -37  -77  0
-55  -27  -69  0
27  -62  -16  0
5  -26  -39  0
-41  -20  -68  0
73  -15  70  0
-74  28  48  0
59  -18  -16  0
-80  50  64  0
35  -20  45  0
54  39  -36  0
-15  68  21  0
-38  -8  -39  0
-59  53  -20  0
-22  -49  -12  0
18  20  -48  0
-75  78  50  0
48  -33  65  0
-56  28  26  0
42  31  39  0
19  -12  23  0
-20  59  -77  0
-64  57  17  0
-77  53  19  0
28  23  -54  0
19  -76  -9  0
-43  27  16  0
-62  50  48  0
-73  32  42  0
-7  74  -23  0
29  -63  -45  0
77  -9  -27  0
-16  55  -33  0
-16  21  20  0
4  -19  -24  0
