c mkcnf random cnf with seed 435516, max clause length 3
c FORCED SATISFIABLE
c 
p cnf 80  344
77  -52  76  0
56  68  -27  0
4  38  23  0
-6  -12  69  0
-61  -23  38  0
25  37  -34  0
25  -52  77  0
-20  -43  -70  0
-51  23  -64  0
-17  -68  6  0
80  10  40  0
21  66  -27  0
-19  69  34  0
12  -31  55  0
-61  -75  -76  0
30  40  29  0
68  65  -59  0
72  7  54  0
11  28  58  0
17  -11  -36  0
-35  46  16  0
48  -69  -35  0
-77  16  58  0
24  -79  38  0
24  20  -45  0
-47  74  53  0
7  -46  -33  0
-6  -66  25  0
16  -70  65  0
-54  55  32  0
-59  29  -25  0
49  37  -50  0
-17  23  -54  0
-21  17  -51  0
79  65  -58  0
52  -55  -80  0
-42  -63  61  0
20  70  -15  0
-65  -57  38  0
-58  -63  2  0
73  -15  23  0
23  4  49  0
63  58  37  0
-36  31  72  0
74  22  76  0
-9  -40  -11  0
68  34  -5  0
-70  -50  16  0
6  -50  11  0
9  -63  -67  0
25  -57  71  0
73  7  38  0
7  -42  -4  0
39  72  -49  0
-36  32  56  0
30  32  1  0
-18  -45  -38  0
-65  53  -45  0
4  -76  9  0
-30  -66  -14  0
-80  48  1  0
-1  50  -51  0
-10  -22  -2  0
-12  15  70  0
-79  37  68  0
17  75  13  0
-56  15  21  0
18  20  51  0
3  -65  8  0
26  43  61  0
54  59  -26  0
-52  20  47  0
23  -43  57  0
-69  26  50  0
50  6  4  0
24  -61  -77  0
-19  -53  -70  0
-24  -23  -73  0
-4  -24  -55  0
-39  -27  -69  0
-38  -15  41  0
-27  23  4  0
-53  -65  51  0
70  37  -4  0
59  13  -36  0
37  -28  -15  0
54  -18  73  0
59  48  77  0
70  -8  49  0
1  -43  31  0
-80  -24  -36  0
-22  -17  -13  0
-13  66  7  0
-44  -37  55  0
-13  -51  48  0
11  -65  42  0
31  78  24  0
-33  26  -30  0
-14  -62  -56  0
-6  14  -15  0
29  71  56  0
17  65  41  0
-73  -67  -43  0
11  -35  51  0
48  1  -28  0
-77  50  -72  0
45  35  32  0
-42  13  47  0
-78  32  58  0
35  11  -14  0
-10  -79  -24  0
-59  41  53  0
50  -25  12  0
-23  39  53  0
-46  -7  15  0
9  10  -75  0
27  -1  -39  0
55  -78  9  0
18  63  36  0
-14  -2  42  0
59  43  17  0
-32  22  -69  0
14  51  26  0
-20  -29  -3  0
-8  59  63  0
75  61  -43  0
79  70  -23  0
-4  7  24  0
-47  72  39  0
-20  -75  21  0
36  38  -56  0
64  68  -7  0
37  -33  64  0
39  -35  52  0
34  -52  -31  0
47  19  15  0
44  -59  -78  0
46  -29  14  0
-28  -15  57  0
-77  37  69  0
-10  -39  17  0
24  20  17  0
-77  37  -14  0
-59  -40  -6  0
-3  -64  67  0
-67  -19  13  0
-36  20  27  0
15  -17  -72  0
-19  -29  -8  0
30  38  -63  0
24  -58  -71  0
-44  -55  23  0
74  -58  -22  0
24  -34  42  0
-31  71  15  0
21  -55  78  0
43  -29  80  0
69  12  10  0
45  17  21  0
-34  77  -19  0
-76  -20  -45  0
-9  -7  8  0
-45  15  19  0
-51  59  -68  0
-61  46  8  0
-54  28  -39  0
2  29  -57  0
55  -30  74  0
11  7  6  0
74  11  28  0
74  -50  -25  0
-54  2  13  0
63  42  -40  0
-44  20  -4  0
-29  -12  56  0
-53  -39  -20  0
-70  -15  -41  0
-44  28  80  0
34  59  -24  0
-9  -33  -28  0
40  -45  -42  0
48  -52  79  0
71  27  -9  0
-42  47  -4  0
-17  26  2  0
71  -47  -6  0
-76  -31  80  0
-55  -29  -25  0
78  13  -3  0
-33  54  61  0
17  11  53  0
31  15  -64  0
71  -73  -23  0
-65  67  1  0
37  47  -59  0
-39  25  -5  0
-25  74  44  0
-36  74  -19  0
17  -4  -72  0
-70  -3  -65  0
56  67  -41  0
-4  47  -13  0
-16  21  64  0
-24  78  -23  0
43  -9  17  0
71  13  -25  0
51  49  36  0
80  -19  -47  0
-13  -56  -45  0
-71  73  -77  0
-14  -51  42  0
-35  -6  -24  0
27  -56  -76  0
29  -70  11  0
-74  -1  -70  0
-28  -27  21  0
-45  57  43  0
-50  -35  -64  0
-30  59  -32  0
66  57  45  0
-49  -76  -25  0
51  -2  -42  0
-67  32  26  0
-10  24  -31  0
-60  -64  -34  0
23  3  -25  0
52  -27  5  0
4  75  -32  0
43  -12  -75  0
-52  -21  44  0
63  58  57  0
11  -10  -79  0
-75  66  -29  0
39  -56  8  0
17  -41  73  0
55  -71  62  0
24  -22  -38  0
78  43  -9  0
-70  19  -40  0
-36  23  -28  0
48  -29  1  0
64  -12  60  0
4  -25  -1  0
46  45  -78  0
39  -26  36  0
19  72  -15  0
-64  63  -33  0
-45  -44  -50  0
71  50  -33  0
52  -25  -53  0
27  -78  -30  0
34  72  -4  0
73  -27  -19  0
-55  -68  15  0
-7  13  19  0
-12  31  -16  0
76  40  60  0
73  78  -51  0
55  19  -12  0
-4  23  -17  0
-47  21  10  0
36  69  3  0
68  29  -8  0
-2  -73  -53  0
-60  25  80  0
-76  47  -1  0
66  3  51  0
-2  -53  -23  0
-75  -5  19  0
8  -70  76  0
5  54  37  0
23  12  67  0
55  -65  -71  0
-49  -51  -64  0
36  66  -59  0
-48  -56  53  0
23  -19  55  0
51  -7  37  0
56  -44  79  0
-56  -61  -5  0
78  -23  45  0
-66  -60  -62  0
2  37  -29  0
-34  -79  -46  0
-44  1  -69  0
56  23  -26  0
-33  16  1  0
-54  12  -76  0
46  28  75  0
-38  -40  24  0
9  77  -48  0
4  -59  77  0
-3  2  -8  0
74  13  9  0
42  33  9  0
25  2  53  0
15  31  -3  0
-58  47  -22  0
-15  30  55  0
-73  53  27  0
2  28  6  0
-61  57  39  0
-71  21  11  0
-20  23  -70  0
-26  -41  34  0
-48  -3  -43  0
17  -66  -21  0
-33  -68  38  0
47  -27  23  0
66  39  -80  0
-26  33  46  0
-8  80  34  0
9  -25  5  0
-80  15  -59  0
-35  40  16  0
-71  24  -17  0
-11  -16  12  0
-12  -75  74  0
-54  27  34  0
64  -53  70  0
35  -17  21  0
79  -75  -31  0
-38  -73  -70  0
-16  -36  -46  0
4  28  -61  0
-63  19  -30  0
62  -59  79  0
64  42  26  0
-12  28  -43  0
-55  73  8  0
-55  -30  19  0
-42  -57  39  0
49  -13  62  0
-66  4  -61  0
-76  -24  72  0
73  35  15  0
-8  17  -4  0
67  78  58  0
-23  -67  51  0
35  -72  -44  0
30  -73  -9  0
-76  69  -45  0
-31  -7  -11  0
-54  41  -58  0
