c mkcnf random cnf with seed 435500, max clause length 3
c FORCED SATISFIABLE
c 
p cnf 80  344
29  -58  6  0
72  24  41  0
-34  -62  18  0
47  -67  40  0
-37  28  64  0
48  -28  -63  0
-28  -14  54  0
-1  28  3  0
-8  -2  80  0
29  56  8  0
74  -48  -2  0
-10  -73  -52  0
27  -51  8  0
-55  -64  59  0
-4  6  36  0
37  51  69  0
-70  9  -13  0
-31  -23  -57  0
34  16  17  0
-2  -15  -70  0
-73  25  -18  0
14  -42  57  0
78  -66  -58  0
-12  -31  -8  0
-56  38  7  0
33  20  -74  0
-47  -2  35  0
80  6  3  0
23  8  78  0
52  42  -31  0
33  74  -11  0
24  33  52  0
71  69  -70  0
17  -34  -16  0
-62  -28  -73  0
-38  -71  21  0
46  -24  -16  0
-25  61  -35  0
56  -14  22  0
80  73  -28  0
65  -26  -48  0
-64  51  -70  0
-14  -15  13  0
16  35  77  0
31  19  17  0
-32  15  37  0
-69  -24  -61  0
-10  -80  -19  0
-18  10  51  0
3  -59  -66  0
-21  -13  -43  0
65  60  -23  0
64  23  60  0
11  80  17  0
-77  25  -74  0
-18  -80  56  0
-40  61  16  0
50  18  -23  0
-25  54  -66  0
54  -64  5  0
67  77  8  0
-37  63  -13  0
1  53  45  0
-10  -55  8  0
55  44  41  0
79  25  7  0
-43  -42  36  0
79  -18  51  0
-43  -36  76  0
-24  -44  73  0
72  4  -71  0
-31  21  48  0
-80  -63  55  0
22  -36  20  0
53  19  -6  0
4  -45  36  0
12  11  28  0
45  -46  -12  0
-17  6  39  0
59  28  30  0
72  76  57  0
52  -21  8  0
-69  -19  -27  0
20  -28  8  0
34  16  61  0
-68  44  20  0
31  -40  -41  0
-53  -6  -11  0
13  -35  23  0
-11  -56  -54  0
11  -30  -55  0
-63  -41  -70  0
-38  -60  -3  0
-46  -35  55  0
73  -65  56  0
25  51  -6  0
33  -69  47  0
54  64  20  0
-59  42  -62  0
47  79  -70  0
-7  64  6  0
67  -12  -48  0
-18  -20  27  0
-14  7  -68  0
63  78  68  0
-8  -23  79  0
-20  40  21  0
-53  -76  -46  0
24  20  -35  0
-41  32  -34  0
51  20  10  0
-3  -7  53  0
44  33  35  0
-57  -29  39  0
-8  -15  14  0
-10  -6  -61  0
53  40  77  0
-44  45  -22  0
6  -25  75  0
-18  -78  45  0
-63  10  -27  0
39  -34  56  0
-54  -26  78  0
-61  -11  55  0
46  -78  -75  0
-24  53  39  0
49  -71  -39  0
68  -62  20  0
-69  77  29  0
-29  16  80  0
-51  37  36  0
68  58  44  0
-44  75  -21  0
1  25  -35  0
3  -54  49  0
-63  45  32  0
-38  23  -5  0
-31  44  -19  0
8  -33  -73  0
-43  48  -68  0
-5  26  43  0
50  21  56  0
26  62  -69  0
61  -15  -74  0
42  -31  21  0
72  78  -53  0
-75  64  -77  0
-57  -49  9  0
32  41  -45  0
16  78  62  0
54  37  -20  0
-71  50  68  0
-63  -5  -59  0
6  36  -59  0
6  -44  -40  0
3  -19  34  0
43  13  64  0
63  -36  67  0
-1  77  27  0
-43  -67  -59  0
-36  11  -51  0
60  -33  -42  0
-42  24  50  0
-7  -14  -11  0
-23  45  -76  0
75  71  34  0
-25  -51  -17  0
-73  -34  17  0
-62  -66  12  0
-29  71  -48  0
-71  -30  12  0
-58  -78  14  0
36  -29  42  0
-5  22  -38  0
64  5  -40  0
-48  -80  -21  0
-70  -16  59  0
-22  -32  -62  0
10  45  5  0
-43  -5  20  0
53  30  68  0
-59  -18  36  0
-46  -1  -45  0
-45  -42  29  0
-59  -63  -15  0
-15  69  -77  0
-3  4  65  0
49  -80  -1  0
43  20  73  0
-24  37  -23  0
-72  -44  -19  0
-69  38  3  0
64  -5  -1  0
56  -67  -18  0
-48  -39  24  0
-13  64  -18  0
34  -18  -63  0
80  75  -59  0
-34  -42  -11  0
40  -15  -37  0
14  12  17  0
43  56  23  0
71  -11  -9  0
44  19  -49  0
13  -55  41  0
-43  12  -32  0
54  -36  6  0
-73  40  4  0
50  -34  11  0
-31  -5  34  0
-50  -27  -9  0
45  -56  55  0
-25  -15  5  0
14  -21  -5  0
-35  -51  34  0
10  -45  -26  0
3  79  -61  0
-57  -20  -44  0
53  -75  -46  0
-65  -45  -44  0
-45  -16  79  0
-8  -65  -5  0
21  27  -38  0
7  63  -48  0
-68  48  -74  0
27  -56  38  0
22  24  68  0
8  73  19  0
41  -55  -76  0
-76  11  -55  0
29  21  47  0
29  71  63  0
32  17  70  0
2  10  22  0
39  -37  70  0
4  46  -27  0
21  65  -47  0
18  40  16  0
31  4  -51  0
-65  3  -38  0
-33  -56  27  0
76  72  1  0
5  -8  -48  0
-4  49  -51  0
14  80  59  0
-28  -80  19  0
-42  29  32  0
-14  -45  23  0
17  -43  -16  0
-78  5  -69  0
12  -46  -33  0
-52  -14  -3  0
2  66  34  0
-42  51  -57  0
-48  -52  7  0
43  12  -67  0
54  -62  7  0
11  47  51  0
73  71  -62  0
47  62  56  0
-25  -46  -32  0
-25  -73  -6  0
28  -18  -34  0
22  63  -70  0
25  -53  -47  0
55  60  42  0
-4  -70  13  0
-66  2  3  0
-37  46  63  0
-28  -8  -6  0
-20  -39  10  0
-57  50  -13  0
-48  -9  44  0
-76  33  56  0
-1  44  50  0
-4  -11  31  0
-26  -9  -35  0
28  56  77  0
31  -59  -66  0
79  18  64  0
-7  -74  62  0
31  -4  -66  0
-70  47  -71  0
-31  8  -43  0
74  -40  -2  0
11  -48  18  0
18  3  -69  0
-31  -76  64  0
-57  -53  50  0
-53  13  -30  0
9  -57  -75  0
-19  66  70  0
-14  -72  -9  0
8  79  -37  0
-28  32  25  0
-19  -65  -48  0
63  54  6  0
-76  -35  66  0
62  -46  18  0
-20  -79  -44  0
26  -40  -1  0
-28  -30  -10  0
-54  18  66  0
-71  -11  -73  0
37  30  56  0
-75  -53  -16  0
-50  -27  -20  0
40  8  78  0
59  12  54  0
72  39  -34  0
59  42  -53  0
-73  34  1  0
-15  2  -61  0
66  -77  9  0
-59  -45  -77  0
37  -47  -28  0
62  41  44  0
31  -33  -4  0
53  -25  60  0
67  22  -39  0
-38  -10  -18  0
-71  66  39  0
21  15  -37  0
58  -32  75  0
54  -56  45  0
-63  7  -68  0
46  -49  9  0
-31  -19  28  0
8  50  -69  0
-26  -79  -21  0
78  68  11  0
-15  -44  -67  0
-17  -31  14  0
-68  25  -26  0
-41  -20  -32  0
-37  -49  55  0
-3  69  -54  0
-26  -21  48  0
-14  56  9  0
74  3  43  0
-30  62  78  0
-53  -36  46  0
58  -71  -13  0
-32  62  -77  0
