c mkcnf random cnf with seed 435595, max clause length 3
c FORCED SATISFIABLE
c 
p cnf 80  344
1  -74  71  0
-58  60  -9  0
30  69  -14  0
-36  -55  59  0
38  28  -51  0
-3  -66  -45  0
-36  70  59  0
18  22  -55  0
12  -69  -48  0
43  -29  -15  0
52  -62  -7  0
69  25  39  0
7  -75  -69  0
27  24  -52  0
-60  -56  -37  0
-15  2  18  0
31  64  -50  0
17  38  -9  0
-1  -27  40  0
18  77  -51  0
-16  -39  -20  0
-39  -71  5  0
-41  -43  -2  0
-18  -11  -20  0
28  13  -76  0
56  -8  -11  0
28  -24  16  0
46  -40  -53  0
51  -77  63  0
-8  -73  -78  0
-23  8  -57  0
79  -62  74  0
-60  -44  12  0
12  27  9  0
7  -63  17  0
-15  -46  53  0
-55  62  75  0
-44  -36  22  0
15  -43  -70  0
80  53  28  0
56  62  -74  0
70  -6  -37  0
-73  46  -72  0
68  -28  -35  0
-48  -37  9  0
27  -17  32  0
-69  56  -34  0
-6  79  -34  0
-18  50  62  0
-55  24  -22  0
-78  56  28  0
-76  30  -36  0
-1  -48  -72  0
-26  -41  28  0
-34  65  3  0
-33  -77  -19  0
-21  -52  51  0
-71  51  -64  0
9  -56  41  0
-43  28  27  0
30  34  -71  0
19  24  14  0
75  77  -26  0
52  21  -66  0
-23  -69  -76  0
-21  54  -76  0
-28  3  54  0
26  -80  34  0
29  -49  -54  0
52  72  49  0
46  36  31  0
-65  -44  47  0
42  -72  7  0
37  39  26  0
26  -21  47  0
21  -52  -69  0
-62  -12  14  0
12  16  54  0
-65  69  -21  0
29  78  7  0
49  75  19  0
44  -79  64  0
-51  -52  21  0
16  -25  10  0
-17  15  -2  0
-72  22  64  0
31  -15  19  0
78  58  10  0
59  -60  40  0
50  -52  3  0
-12  66  -28  0
-57  -67  30  0
10  38  -78  0
-51  5  73  0
71  -53  34  0
45  51  36  0
52  -6  -64  0
-54  13  -57  0
45  -60  -50  0
-7  -33  18  0
65  -14  -61  0
-47  -34  -60  0
44  62  -52  0
-13  -59  21  0
-57  -43  -75  0
26  -11  -5  0
9  -6  48  0
25  -69  52  0
-24  66  79  0
-43  -23  26  0
79  -54  -16  0
-26  -55  64  0
46  -24  74  0
23  -29  -59  0
-49  18  40  0
-32  52  29  0
-73  -31  27  0
-19  -15  -40  0
38  66  59  0
-30  74  11  0
-14  24  37  0
63  28  17  0
76  -15  -66  0
-79  41  66  0
-63  16  32  0
42  -75  18  0
25  10  -45  0
49  66  -57  0
8  36  20  0
-71  -37  15  0
39  71  -67  0
51  74  -65  0
74  -26  -29  0
-57  -37  -25  0
-57  31  -43  0
-63  -65  51  0
10  -77  -60  0
-19  -75  52  0
74  5  -17  0
67  23  -27  0
-19  48  -78  0
35  -58  -6  0
32  20  -44  0
8  -45  -10  0
68  44  -74  0
59  5  25  0
21  78  -70  0
-36  34  52  0
42  -24  17  0
-64  -78  -56  0
15  -35  24  0
-66  48  -40  0
9  -41  -48  0
-14  29  -25  0
-74  63  -39  0
-40  -61  35  0
4  -22  -58  0
-53  6  51  0
-58  -18  -17  0
29  31  -11  0
-51  45  11  0
-78  -13  -62  0
15  62  11  0
44  42  -33  0
-59  69  51  0
40  15  2  0
32  40  66  0
66  -56  52  0
20  -69  76  0
77  33  -27  0
-43  28  -22  0
27  -10  21  0
-74  79  9  0
1  -2  34  0
69  62  -11  0
-13  64  68  0
62  49  -51  0
23  73  -41  0
55  -28  -56  0
-30  -6  76  0
-8  22  31  0
-29  59  33  0
48  35  36  0
31  55  71  0
-73  14  56  0
35  11  -67  0
26  -12  28  0
11  59  -65  0
59  48  38  0
-40  18  17  0
38  -9  -61  0
54  -64  -22  0
64  -61  78  0
-61  10  -22  0
37  2  80  0
3  73  23  0
10  57  -42  0
-33  2  7  0
57  -74  45  0
7  -51  -57  0
-14  7  76  0
-18  -61  -75  0
-36  -26  13  0
-72  -76  -63  0
40  76  -26  0
-48  -63  54  0
26  7  -58  0
-77  14  -67  0
58  -40  -37  0
10  -19  -7  0
-35  -31  73  0
-37  48  29  0
70  -18  -80  0
-26  71  72  0
49  23  -59  0
52  -34  29  0
38  -68  49  0
-52  15  30  0
-12  -43  -1  0
-39  20  37  0
40  -5  -8  0
63  -34  9  0
-79  8  78  0
64  -61  5  0
-72  -70  59  0
68  62  41  0
-10  -49  35  0
56  23  -80  0
16  -73  -42  0
-12  -9  44  0
-52  -41  -51  0
4  -3  24  0
36  -67  9  0
75  43  71  0
-62  -17  66  0
-8  -52  73  0
49  -8  67  0
-40  30  34  0
-69  -68  30  0
40  18  -23  0
7  -66  63  0
59  2  -55  0
-1  23  -79  0
61  -29  19  0
39  7  -55  0
18  30  45  0
-31  -10  -49  0
33  12  66  0
46  -16  24  0
-66  23  59  0
48  -22  47  0
-4  -24  -44  0
-30  8  -71  0
-58  34  12  0
-14  21  46  0
-32  40  -16  0
15  -22  26  0
47  -33  -34  0
32  -64  -38  0
60  73  -48  0
-68  -9  -14  0
-37  -18  38  0
-79  -3  20  0
-25  -74  -18  0
-9  -53  -40  0
-43  14  -55  0
3  -70  39  0
80  11  -79  0
1  -68  -29  0
-47  18  27  0
15  -66  5  0
-36  41  20  0
8  -2  20  0
37  62  -47  0
-61  41  -51  0
-32  -44  -55  0
64  36  -26  0
-15  -1  27  0
63  1  -30  0
-10  -4  73  0
-79  17  34  0
-79  50  -46  0
-57  -69  -75  0
78  40  -31  0
11  -78  31  0
-72  41  -7  0
-32  -9  -73  0
-13  33  -77  0
-21  -56  -12  0
-74  -22  72  0
64  54  -51  0
9  13  -36  0
33  -74  -19  0
47  80  39  0
30  17  51  0
9  23  -12  0
68  24  -57  0
-36  -29  66  0
73  28  24  0
77  -51  36  0
59  49  1  0
-7  -65  -18  0
64  68  -2  0
23  29  36  0
75  -40  45  0
-54  -52  77  0
-2  80  -66  0
-66  -53  39  0
57  45  5  0
-72  -9  -3  0
-76  -72  62  0
-33  40  -8  0
33  -4  -51  0
37  -68  -66  0
-65  47  -21  0
80  -33  25  0
78  70  -5  0
-11  5  -69  0
-21  68  20  0
77  -17  50  0
-32  39  -53  0
46  -59  70  0
-52  -8  56  0
-61  71  -77  0
25  -8  20  0
45  -63  -14  0
-67  12  60  0
-20  -7  25  0
-41  42  -19  0
-65  -22  -29  0
-57  -8  74  0
10  58  -7  0
47  -74  -35  0
22  -6  25  0
-43  -1  4  0
-17  -31  72  0
57  49  18  0
-19  52  4  0
-40  -51  -66  0
-79  48  2  0
25  -58  -32  0
48  -34  46  0
-51  23  37  0
-63  69  -13  0
