c mkcnf random cnf with seed 435503, max clause length 3
c FORCED SATISFIABLE
c 
p cnf 80  344
-8  -67  30  0
71  -56  14  0
3  30  -6  0
76  41  -51  0
-1  73  66  0
28  -49  72  0
-63  -10  30  0
-20  -64  -42  0
10  -8  -26  0
59  -57  -61  0
-78  55  72  0
-69  42  72  0
47  59  32  0
-78  79  71  0
-62  12  -79  0
40  -12  43  0
-33  11  -78  0
-41  -12  5  0
-3  45  65  0
-57  -37  -66  0
-19  54  -68  0
-70  53  26  0
41  64  -68  0
46  -59  63  0
56  76  -70  0
-57  70  -21  0
-55  46  -69  0
57  54  -65  0
46  -32  -31  0
-6  71  -70  0
29  48  36  0
2  -13  -54  0
33  74  -50  0
70  -17  36  0
-36  -39  -25  0
-78  70  5  0
36  26  24  0
68  71  6  0
-12  3  -48  0
-50  41  -2  0
-67  -79  -59  0
-37  -15  -56  0
-74  63  -72  0
5  -80  38  0
-75  -61  38  0
55  -54  -40  0
-68  36  -80  0
-25  -32  64  0
18  -36  -37  0
36  -66  60  0
-22  18  13  0
-10  16  71  0
5  1  80  0
-30  -4  -9  0
26  -70  -11  0
53  -41  11  0
77  -12  78  0
-16  52  -40  0
41  -72  35  0
-14  -45  55  0
41  4  53  0
-4  -28  67  0
-36  -20  -77  0
24  -63  -74  0
-56  -2  57  0
-43  9  44  0
-8  15  -35  0
56  8  66  0
-16  62  28  0
8  -70  71  0
72  -40  23  0
-11  15  -1  0
65  15  76  0
36  -28  -23  0
7  -54  -51  0
-30  58  54  0
-76  39  -61  0
-33  -78  -9  0
7  80  -60  0
17  -21  24  0
-56  -65  61  0
59  -79  -36  0
-76  -32  24  0
-46  -2  17  0
-30  -19  11  0
-3  53  -49  0
2  -10  -26  0
-48  31  74  0
21  -45  -55  0
33  -53  67  0
-57  33  -54  0
77  60  -48  0
74  -31  -68  0
39  40  -80  0
-69  24  6  0
10  -78  -47  0
46  -45  19  0
17  56  -20  0
-41  -23  -39  0
-23  -42  45  0
-74  -41  -34  0
-30  37  -52  0
-19  54  46  0
3  -21  65  0
24  62  70  0
53  76  -26  0
60  -59  9  0
73  25  -41  0
1  64  55  0
77  42  -43  0
23  3  -42  0
71  -55  -27  0
-44  64  78  0
34  70  -31  0
-45  7  72  0
42  -53  22  0
21  75  -79  0
41  -25  71  0
-72  -77  19  0
-79  -20  -41  0
50  -11  -18  0
-42  -1  66  0
-4  59  -17  0
-48  -74  -18  0
-20  72  21  0
46  -65  27  0
51  -54  3  0
16  -73  72  0
57  18  -10  0
27  -79  -33  0
-9  11  53  0
-29  -17  12  0
63  -77  57  0
39  61  -52  0
41  -70  62  0
-42  -12  25  0
-3  48  14  0
-36  -5  -9  0
49  -55  -5  0
-30  -53  -3  0
79  -71  -47  0
-49  6  61  0
-46  -51  79  0
45  -74  -64  0
-2  42  -38  0
23  22  4  0
40  -58  -42  0
-60  -31  -45  0
14  -21  40  0
-80  77  -15  0
-8  -61  -36  0
43  -57  -49  0
-28  4  -67  0
68  -9  35  0
4  -43  -75  0
61  80  22  0
-52  -71  -48  0
80  31  -22  0
8  49  38  0
-47  49  -44  0
-67  14  -68  0
-47  -10  -11  0
63  13  -11  0
-48  42  -63  0
65  -1  -46  0
-49  55  7  0
78  -76  80  0
-49  3  -35  0
73  30  66  0
8  57  37  0
18  -64  -53  0
-48  -77  -63  0
-5  22  -2  0
27  -80  3  0
41  -71  -54  0
62  31  57  0
-80  -20  11  0
45  80  -66  0
-58  -18  30  0
-28  48  74  0
-31  48  22  0
26  -16  -61  0
32  42  -47  0
-78  -51  52  0
75  49  32  0
17  37  52  0
-8  3  -45  0
-51  -16  33  0
-25  4  33  0
10  -1  69  0
-8  32  -29  0
1  -76  69  0
-75  43  7  0
45  -73  30  0
-75  6  37  0
3  33  -78  0
19  47  -48  0
-45  -22  -8  0
-45  -13  21  0
54  11  78  0
-34  73  -76  0
-9  77  -14  0
50  52  16  0
-34  16  42  0
-79  41  -19  0
-65  -25  -47  0
24  -17  -53  0
-34  60  -52  0
22  65  -26  0
68  -21  20  0
75  -55  56  0
4  -23  48  0
15  -58  -66  0
-12  -44  -41  0
-13  -38  27  0
20  49  61  0
-69  -44  -52  0
41  -48  -69  0
-60  25  11  0
44  26  29  0
65  -40  79  0
-72  -25  -57  0
70  42  -19  0
-75  78  24  0
66  27  -41  0
74  20  -56  0
77  40  79  0
-17  12  -47  0
73  8  9  0
-20  -19  45  0
-5  -49  -76  0
-61  20  -46  0
60  -67  -79  0
1  48  13  0
19  27  -48  0
-78  39  44  0
32  43  9  0
-7  -28  -35  0
-20  25  -61  0
4  24  -26  0
-13  -61  -65  0
24  -53  51  0
-46  -50  -41  0
-69  74  -40  0
-67  49  -28  0
28  -79  -52  0
42  14  -4  0
-65  60  21  0
-75  -79  -2  0
3  -49  33  0
-27  25  -44  0
-15  41  -45  0
39  -66  54  0
20  54  -23  0
-4  -32  42  0
-14  72  -78  0
-10  -44  43  0
7  9  71  0
22  -34  51  0
38  53  23  0
-73  -57  -34  0
13  -49  -67  0
-22  3  25  0
-39  -5  -7  0
11  -76  -12  0
-74  -38  53  0
-57  2  -76  0
-77  -64  22  0
23  34  33  0
20  -73  58  0
61  57  -66  0
-77  5  -10  0
-16  -57  68  0
77  -29  44  0
-37  -65  56  0
38  -46  66  0
27  52  -48  0
-36  13  75  0
-77  63  -10  0
42  -71  -40  0
-49  -6  4  0
-48  -80  -8  0
10  62  -9  0
-45  17  -28  0
-22  -4  37  0
-1  -30  -78  0
26  -58  -16  0
-30  -18  -63  0
48  -67  -35  0
-7  -34  16  0
48  50  40  0
17  48  -6  0
22  73  25  0
-15  -54  -22  0
2  -70  14  0
64  -12  -43  0
-59  -37  -40  0
22  60  47  0
62  1  -20  0
34  -7  -14  0
41  -69  -13  0
-37  -14  75  0
68  -52  -71  0
5  29  -79  0
69  70  -53  0
72  -25  -27  0
-2  -75  -55  0
-42  -37  36  0
-60  78  -62  0
-52  46  68  0
61  -22  23  0
-79  -38  44  0
6  51  62  0
75  -56  -10  0
46  -9  54  0
-13  75  -3  0
30  -35  -36  0
4  -52  27  0
39  -18  40  0
27  4  -67  0
80  -59  12  0
79  26  51  0
58  -36  68  0
-52  76  -73  0
-38  35  6  0
-50  8  70  0
-31  37  -45  0
-41  27  -74  0
-35  -8  -46  0
-60  61  55  0
-52  67  -79  0
52  59  56  0
25  24  -69  0
-25  38  -54  0
-7  -61  46  0
20  -57  -23  0
54  22  3  0
-63  -45  15  0
66  49  -50  0
15  -58  -79  0
-35  5  -53  0
-19  26  -12  0
-11  6  69  0
-72  33  -25  0
