c mkcnf random cnf with seed 435519, max clause length 3
c FORCED SATISFIABLE
c 
p cnf 80  344
-55  -61  19  0
-23  -51  65  0
-23  49  -80  0
-25  -6  -13  0
64  52  49  0
21  -58  8  0
-69  -49  -29  0
-26  1  6  0
-27  -5  -35  0
70  -56  79  0
9  -67  8  0
-60  -78  -9  0
44  -69  -1  0
-13  -6  34  0
54  35  -56  0
-44  -20  -79  0
-51  -24  56  0
60  -19  -54  0
-75  -74  -35  0
36  -3  2  0
7  23  -1  0
2  70  30  0
-23  -67  -54  0
44  67  70  0
-78  77  71  0
-9  -10  4  0
-50  64  -5  0
30  50  -65  0
-16  2  -6  0
23  67  22  0
-44  43  63  0
-55  30  70  0
73  -47  45  0
-22  57  9  0
-46  -12  42  0
46  -30  79  0
59  41  14  0
2  -13  46  0
10  -39  13  0
7  66  -9  0
5  69  -78  0
-9  76  50  0
76  -58  38  0
-24  -40  28  0
42  -77  -50  0
-34  -49  -4  0
58  -29  72  0
-15  -18  36  0
-53  -78  51  0
31  44  -39  0
80  -79  10  0
78  -24  43  0
42  51  -5  0
-17  50  15  0
-61  22  -52  0
54  16  26  0
-36  -79  -59  0
-10  5  46  0
-75  -76  -50  0
-29  -75  28  0
-68  -41  -60  0
-71  56  -57  0
13  -16  -72  0
52  18  74  0
29  -14  -77  0
60  -48  -18  0
-28  78  -43  0
71  36  23  0
-4  44  56  0
64  59  27  0
-42  41  1  0
44  -59  61  0
29  69  60  0
28  -18  -62  0
-58  -21  75  0
67  80  -76  0
-63  -33  18  0
46  -36  -10  0
70  58  -48  0
47  -17  -25  0
56  -53  67  0
45  -54  24  0
-59  58  13  0
-1  56  38  0
60  70  -78  0
-59  5  -13  0
78  36  -5  0
21  60  74  0
9  66  27  0
15  24  -44  0
6  24  -4  0
-5  -60  24  0
12  66  67  0
47  -24  37  0
67  -55  71  0
28  79  69  0
43  17  20  0
-55  -33  -71  0
28  75  30  0
-33  -47  7  0
1  -15  -19  0
49  -43  63  0
6  15  22  0
-64  59  -9  0
-11  -76  -16  0
30  76  31  0
12  -45  -15  0
24  -7  -17  0
21  -2  9  0
-28  -2  -69  0
54  -64  78  0
-3  -56  -58  0
-7  -34  39  0
19  -21  23  0
-30  -45  71  0
-3  -71  43  0
-3  72  -56  0
-68  -37  -29  0
77  37  49  0
46  27  20  0
-26  39  53  0
23  61  -41  0
-9  -17  -7  0
-23  13  -38  0
-5  -3  9  0
-74  47  68  0
-58  -47  75  0
-80  -36  78  0
36  -53  -43  0
-28  -51  39  0
55  76  -75  0
12  37  -65  0
-29  71  51  0
-36  -38  -78  0
-36  -37  66  0
-30  70  59  0
-47  -36  -4  0
42  -56  -75  0
-43  48  13  0
48  -41  8  0
22  39  28  0
-43  4  73  0
-21  60  -33  0
32  -1  30  0
-14  -21  73  0
-37  -62  3  0
-56  -75  -24  0
-60  49  28  0
71  76  20  0
73  -42  39  0
-40  55  62  0
-71  -2  -6  0
25  33  59  0
-22  -59  5  0
-78  -47  -68  0
4  -73  -22  0
53  43  -2  0
-32  74  -12  0
5  6  40  0
-78  56  77  0
3  -18  -10  0
50  41  14  0
-43  50  28  0
25  -11  -58  0
-38  -48  -25  0
47  -75  -60  0
2  -41  -42  0
2  -73  16  0
25  -49  44  0
7  -44  66  0
-56  79  45  0
-63  -51  -55  0
-69  1  -15  0
36  -12  49  0
-10  -18  2  0
22  -18  -43  0
54  49  71  0
15  59  -44  0
7  69  -36  0
-45  -47  -49  0
-73  -31  9  0
-44  -23  24  0
-76  -15  75  0
29  35  -11  0
-32  -64  59  0
-79  69  -65  0
42  64  -28  0
33  -23  54  0
58  17  -30  0
53  55  2  0
56  -41  -46  0
-9  -73  68  0
-18  58  23  0
30  79  -46  0
58  27  -9  0
20  -75  25  0
-32  77  75  0
-54  42  64  0
-42  -69  62  0
-53  -15  -78  0
-65  22  -39  0
74  76  -6  0
10  -7  6  0
-64  16  7  0
-17  79  -58  0
-45  3  55  0
-44  41  19  0
25  -3  -47  0
62  -16  59  0
-48  -29  -50  0
21  3  80  0
62  22  31  0
77  44  19  0
7  30  21  0
-14  57  -60  0
51  -24  47  0
48  65  56  0
-46  20  -3  0
-21  69  58  0
-70  -63  -12  0
-43  8  46  0
56  16  50  0
14  49  -30  0
-68  -33  61  0
-79  -40  -7  0
-27  -55  -57  0
-28  70  -31  0
50  9  22  0
19  -36  18  0
-4  53  59  0
3  22  80  0
-45  79  -35  0
-65  -1  26  0
-20  74  59  0
-59  -39  -40  0
34  -35  -55  0
43  -13  -77  0
-72  -3  -39  0
56  21  13  0
-53  -71  -65  0
-1  48  5  0
-16  24  -49  0
3  15  30  0
-36  -62  -16  0
-26  67  11  0
-44  -15  -26  0
-52  -59  61  0
25  -50  52  0
27  -51  -14  0
-60  3  -40  0
17  -56  -67  0
-7  38  76  0
25  -36  -5  0
29  -24  -14  0
56  72  29  0
-66  -65  -53  0
53  -31  57  0
-45  -71  48  0
-30  31  51  0
43  -77  42  0
-16  -26  -35  0
-54  3  -41  0
70  -20  -2  0
-17  11  -71  0
-3  -38  -64  0
-76  40  -55  0
79  -5  17  0
-75  -14  23  0
46  68  -63  0
-22  -70  -57  0
40  5  59  0
-65  80  46  0
-41  65  -20  0
-67  -41  72  0
73  47  8  0
73  13  -48  0
-28  -76  54  0
-69  -64  -14  0
-44  75  -68  0
23  -39  10  0
-63  -66  36  0
42  41  54  0
-74  -21  60  0
-78  -12  67  0
-51  25  -17  0
42  -60  71  0
40  -12  -14  0
-3  -51  -66  0
70  -34  -67  0
31  -18  -37  0
53  -8  -72  0
-59  -52  -40  0
-11  -43  -53  0
-60  -29  51  0
-67  80  -79  0
-57  -13  -33  0
-49  -31  -59  0
17  28  -47  0
57  -12  62  0
38  10  60  0
-52  -41  40  0
80  -20  -69  0
-46  -17  -4  0
-46  26  72  0
46  64  -28  0
41  -54  47  0
-2  -39  -66  0
4  -37  -43  0
39  13  -62  0
-43  59  -50  0
26  71  50  0
43  30  -8  0
-33  38  -5  0
-19  40  26  0
-33  57  36  0
15  46  -62  0
29  11  72  0
-48  13  34  0
-34  -16  -66  0
-70  47  -40  0
-32  -57  -22  0
33  72  44  0
-65  -30  71  0
66  -31  -3  0
-9  74  -33  0
-77  76  -22  0
-42  -35  -71  0
-58  65  -80  0
80  -68  -14  0
44  57  -50  0
-54  55  30  0
-12  -14  -11  0
40  -46  20  0
-32  -35  51  0
-52  44  15  0
-17  -79  50  0
61  60  -72  0
-48  30  -20  0
-55  -48  22  0
-28  -19  -54  0
-22  26  -28  0
-1  42  -18  0
4  76  -49  0
77  -15  42  0
