c mkcnf random cnf with seed 435594, max clause length 3
c FORCED SATISFIABLE
c 
p cnf 80  344
8  44  -37  0
-42  60  28  0
-9  2  -48  0
53  68  47  0
-9  -65  -3  0
73  29  -4  0
-41  -44  42  0
45  53  -4  0
29  -68  56  0
-7  -30  -78  0
72  -30  16  0
-15  -10  60  0
55  6  69  0
-21  23  47  0
-28  2  -66  0
24  -76  28  0
-73  -76  1  0
65  44  29  0
-77  47  -42  0
-9  23  66  0
-41  13  -50  0
-80  15  51  0
77  -67  70  0
29  -58  -43  0
22  42  -24  0
-44  41  35  0
68  -15  -24  0
-4  -48  -31  0
19  24  21  0
-13  61  -38  0
26  15  48  0
36  -42  -13  0
-47  -12  70  0
-63  57  -19  0
-2  -75  -42  0
-16  58  78  0
66  56  43  0
23  -80  -70  0
68  -4  23  0
21  55  72  0
62  53  50  0
27  69  -49  0
-33  -18  55  0
5  -68  -1  0
-65  2  -49  0
-5  -17  14  0
52  24  -22  0
-79  34  62  0
8  -41  14  0
19  -20  9  0
33  -19  -62  0
-59  31  60  0
-51  -46  -35  0
-17  6  -18  0
62  33  60  0
76  57  -18  0
52  -25  49  0
6  -37  54  0
-7  -42  -34  0
-77  53  21  0
46  -33  -25  0
79  -36  -7  0
70  57  23  0
55  43  -46  0
-55  57  -33  0
-35  -15  -39  0
-45  28  12  0
-26  61  56  0
35  -54  23  0
-80  -30  -52  0
-11  47  5  0
-51  -46  -27  0
-71  -32  -17  0
35  -74  18  0
-5  3  -58  0
-60  77  -79  0
-52  42  -63  0
10  51  36  0
51  67  76  0
29  -63  -34  0
80  50  -79  0
-31  63  55  0
13  75  77  0
40  -47  76  0
-13  -73  59  0
-67  80  -5  0
74  -20  -17  0
2  52  -55  0
-12  -49  72  0
50  -49  -33  0
58  19  23  0
-15  -14  -41  0
-47  52  10  0
-58  -76  -60  0
70  -28  40  0
-26  54  65  0
-1  45  79  0
-56  -50  22  0
-12  -59  32  0
-56  -37  30  0
59  54  -23  0
-35  -18  -52  0
72  37  69  0
1  -69  -36  0
-16  28  43  0
-66  -75  -76  0
21  -18  -64  0
13  -69  48  0
65  46  16  0
-67  -19  13  0
-27  14  -21  0
-38  33  68  0
46  50  35  0
-49  -62  -34  0
80  -31  -45  0
23  -68  30  0
-28  14  47  0
55  33  43  0
61  -19  41  0
-33  75  62  0
70  56  -11  0
-77  -5  27  0
10  -19  -5  0
8  32  -20  0
73  -34  -31  0
-64  -43  -37  0
52  79  -76  0
-62  43  68  0
79  -31  67  0
11  -50  -39  0
55  -50  -31  0
-49  -19  73  0
-46  42  -29  0
78  -65  42  0
-12  -4  25  0
-41  48  30  0
21  10  -61  0
23  28  8  0
-22  21  19  0
-26  -9  15  0
-70  -13  -41  0
16  -66  12  0
-38  -9  42  0
-76  -30  49  0
-34  19  17  0
26  -59  -72  0
-21  -17  44  0
-8  -79  -73  0
66  -36  -63  0
-5  72  -36  0
-25  54  -26  0
-80  3  -25  0
59  2  -9  0
57  -22  -40  0
-34  -40  80  0
-40  -52  68  0
-75  -68  -52  0
-17  76  -37  0
72  63  -24  0
25  -74  48  0
17  47  59  0
38  5  -47  0
-68  -13  -72  0
-3  69  -1  0
52  18  -25  0
16  -34  32  0
10  -36  21  0
-19  2  -45  0
75  66  -33  0
10  -47  31  0
-32  -23  5  0
38  -71  23  0
53  78  59  0
25  -22  2  0
63  6  36  0
31  -46  36  0
53  -69  28  0
58  8  -60  0
-2  39  -27  0
27  -33  3  0
-9  62  57  0
-16  -61  20  0
-15  64  35  0
-24  -69  -53  0
-53  -46  -28  0
-61  -34  6  0
-71  70  9  0
62  -76  -9  0
-29  28  53  0
29  -26  9  0
6  -45  -15  0
77  -5  -1  0
-56  -44  3  0
-66  74  -35  0
6  -66  -40  0
64  -63  65  0
-53  -12  51  0
-21  51  -78  0
-48  -31  -56  0
-45  -15  -74  0
-32  42  23  0
-54  45  -80  0
10  36  -27  0
-2  31  15  0
75  34  -60  0
37  61  36  0
-43  27  47  0
-54  -29  80  0
-29  -59  -69  0
-8  -46  17  0
23  20  5  0
-59  12  -36  0
9  -6  11  0
-49  77  8  0
-30  -39  -7  0
6  38  -14  0
-59  54  16  0
-48  -2  -67  0
-35  -9  -19  0
13  27  14  0
-74  -54  79  0
-21  18  23  0
1  -73  23  0
11  3  36  0
-40  -38  -10  0
73  -57  17  0
-30  77  79  0
25  -72  65  0
18  -53  61  0
19  66  -40  0
19  78  -46  0
15  -25  27  0
72  77  46  0
20  17  48  0
43  21  8  0
-14  69  62  0
42  -34  3  0
11  13  -57  0
74  18  -10  0
-74  -65  -24  0
34  9  -6  0
17  66  23  0
-57  72  61  0
-53  -77  68  0
-26  -44  -41  0
59  33  -1  0
29  42  65  0
-8  26  -48  0
-14  60  -12  0
73  -16  -54  0
-52  -41  54  0
-74  -76  -80  0
-14  -41  -64  0
4  17  -62  0
35  -58  -71  0
69  -24  -4  0
42  -15  29  0
-43  -4  78  0
-1  -60  -48  0
-20  -24  58  0
13  -17  -68  0
-54  -77  -6  0
-42  -49  2  0
-79  -45  -20  0
33  -19  73  0
-47  -69  68  0
38  9  51  0
-65  74  71  0
-3  -11  -19  0
26  -16  53  0
38  -12  -54  0
-9  -74  48  0
-60  59  -75  0
-70  47  13  0
-23  -15  55  0
-28  3  76  0
30  -50  36  0
-24  17  -80  0
-27  -57  -2  0
-50  65  53  0
-28  -8  -59  0
46  -33  11  0
-59  -58  71  0
-50  24  -2  0
-49  57  -37  0
33  65  21  0
-37  -75  21  0
6  -50  76  0
66  -17  4  0
-15  -45  -57  0
-19  -7  -68  0
46  22  54  0
22  -61  9  0
-13  -32  -33  0
34  -7  46  0
77  25  -74  0
-75  17  55  0
-44  -21  -43  0
79  11  29  0
28  -75  -37  0
-20  -24  63  0
50  -62  28  0
6  -17  -23  0
15  60  59  0
-33  -64  12  0
-7  23  46  0
-22  -34  -67  0
15  3  -78  0
16  -17  19  0
-9  -38  22  0
70  63  -76  0
-32  -40  -31  0
-5  -67  -27  0
-74  -22  11  0
16  54  18  0
21  -37  -30  0
20  46  -44  0
55  13  79  0
14  48  57  0
-24  52  9  0
-61  -76  -56  0
-40  -52  18  0
-14  11  26  0
-18  66  42  0
79  46  53  0
35  20  38  0
73  -33  46  0
-28  -24  29  0
78  53  55  0
39  -9  73  0
12  62  56  0
28  -78  -42  0
56  -29  23  0
34  5  -29  0
-45  40  -43  0
22  -31  25  0
78  -77  53  0
-77  -57  47  0
-23  60  56  0
17  -46  -64  0
-37  2  6  0
-21  3  -2  0
-8  -33  49  0
-57  -17  -9  0
