c mkcnf random cnf with seed 435535, max clause length 3
c FORCED SATISFIABLE
c 
p cnf 80  344
-23  -56  9  0
-33  -30  29  0
35  -31  60  0
7  47  -69  0
35  -48  79  0
61  22  75  0
-52  36  45  0
6  -47  -12  0
-38  -59  -31  0
-11  15  -50  0
-54  -14  28  0
-64  -9  38  0
49  -75  32  0
-51  61  -40  0
-19  77  -40  0
-18  -53  44  0
-54  -74  51  0
5  29  -72  0
30  -20  4  0
-7  16  -13  0
35  25  -8  0
32  -37  -7  0
4  -29  67  0
63  -79  -46  0
-79  -54  67  0
15  43  -27  0
-42  -46  1  0
5  -20  71  0
48  -77  61  0
72  -60  -15  0
48  -54  -53  0
-78  -43  -37  0
70  55  22  0
61  27  -13  0
30  40  65  0
59  -5  -53  0
-6  79  39  0
23  -50  -62  0
50  -80  -51  0
-51  -40  -52  0
-1  -29  -39  0
31  11  -62  0
-70  -49  -17  0
1  53  -41  0
44  15  -17  0
-56  -40  -3  0
79  24  -52  0
18  -14  61  0
-61  62  79  0
-58  65  -17  0
44  31  -22  0
-57  -74  -20  0
-74  69  8  0
-68  62  70  0
-79  -16  41  0
-19  60  67  0
-51  2  33  0
33  78  7  0
14  51  13  0
-28  58  -6  0
59  -22  80  0
32  -25  7  0
45  -52  31  0
24  32  17  0
-33  -35  71  0
-47  -26  -15  0
16  -55  -52  0
56  77  -7  0
-44  -7  63  0
-73  -39  -78  0
30  -71  26  0
-11  40  -49  0
42  66  9  0
20  8  68  0
-26  -59  -2  0
-16  6  -64  0
46  78  -58  0
-77  69  15  0
32  -49  -30  0
35  -72  3  0
27  6  20  0
-33  77  -13  0
4  -29  37  0
5  2  49  0
-33  10  -59  0
61  -69  -29  0
31  11  -23  0
-19  -77  -4  0
-33  8  31  0
-60  45  2  0
25  -2  62  0
15  -77  71  0
2  -43  -64  0
-68  30  50  0
40  -37  -5  0
-77  -10  4  0
-68  34  30  0
-57  -39  -2  0
-41  -34  33  0
49  -44  -16  0
-19  77  10  0
35  8  75  0
47  44  -80  0
-45  -43  -32  0
-17  -72  13  0
-6  -23  -37  0
-52  71  -10  0
-3  -71  -5  0
-61  -5  6  0
58  -78  -18  0
23  -72  32  0
2  -48  47  0
-49  37  -63  0
63  28  29  0
-14  60  36  0
68  -79  52  0
22  -75  50  0
-18  12  -34  0
31  -68  -40  0
-13  22  38  0
17  -29  9  0
71  25  76  0
57  -69  2  0
22  -11  -27  0
-62  10  -78  0
-78  -30  -15  0
-36  17  79  0
27  -75  -34  0
-33  65  44  0
38  -47  -3  0
-75  -12  20  0
-7  8  70  0
31  -75  38  0
41  -31  43  0
45  -36  -64  0
-48  -50  -2  0
-25  -59  2  0
58  27  -34  0
-57  -70  37  0
-29  32  -67  0
-17  2  42  0
-43  4  -75  0
14  59  3  0
-66  5  38  0
59  47  12  0
-16  8  -46  0
-73  -49  -42  0
-54  75  20  0
34  48  18  0
76  75  7  0
-49  44  -9  0
-64  -55  -62  0
-25  71  -58  0
-1  79  56  0
46  50  44  0
56  3  66  0
44  59  -1  0
-21  2  38  0
21  17  -26  0
76  -70  -62  0
37  -2  66  0
-70  -27  77  0
74  72  33  0
-3  77  9  0
-30  -58  -2  0
35  64  -26  0
-64  80  -22  0
-78  80  24  0
76  32  37  0
-44  -69  -77  0
12  -26  -34  0
-50  -71  47  0
37  11  -41  0
47  30  -26  0
-40  73  3  0
72  13  -75  0
-43  -74  -4  0
20  30  22  0
-15  78  -8  0
-27  -6  26  0
43  79  -24  0
-51  -52  -28  0
-19  -71  32  0
72  23  -29  0
-61  65  27  0
73  -71  -52  0
-73  59  -12  0
-21  -32  46  0
2  68  -48  0
7  -64  -37  0
-34  37  -48  0
4  -45  7  0
-18  -69  -25  0
-3  -62  -8  0
66  60  35  0
-24  67  -20  0
80  -55  -46  0
32  71  -69  0
-75  -28  17  0
16  -48  -76  0
54  -60  -32  0
-27  -4  66  0
-17  -74  67  0
49  -73  44  0
43  6  52  0
-5  20  45  0
-65  -40  42  0
4  -15  -7  0
-11  -30  -36  0
31  20  74  0
78  23  50  0
78  50  11  0
-34  31  43  0
1  4  -29  0
-64  38  57  0
-3  -51  -36  0
61  31  80  0
79  13  32  0
31  28  -36  0
58  2  -28  0
40  69  76  0
-17  38  -46  0
-45  16  -58  0
-72  59  50  0
-80  45  15  0
74  34  -43  0
49  -67  53  0
14  -78  66  0
-50  52  40  0
-16  71  -64  0
20  42  -47  0
-34  -32  -6  0
50  -3  9  0
-59  10  -20  0
59  -26  76  0
32  -38  73  0
69  61  -13  0
17  -14  75  0
-32  -15  -61  0
-18  31  26  0
-65  11  6  0
64  43  -50  0
42  -62  16  0
18  61  -26  0
-20  48  -1  0
-35  -17  -6  0
-7  -24  -75  0
4  -56  -66  0
39  -27  44  0
-11  17  -24  0
46  50  -13  0
73  -43  -70  0
19  -37  43  0
17  -77  -62  0
57  16  72  0
-11  41  -55  0
-28  5  72  0
-48  24  22  0
-62  29  40  0
-17  -77  -56  0
-30  18  13  0
-39  71  -80  0
46  -63  -23  0
-30  78  -68  0
-29  -37  -75  0
-76  56  51  0
12  -62  -58  0
30  -6  -46  0
17  13  -12  0
-21  -13  -31  0
-34  -8  -23  0
-51  -36  76  0
-78  -40  3  0
21  -12  -49  0
39  -11  45  0
31  4  -24  0
-1  3  -18  0
-6  77  5  0
-61  -44  67  0
58  4  11  0
53  -50  51  0
-76  4  -5  0
60  33  -2  0
59  7  -49  0
32  20  62  0
-58  -73  79  0
-50  30  10  0
27  17  64  0
-59  -79  -13  0
-71  -46  79  0
1  56  33  0
-65  -67  24  0
17  -33  68  0
40  -65  26  0
46  -20  -23  0
14  -69  15  0
-66  -37  20  0
-73  35  -68  0
-73  -3  37  0
48  37  -29  0
48  54  16  0
-45  31  -30  0
-4  -52  -40  0
-27  18  58  0
-65  -21  1  0
-20  66  78  0
39  -40  67  0
-54  -2  26  0
-25  35  -22  0
67  40  55  0
19  47  -39  0
35  43  24  0
55  18  42  0
44  -7  -57  0
-19  14  -58  0
-45  8  74  0
8  -44  45  0
53  20  -1  0
-74  -59  -14  0
-72  -35  16  0
57  42  58  0
-7  -44  18  0
43  48  26  0
13  -25  -62  0
-36  43  -11  0
27  22  76  0
17  -51  71  0
6  46  42  0
29  -50  -23  0
-76  59  -74  0
-50  37  -41  0
37  -30  68  0
73  2  -38  0
51  70  -7  0
-13  54  -29  0
-30  -29  69  0
-44  -71  36  0
13  22  19  0
-43  5  -22  0
37  -53  63  0
7  -15  -73  0
55  26  44  0
57  10  -17  0
-40  -75  76  0
