c mkcnf random cnf with seed 435558, max clause length 3
c FORCED SATISFIABLE
c 
p cnf 80  344
21  -17  -80  0
5  39  -22  0
65  -32  19  0
-67  20  37  0
-35  80  34  0
76  20  8  0
-35  -67  -38  0
4  53  -13  0
-78  -19  22  0
-65  -76  10  0
43  78  -54  0
-41  -68  -69  0
6  -43  -79  0
27  15  -55  0
77  51  24  0
-80  69  -13  0
-39  25  17  0
-60  52  68  0
15  7  28  0
-1  -5  -73  0
-24  80  -4  0
-39  -51  35  0
-49  -35  47  0
10  -78  31  0
70  53  -47  0
1  -26  -20  0
55  28  -68  0
72  63  -65  0
10  19  -39  0
-6  8  -46  0
53  -26  65  0
-18  -69  71  0
53  36  -6  0
37  6  -48  0
-24  -66  -1  0
22  -79  38  0
11  20  -54  0
-49  -19  61  0
77  -3  8  0
63  -49  -58  0
28  -55  -21  0
-52  21  -4  0
-37  8  -21  0
19  -52  -29  0
-68  -43  7  0
-19  16  42  0
-20  39  -70  0
-50  14  -2  0
-73  40  -70  0
29  51  -52  0
78  40  19  0
-5  -43  -36  0
71  45  5  0
69  42  -15  0
10  -26  -38  0
-6  -72  -4  0
27  -52  -47  0
10  28  61  0
35  28  -50  0
-71  -66  -49  0
65  62  37  0
-77  12  51  0
28  49  -45  0
23  72  -69  0
39  -25  -28  0
68  -20  25  0
-24  8  65  0
69  2  19  0
61  70  -51  0
46  30  -4  0
-69  51  -52  0
61  46  -37  0
-30  -60  48  0
52  -69  -50  0
-3  45  -26  0
-11  -78  -19  0
24  -40  -70  0
-53  -69  -17  0
55  -37  -46  0
-47  -15  -18  0
65  -72  13  0
-54  -2  17  0
-1  -71  45  0
-66  -29  -32  0
58  -10  38  0
-12  79  -64  0
-72  -54  9  0
-70  12  3  0
76  68  5  0
3  55  -23  0
55  78  -61  0
-78  -24  2  0
-47  -1  -39  0
80  -63  20  0
53  39  63  0
-66  35  9  0
-8  71  -10  0
19  -50  18  0
55  -56  -32  0
44  -31  25  0
-70  -73  -51  0
-65  49  -3  0
-60  -75  -28  0
-70  10  18  0
-17  -78  -6  0
-8  34  40  0
-45  20  -71  0
54  3  -51  0
-28  -51  26  0
21  62  -5  0
-39  70  69  0
-60  79  -17  0
-55  -54  -35  0
-3  -75  6  0
57  49  -76  0
73  -3  -69  0
-49  60  -21  0
-41  56  49  0
-28  -24  -49  0
24  72  28  0
-16  47  74  0
-3  -53  61  0
-41  -23  -37  0
-79  3  42  0
-71  -39  -26  0
-76  30  -15  0
-49  -25  33  0
40  -53  -43  0
-35  -58  7  0
-12  -64  63  0
-74  46  8  0
21  14  -53  0
18  80  -41  0
4  -65  -5  0
31  64  58  0
-61  -19  -5  0
64  -57  -28  0
-29  -22  69  0
9  -72  36  0
-69  -25  73  0
-65  -43  28  0
74  -24  -6  0
-38  45  24  0
78  -40  7  0
30  47  -52  0
5  -72  -31  0
8  56  -34  0
-6  60  63  0
36  -58  29  0
33  -62  -10  0
-57  16  56  0
-8  -30  13  0
-30  16  -72  0
80  51  35  0
14  -54  -66  0
-19  10  63  0
-18  -77  45  0
-80  38  42  0
51  -72  -17  0
21  49  -79  0
21  -33  -14  0
43  -19  67  0
-24  -59  -76  0
10  62  27  0
-19  66  -11  0
13  8  -68  0
27  -15  -2  0
-32  -71  19  0
47  73  -16  0
74  2  41  0
-40  -26  37  0
31  -32  41  0
-58  44  28  0
-8  -67  -20  0
-41  -63  33  0
23  -62  67  0
-23  -59  -73  0
-66  -41  -28  0
52  -29  50  0
66  -21  6  0
50  -20  -3  0
57  -38  29  0
51  -50  32  0
49  -1  4  0
27  -79  36  0
-67  -18  17  0
54  -40  71  0
37  52  39  0
14  -23  4  0
-50  -32  -48  0
-61  72  17  0
-74  4  60  0
47  33  -34  0
-50  5  23  0
9  34  62  0
-63  73  -12  0
66  53  -41  0
58  -63  57  0
72  -19  -59  0
67  29  -33  0
26  42  33  0
-67  48  71  0
-58  -28  35  0
-30  -65  -31  0
-29  -48  -51  0
-33  29  57  0
76  -3  78  0
6  50  -75  0
2  -10  57  0
-17  -42  59  0
53  -26  57  0
-73  52  -17  0
9  10  -42  0
-43  70  -39  0
-46  -76  77  0
-15  -16  10  0
-14  -25  -68  0
-45  -6  19  0
66  -32  79  0
-16  41  78  0
77  6  -51  0
-46  26  60  0
57  11  -49  0
45  -37  64  0
66  -52  -9  0
-14  -19  41  0
23  59  -45  0
-12  34  78  0
34  -69  -66  0
6  18  -32  0
75  -77  -44  0
-39  74  65  0
-42  59  60  0
54  42  66  0
36  -40  -69  0
-58  -51  -50  0
47  -57  20  0
-51  70  3  0
1  -18  -79  0
43  -13  -49  0
-46  -56  -8  0
32  44  19  0
-27  -34  54  0
-71  -24  -76  0
61  58  -36  0
-16  -39  -45  0
62  -58  -56  0
-27  -73  15  0
-73  37  -28  0
-55  -79  36  0
30  -18  -53  0
-40  -41  -28  0
-31  -76  -77  0
-73  -4  80  0
28  -62  -76  0
-73  -44  32  0
-56  -20  -25  0
-18  80  -13  0
51  36  27  0
31  -68  -35  0
-13  4  6  0
-56  34  -4  0
57  -56  3  0
19  9  -1  0
68  70  5  0
27  47  -29  0
34  16  -68  0
-16  14  -30  0
16  -44  -58  0
-28  -11  -27  0
38  -76  -64  0
68  78  -52  0
-39  29  -52  0
-18  40  -57  0
-72  2  24  0
32  15  17  0
69  62  -58  0
-68  72  80  0
37  -7  -27  0
61  20  -36  0
59  63  75  0
-75  -58  -46  0
2  69  34  0
-2  39  43  0
-62  -79  -18  0
-41  31  24  0
-76  -40  -31  0
76  -60  -71  0
-77  -16  -73  0
21  -75  -20  0
-63  73  20  0
-58  -33  -80  0
36  -53  -20  0
5  69  46  0
-4  -28  -24  0
-33  -17  44  0
-12  54  63  0
-51  75  55  0
33  -15  -58  0
-73  -11  -69  0
-67  -66  -57  0
44  14  -48  0
33  35  -77  0
-5  15  55  0
46  -78  -27  0
-64  -73  -66  0
-78  17  -35  0
56  32  -57  0
-46  49  60  0
5  -9  56  0
66  -54  4  0
62  -24  -63  0
21  20  34  0
-25  16  46  0
-47  -5  -79  0
-36  56  29  0
-29  -62  -41  0
32  -27  -62  0
4  31  28  0
-49  -32  -18  0
-58  61  -12  0
-3  -63  76  0
2  -18  -17  0
-27  -15  -28  0
30  39  -7  0
71  1  -12  0
-29  54  -10  0
-73  -36  -24  0
77  6  66  0
-49  -76  -35  0
30  63  -41  0
-27  31  -13  0
34  17  4  0
-28  -70  -80  0
19  -70  -67  0
-61  40  74  0
71  44  30  0
49  67  38  0
38  13  -64  0
-44  -77  37  0
45  69  29  0
44  17  -18  0
14  -2  79  0
14  -34  -15  0
