c mkcnf random cnf with seed 435554, max clause length 3
c FORCED SATISFIABLE
c 
p cnf 80  344
-49  -59  22  0
10  72  -30  0
44  53  1  0
37  27  -46  0
61  -78  -21  0
17  -61  -48  0
-39  28  20  0
-19  -39  -63  0
57  36  5  0
9  -48  39  0
52  -2  -11  0
4  -41  77  0
4  -28  -22  0
-26  50  52  0
45  16  -72  0
-75  -42  35  0
-54  -66  32  0
-69  -65  -37  0
50  -22  -66  0
38  76  -19  0
-13  -1  -67  0
-71  77  18  0
46  -11  -52  0
-70  -27  47  0
-70  -14  44  0
-72  9  39  0
-14  79  54  0
-9  70  -64  0
-37  5  79  0
46  31  -57  0
31  59  80  0
-36  -40  66  0
-11  -29  -22  0
72  80  -60  0
-70  -60  -35  0
-70  -68  -29  0
53  -54  17  0
-77  45  -41  0
67  79  24  0
-11  -78  4  0
55  52  75  0
-45  -69  -28  0
-58  76  -45  0
22  10  80  0
-6  -73  35  0
-9  -69  40  0
-46  78  64  0
-57  10  53  0
2  -76  62  0
27  -78  -64  0
35  8  -59  0
37  39  7  0
-3  16  42  0
44  -31  14  0
-65  37  -71  0
-64  -49  1  0
50  17  -31  0
-70  -74  -12  0
-24  -80  77  0
-36  51  45  0
-78  -24  -11  0
76  11  41  0
-18  -32  67  0
-12  -58  18  0
43  -53  -32  0
6  47  -69  0
37  -75  -12  0
-24  -69  -2  0
61  4  39  0
-80  34  -56  0
-14  72  40  0
5  -58  46  0
-75  60  -52  0
29  -53  -37  0
56  -33  -15  0
22  -33  -37  0
-9  -31  -18  0
10  45  76  0
43  59  73  0
-33  2  5  0
-36  -11  -69  0
-49  39  -61  0
37  60  -47  0
70  61  -15  0
77  -23  -44  0
18  21  -20  0
2  9  -33  0
-79  32  71  0
78  -27  72  0
-4  20  -52  0
-9  41  -46  0
-79  -62  33  0
-80  -47  -34  0
67  -2  -36  0
-1  -35  33  0
8  30  37  0
-66  -13  -64  0
5  42  -8  0
-44  28  -26  0
37  -75  -62  0
23  -29  73  0
-31  21  10  0
10  -36  -24  0
47  -73  37  0
29  2  -24  0
-52  7  23  0
7  -53  36  0
-37  -60  -72  0
-35  -37  63  0
-22  72  -36  0
23  80  -77  0
-15  78  42  0
43  -14  -11  0
-15  -40  10  0
5  -27  30  0
11  73  -68  0
-44  58  19  0
74  -52  80  0
52  -41  47  0
-60  -61  -77  0
39  -43  -59  0
41  -25  63  0
-73  17  54  0
29  20  11  0
-72  -27  -71  0
77  -60  12  0
46  7  -21  0
22  -52  -8  0
-18  -71  56  0
-48  26  72  0
-61  69  -3  0
-80  21  50  0
52  -68  55  0
14  15  -50  0
65  -63  -27  0
-3  2  72  0
-1  -50  52  0
-32  -6  74  0
56  -20  8  0
-26  64  40  0
28  -11  21  0
22  -48  -23  0
-13  -54  -68  0
17  38  -74  0
25  -59  39  0
-33  52  58  0
-23  -66  -31  0
-23  -1  -75  0
67  26  -34  0
-21  67  45  0
8  77  -7  0
27  36  62  0
-16  -4  48  0
-54  -43  23  0
-15  76  -19  0
-75  -48  -42  0
-45  -27  26  0
-35  -12  -24  0
-4  35  49  0
-21  38  62  0
-76  60  35  0
73  -40  -59  0
-57  71  9  0
16  -51  -52  0
-32  -45  -76  0
38  -58  16  0
-15  -37  28  0
12  40  11  0
37  25  54  0
59  -35  -79  0
53  68  -16  0
-47  -78  31  0
40  -10  27  0
-28  47  10  0
77  31  -60  0
35  -29  -71  0
51  28  -43  0
22  -67  -61  0
3  73  -11  0
53  -7  -17  0
-25  2  19  0
-62  -55  23  0
24  78  -35  0
-47  -33  -20  0
-44  -45  79  0
50  -75  21  0
46  -6  -78  0
7  -34  -5  0
63  -73  64  0
58  7  -63  0
-76  -58  77  0
-64  -28  -32  0
52  56  -33  0
-68  -39  -55  0
-62  -21  14  0
-36  -64  41  0
20  -52  -27  0
51  49  27  0
54  52  -12  0
59  -68  -43  0
-20  52  -34  0
-15  -42  -59  0
-28  19  6  0
12  -18  -56  0
-34  -10  -35  0
-65  -9  -22  0
53  80  4  0
40  49  20  0
-32  -44  29  0
25  73  22  0
-17  -26  42  0
4  77  -31  0
-49  -36  -42  0
-25  11  54  0
-80  75  19  0
-12  -15  -56  0
13  18  35  0
15  -58  -7  0
48  54  59  0
6  -41  3  0
-39  -28  -20  0
63  -3  22  0
32  42  -78  0
58  -44  63  0
-13  -53  -77  0
-1  -33  42  0
-67  -73  -42  0
-18  -13  68  0
55  -3  -51  0
72  61  -11  0
-80  11  62  0
42  17  -15  0
-33  16  68  0
74  18  4  0
-65  -34  -14  0
-65  27  6  0
39  42  20  0
-76  39  -45  0
73  8  -41  0
80  55  -48  0
71  -48  -45  0
-37  -70  -1  0
50  76  -23  0
74  -62  4  0
36  80  -54  0
-57  52  60  0
-29  -31  -32  0
-79  13  -35  0
-58  63  -74  0
-70  -19  48  0
47  -57  -56  0
-79  -46  10  0
12  40  -45  0
-49  -18  59  0
-45  40  51  0
16  36  41  0
-23  -54  26  0
60  55  -39  0
75  -60  -36  0
75  15  -63  0
45  67  58  0
-4  43  7  0
-9  65  -51  0
33  23  5  0
12  7  76  0
-61  37  33  0
-33  60  76  0
-37  -13  -33  0
72  -49  59  0
-68  -74  7  0
13  79  4  0
55  22  61  0
-9  38  -73  0
13  -67  5  0
-68  -47  -1  0
23  67  28  0
-73  24  28  0
-62  -17  13  0
32  34  19  0
-46  13  42  0
-69  5  66  0
48  10  69  0
-61  -41  46  0
-59  -53  18  0
47  -36  6  0
47  -45  -54  0
-38  58  18  0
79  -37  41  0
-17  -39  69  0
5  -51  -12  0
18  65  26  0
6  23  73  0
-52  -25  -21  0
66  32  -29  0
-29  61  48  0
30  -42  -19  0
51  -7  -57  0
47  50  -72  0
11  38  59  0
19  -52  -31  0
-16  -9  57  0
16  67  30  0
5  30  -7  0
60  -10  -2  0
-43  -60  -57  0
-31  -47  -4  0
68  13  44  0
35  -56  55  0
-7  17  -3  0
-16  -72  -66  0
53  42  78  0
29  46  63  0
-80  -66  -35  0
26  -43  -9  0
-11  44  -31  0
-56  -13  58  0
-34  52  -78  0
17  71  51  0
1  18  -32  0
15  -6  57  0
38  42  17  0
-68  46  9  0
38  54  -71  0
-30  -6  13  0
6  -10  20  0
-73  68  -71  0
-42  56  -2  0
-70  24  -57  0
62  -22  78  0
-28  43  -70  0
36  -18  3  0
80  -24  -20  0
56  10  48  0
-5  2  -45  0
-65  67  -43  0
-39  -17  -20  0
-8  30  -59  0
-24  -63  55  0
-1  2  -13  0
-71  -10  53  0
58  -35  -12  0
-79  61  -64  0
58  5  -13  0
58  46  23  0
