c mkcnf random cnf with seed 435585, max clause length 3
c FORCED SATISFIABLE
c 
p cnf 80  344
72  -18  48  0
38  40  58  0
14  61  1  0
38  -10  -31  0
-80  -74  -38  0
-18  56  63  0
76  36  51  0
-15  -25  -63  0
72  71  49  0
58  28  73  0
69  33  -78  0
-12  -17  3  0
15  11  -20  0
-77  65  -20  0
18  71  75  0
11  40  13  0
-27  29  11  0
-60  46  -22  0
-46  33  -4  0
-78  -35  8  0
45  77  72  0
46  64  -30  0
-67  70  -1  0
-8  -53  -46  0
-69  -31  -79  0
46  52  -62  0
55  7  -14  0
61  6  62  0
69  -25  -23  0
16  -66  23  0
70  61  42  0
37  -73  -57  0
9  -10  -2  0
-49  -30  75  0
-19  -48  -15  0
-11  -65  -52  0
29  61  -60  0
22  -67  2  0
14  -39  21  0
-6  34  29  0
-28  -49  -61  0
72  -44  1  0
46  -62  16  0
77  -6  -71  0
7  17  -59  0
23  -26  -13  0
65  8  16  0
41  7  12  0
-78  18  64  0
-34  -36  -74  0
-57  -25  -63  0
-16  42  14  0
-60  45  -1  0
29  -75  -10  0
-7  -79  16  0
52  11  49  0
3  72  26  0
67  9  8  0
41  -22  -13  0
63  57  -44  0
69  -45  44  0
-33  -66  79  0
-67  -64  10  0
80  -26  60  0
68  -26  11  0
6  -35  4  0
-54  47  49  0
65  -28  -17  0
-37  29  -31  0
-9  34  -67  0
45  64  -22  0
-45  -23  3  0
24  49  71  0
-58  51  -79  0
-72  58  27  0
-68  36  -49  0
-46  62  38  0
67  -33  -11  0
66  -70  -21  0
30  -28  -21  0
-45  6  -75  0
72  79  61  0
30  71  -4  0
55  57  -40  0
-73  -26  -2  0
-65  61  -72  0
-26  -14  8  0
37  -45  24  0
58  -68  -66  0
44  -80  -63  0
64  -47  80  0
22  -57  6  0
-11  -57  2  0
16  10  -52  0
28  46  -20  0
-76  -63  -79  0
-32  -58  74  0
31  58  -50  0
52  37  -72  0
-19  -7  -58  0
-10  -23  71  0
27  -25  -53  0
-67  -17  -13  0
-41  -29  11  0
-6  -61  -26  0
-11  -68  23  0
-36  -7  58  0
-1  -79  63  0
43  -51  68  0
-78  -61  72  0
-72  31  64  0
18  -40  53  0
13  -12  43  0
78  -41  20  0
64  -67  -8  0
-75  -78  38  0
55  -39  -22  0
-39  49  -68  0
-80  -33  -53  0
-5  40  48  0
-66  -9  -53  0
71  5  -10  0
-65  -3  54  0
-23  38  37  0
-4  22  24  0
72  -55  -33  0
-72  -69  12  0
54  22  68  0
-59  70  7  0
-32  56  -67  0
32  47  33  0
-67  -1  -71  0
-27  -73  47  0
17  -41  -4  0
28  -9  37  0
-50  71  -21  0
-22  7  27  0
-45  -53  -78  0
38  -25  64  0
33  -34  66  0
59  24  -40  0
-43  58  -48  0
16  63  71  0
58  22  9  0
59  23  31  0
21  -6  -18  0
-38  -39  -74  0
-78  -19  -44  0
-77  -51  35  0
-66  30  -29  0
-1  25  46  0
23  76  9  0
-1  -4  -52  0
-25  79  -20  0
-13  46  -22  0
16  -2  53  0
-46  -10  -57  0
-15  46  8  0
70  49  -59  0
-64  58  23  0
14  -49  -32  0
-38  56  22  0
26  48  57  0
67  -44  -39  0
2  -34  57  0
-54  -50  66  0
-1  77  -38  0
1  -71  -38  0
56  -42  -50  0
-58  37  -78  0
-6  -13  -79  0
-22  -30  77  0
70  -22  46  0
63  -30  -42  0
-73  56  14  0
68  63  -74  0
-4  11  -23  0
-39  -57  -55  0
57  -14  49  0
6  -9  -10  0
-17  -16  64  0
6  14  59  0
-6  -59  -75  0
63  -56  66  0
-64  39  32  0
-55  -49  45  0
-53  13  78  0
-32  59  -71  0
-24  -9  -68  0
75  20  63  0
-50  63  14  0
60  64  79  0
-30  17  -55  0
-34  -22  -5  0
-51  -17  2  0
46  74  -51  0
44  62  -63  0
66  75  -15  0
-24  -36  -42  0
-67  -40  -51  0
70  38  -79  0
12  72  -42  0
13  36  62  0
-52  -72  -11  0
49  8  -54  0
-57  45  -38  0
11  76  48  0
-79  62  -17  0
-30  17  -24  0
30  4  -32  0
-25  56  -31  0
-55  -17  -7  0
53  -65  -4  0
61  -9  37  0
74  -7  -61  0
-53  11  52  0
-66  -1  -47  0
-3  73  -25  0
-11  -76  -46  0
72  -35  59  0
-74  52  -23  0
49  -55  -77  0
50  46  48  0
70  -27  18  0
6  17  -69  0
59  -29  36  0
17  -57  -21  0
-66  -78  -76  0
65  -10  58  0
-10  -79  -37  0
-7  -58  -62  0
-13  -40  51  0
53  50  -19  0
-19  31  -1  0
20  -13  16  0
-65  62  80  0
-40  -60  42  0
75  77  62  0
-42  -2  -3  0
-53  12  -47  0
26  55  -18  0
-5  -63  38  0
-7  59  -45  0
-33  27  59  0
-25  -8  -54  0
-59  -17  53  0
-46  -56  -66  0
-55  52  -7  0
73  -35  -8  0
50  -5  -42  0
-33  -17  19  0
17  63  -50  0
-61  48  -13  0
41  51  -80  0
64  -76  -21  0
-20  79  -10  0
-64  -4  52  0
-49  31  62  0
9  -63  24  0
70  7  43  0
69  78  -24  0
58  2  -77  0
-23  -15  -77  0
32  37  -46  0
34  -3  -70  0
7  -68  58  0
15  75  74  0
54  -37  18  0
22  52  28  0
-54  4  -5  0
8  34  -27  0
-6  -56  77  0
-47  80  56  0
9  -77  8  0
10  -5  49  0
37  -64  -20  0
9  67  -53  0
-69  -28  10  0
6  -56  -69  0
-20  78  -45  0
44  -79  -27  0
-11  -17  72  0
49  67  50  0
15  -31  36  0
-5  -39  -22  0
-48  50  -18  0
-12  65  33  0
75  -57  1  0
-1  -23  -39  0
51  21  -16  0
-31  40  -27  0
-72  28  -18  0
-80  46  51  0
-47  -38  61  0
-77  76  -21  0
-26  -1  -42  0
-24  -71  -21  0
-33  15  -14  0
-63  28  34  0
-43  76  7  0
-9  66  41  0
-52  -18  -31  0
30  27  77  0
56  -36  43  0
-2  -44  -67  0
39  16  21  0
58  -14  -65  0
-74  11  -36  0
38  -71  49  0
7  -31  29  0
-25  -13  -69  0
-28  -5  -11  0
62  -4  32  0
7  -45  -53  0
26  44  57  0
-36  -14  39  0
51  -69  -16  0
-19  66  20  0
57  -48  -52  0
-21  4  -14  0
53  13  -14  0
-75  7  -70  0
-14  58  44  0
19  26  77  0
-32  -76  62  0
46  -8  -77  0
17  36  35  0
-45  54  -59  0
-62  51  -46  0
32  52  57  0
-45  23  1  0
-7  -54  24  0
38  -48  60  0
-64  -27  65  0
-18  -61  28  0
-7  31  14  0
-70  61  60  0
38  -1  -50  0
55  7  76  0
-40  -32  -75  0
-59  17  -30  0
-6  -42  -52  0
-40  -25  -52  0
56  -43  -14  0
