c mkcnf random cnf with seed 435569, max clause length 3
c FORCED SATISFIABLE
c 
p cnf 80  344
24  23  -58  0
-72  -68  -39  0
51  -74  9  0
-15  -57  66  0
47  -56  -69  0
46  -17  37  0
-71  79  38  0
-25  -17  16  0
25  -37  -3  0
-15  38  -5  0
-57  -41  25  0
20  22  53  0
-67  35  -72  0
6  61  66  0
-49  34  20  0
29  24  -37  0
29  35  -5  0
7  -60  -24  0
25  28  51  0
63  -51  17  0
-40  -25  -66  0
-62  -25  -21  0
21  -73  -57  0
67  -43  -11  0
2  -20  7  0
-18  24  -56  0
27  -20  39  0
3  -2  6  0
-57  -35  -48  0
-25  53  17  0
32  33  75  0
6  -20  22  0
-11  3  4  0
60  -43  -46  0
-75  -50  -17  0
42  36  21  0
1  -32  -57  0
2  1  52  0
7  47  22  0
-22  76  45  0
-2  7  -65  0
-50  -34  74  0
72  48  -38  0
-56  1  -75  0
-5  75  -24  0
-63  26  66  0
19  65  60  0
-52  -26  -68  0
68  -60  -36  0
-71  36  6  0
-2  22  6  0
-2  6  -66  0
-25  16  -17  0
21  15  49  0
-7  61  28  0
-44  -62  74  0
-65  35  -62  0
71  -53  27  0
-27  -20  -66  0
54  -29  -34  0
3  -5  -8  0
41  42  -36  0
-42  47  -45  0
-50  -7  -70  0
22  33  -9  0
-34  -40  -80  0
-73  -64  36  0
-74  48  -3  0
-9  47  30  0
11  76  -69  0
71  -26  62  0
2  1  72  0
-47  -79  42  0
53  -23  1  0
8  80  -2  0
-54  -47  15  0
50  -7  -77  0
-48  64  -71  0
67  38  9  0
76  -56  50  0
-19  -34  63  0
41  -45  -79  0
-58  -57  -50  0
69  -56  -27  0
-62  8  57  0
-18  57  54  0
-10  50  31  0
-31  -24  -66  0
35  -43  58  0
22  -50  -19  0
4  -2  -65  0
73  69  63  0
68  -76  67  0
19  62  53  0
-33  -16  -41  0
22  -39  38  0
76  66  -2  0
28  -20  24  0
-39  10  -52  0
39  -22  -21  0
-46  -20  -22  0
50  33  75  0
62  68  -42  0
-28  51  -41  0
15  -71  -28  0
-3  35  14  0
-43  12  -25  0
-11  -28  72  0
-70  6  -5  0
-29  -3  -30  0
21  -76  77  0
-39  -69  13  0
46  -65  56  0
-63  79  -71  0
-21  32  73  0
-42  -13  -29  0
56  22  -14  0
-49  19  44  0
74  33  -12  0
71  26  -79  0
-23  64  73  0
-23  -74  -6  0
39  -40  26  0
-1  -18  27  0
73  76  37  0
-19  -80  17  0
-48  -33  -45  0
-21  -2  5  0
68  2  -32  0
-60  -67  58  0
43  -36  7  0
27  77  5  0
-41  36  -37  0
27  53  -49  0
-34  23  5  0
47  -30  -36  0
-25  60  3  0
-9  28  54  0
39  66  38  0
18  49  62  0
-53  23  75  0
-73  43  49  0
-21  63  -57  0
52  15  -49  0
-78  -31  45  0
24  -28  -62  0
72  54  45  0
-38  18  25  0
-80  -78  -31  0
-14  70  -48  0
-3  -70  -7  0
-70  78  38  0
52  -24  26  0
-1  -2  9  0
-35  -63  -26  0
-43  -60  -77  0
-45  35  -62  0
10  38  53  0
-55  41  -15  0
76  -44  -41  0
-1  -17  60  0
-8  53  54  0
-28  -4  67  0
-18  30  -19  0
44  -27  -39  0
17  -51  49  0
54  10  -30  0
66  32  -14  0
76  -65  -78  0
-31  -44  69  0
-23  -32  24  0
25  -77  12  0
-7  -30  62  0
49  -35  5  0
-31  -32  -54  0
-32  2  -55  0
-74  -80  -79  0
80  -28  -14  0
-14  51  64  0
57  -15  -69  0
9  27  15  0
78  -50  -4  0
3  30  56  0
27  4  29  0
-52  -30  -42  0
44  78  -40  0
-62  -71  -45  0
-12  76  -49  0
34  -69  -61  0
60  75  -15  0
38  -42  -27  0
-69  78  6  0
-35  -42  -3  0
24  46  72  0
-48  -32  -30  0
31  -29  44  0
60  -12  72  0
-26  17  -30  0
-64  -61  -77  0
-57  -77  13  0
59  43  70  0
-34  57  -21  0
-3  -18  -1  0
45  -53  -58  0
-59  -1  -35  0
-70  35  56  0
-32  -34  14  0
-5  -20  -60  0
71  -13  -61  0
17  41  3  0
17  -18  51  0
-21  -73  5  0
-48  24  -55  0
-40  50  -25  0
-67  35  37  0
64  40  -26  0
-22  71  30  0
-21  53  67  0
19  -25  70  0
51  -77  54  0
-60  52  -66  0
59  -51  -17  0
-16  -51  41  0
-56  -51  -27  0
9  -44  68  0
42  -56  7  0
-46  -50  53  0
57  49  -31  0
14  -1  42  0
-1  28  -15  0
48  -4  -23  0
-2  -76  22  0
-61  21  3  0
22  -33  10  0
16  -13  59  0
-72  -25  15  0
-41  28  58  0
31  -56  61  0
-25  13  73  0
-61  -2  64  0
-6  -64  -19  0
-2  58  35  0
-31  -16  68  0
-38  -7  -5  0
-50  3  -54  0
22  -26  -73  0
20  59  -56  0
30  72  50  0
-1  -13  37  0
-3  63  34  0
28  26  -45  0
-13  24  10  0
-27  48  -6  0
6  44  -45  0
51  42  -72  0
-52  73  -20  0
-58  77  -76  0
78  60  -11  0
-9  67  73  0
-47  55  18  0
30  -80  18  0
18  -54  -51  0
-35  -21  -27  0
29  4  -6  0
63  -31  33  0
-70  -80  10  0
-71  22  51  0
-3  40  -66  0
-11  2  21  0
-77  -4  32  0
-49  -56  -76  0
27  36  43  0
79  -80  -18  0
-8  -22  65  0
41  -6  23  0
73  62  68  0
76  -21  26  0
22  -76  -63  0
-16  -32  38  0
-32  31  26  0
-30  -73  -51  0
-27  -53  -4  0
7  40  13  0
-44  -43  -56  0
14  45  -70  0
68  -56  -16  0
-50  -68  -40  0
-8  44  13  0
48  46  -50  0
-57  41  46  0
-3  57  -2  0
77  5  -17  0
71  -1  34  0
48  31  73  0
19  48  3  0
45  -75  -71  0
-63  -30  52  0
-39  34  44  0
55  -74  -39  0
-9  14  -15  0
37  -45  39  0
49  20  -30  0
52  -8  35  0
11  -52  -6  0
-75  -66  36  0
35  -37  -1  0
29  -44  23  0
20  -69  53  0
72  6  -47  0
-57  -30  -54  0
52  3  -60  0
61  -58  -32  0
-14  -13  62  0
-7  -19  34  0
50  -78  59  0
50  -77  -6  0
-30  69  74  0
53  -34  -80  0
68  22  55  0
-37  75  18  0
-36  -8  -1  0
-38  -15  -50  0
1  15  71  0
-26  80  72  0
34  -52  -22  0
-41  -12  -10  0
73  68  -18  0
35  -59  -31  0
-30  -19  22  0
-63  42  -73  0
-55  -10  -51  0
65  -52  29  0
27  -13  -53  0
-9  -41  -3  0
40  -60  -51  0
74  -39  17  0
-35  14  8  0
-77  -32  51  0
-42  59  -76  0
33  78  27  0
-49  14  39  0
22  -70  18  0
67  53  54  0
-73  63  2  0
