c mkcnf random cnf with seed 435559, max clause length 3
c FORCED SATISFIABLE
c 
p cnf 80  344
14  -47  34  0
-4  71  59  0
19  7  -57  0
24  64  67  0
-4  27  -68  0
-80  20  18  0
14  -77  -42  0
-49  9  2  0
37  23  -58  0
26  -11  77  0
-72  -47  -61  0
-78  67  26  0
52  55  23  0
-18  55  -4  0
-35  -55  -63  0
-31  -47  54  0
-12  9  -5  0
-26  -51  -7  0
-38  -45  -4  0
71  -11  -78  0
-23  6  34  0
-42  76  -21  0
-54  41  67  0
-15  33  37  0
60  5  75  0
-43  -55  -26  0
-24  -1  22  0
10  -11  -66  0
-15  -22  -55  0
15  58  34  0
25  6  -74  0
-77  63  19  0
-11  74  -71  0
57  -18  36  0
7  51  -80  0
-12  72  32  0
-32  -51  -24  0
-66  28  -78  0
44  -67  -7  0
58  -56  36  0
45  52  62  0
-48  -69  10  0
39  28  -75  0
42  3  66  0
26  9  -65  0
-30  49  47  0
-32  -44  -34  0
63  -20  -64  0
42  -63  -60  0
-22  13  -39  0
10  76  55  0
45  68  73  0
-55  -14  46  0
-35  12  45  0
-51  -32  -67  0
-62  -30  25  0
-2  -21  -24  0
77  -53  80  0
-33  -4  -34  0
-37  49  5  0
-21  -13  -78  0
53  -59  39  0
27  -16  -10  0
6  -75  16  0
38  -13  -48  0
54  -18  44  0
78  42  8  0
16  62  42  0
-19  74  2  0
-21  -66  57  0
-68  77  27  0
-64  -42  26  0
7  -63  6  0
79  59  -60  0
-66  28  72  0
-28  -45  71  0
-6  14  4  0
35  -3  -39  0
-35  64  -17  0
40  59  25  0
5  71  11  0
54  51  -45  0
-1  5  42  0
-10  -8  36  0
17  55  -20  0
59  -71  -47  0
-69  64  -10  0
62  -2  39  0
-32  -68  -74  0
18  -3  37  0
-1  -9  18  0
-61  -11  -75  0
-62  -41  20  0
-73  47  27  0
-63  39  -52  0
-50  36  -12  0
-29  55  -53  0
-28  54  -34  0
-15  53  -12  0
-57  74  34  0
21  -70  25  0
-5  -61  -43  0
-38  -20  -5  0
-56  -80  -5  0
-42  -78  43  0
-52  54  47  0
-37  31  -12  0
-3  52  56  0
-66  -73  -78  0
-45  -9  -12  0
67  8  53  0
69  -72  -41  0
-57  56  -31  0
-12  -49  -39  0
-37  20  -19  0
51  -16  -69  0
77  -28  43  0
28  47  -37  0
66  -71  56  0
22  -57  65  0
-69  19  -66  0
-1  57  -75  0
19  -38  67  0
56  -78  -8  0
40  -14  -64  0
-24  6  -71  0
68  21  -39  0
22  -26  32  0
-67  41  -42  0
-39  72  15  0
69  24  80  0
-78  2  -27  0
13  -80  -1  0
11  70  6  0
8  34  16  0
-62  27  -47  0
72  -66  1  0
-42  71  34  0
45  6  -57  0
18  19  -32  0
-27  -61  -52  0
16  11  -62  0
-62  -19  -16  0
-15  -26  -58  0
-52  36  39  0
9  -41  80  0
64  -41  -55  0
-3  62  63  0
-64  -34  -77  0
52  -36  14  0
22  55  -31  0
27  22  13  0
55  -67  -10  0
33  60  36  0
57  -52  62  0
-67  3  41  0
57  -40  23  0
-54  10  65  0
17  -67  -44  0
-27  -4  -10  0
54  16  78  0
-52  -41  -7  0
43  -34  -58  0
-21  -13  6  0
-64  -19  11  0
-3  -69  19  0
-45  31  -66  0
25  -16  -55  0
21  -75  64  0
-4  -72  -47  0
80  -3  -73  0
-15  73  68  0
42  71  -50  0
10  -28  36  0
14  -67  5  0
23  71  28  0
-13  -53  18  0
68  -26  -57  0
-48  40  -80  0
-71  -11  -20  0
-61  32  -27  0
-41  39  -21  0
-19  71  -54  0
-75  4  -52  0
55  -18  -68  0
59  -38  78  0
-28  -38  41  0
3  55  74  0
8  64  -20  0
33  -41  -29  0
-71  20  44  0
-63  -60  -79  0
41  -19  67  0
-6  31  -33  0
-58  34  -74  0
-34  -12  -22  0
-1  68  64  0
-13  28  -22  0
-12  -16  64  0
-73  69  -19  0
76  20  27  0
70  -78  -23  0
-2  -80  19  0
3  70  1  0
60  -47  -67  0
51  -3  65  0
-3  72  52  0
13  -27  75  0
-59  52  -55  0
-76  48  -20  0
2  27  -12  0
-17  68  49  0
-37  -80  53  0
-75  39  -37  0
-13  31  39  0
-22  -80  -37  0
80  -14  -55  0
50  -48  63  0
73  -52  39  0
-40  20  54  0
38  -16  44  0
-58  -44  -16  0
-15  -26  31  0
-11  -52  -62  0
-7  -16  75  0
-11  -37  26  0
7  26  -56  0
-36  -20  37  0
-77  64  7  0
48  -1  -45  0
36  75  -66  0
29  21  57  0
-34  -2  -4  0
-6  34  22  0
46  -30  7  0
-20  64  43  0
-1  -32  9  0
10  30  16  0
52  73  68  0
5  -32  49  0
46  51  -74  0
-9  62  -68  0
76  -35  -19  0
-5  -1  68  0
-52  49  -75  0
-25  -36  -24  0
-6  76  -80  0
-32  11  -20  0
63  -6  -14  0
27  -69  -1  0
-8  -61  -34  0
72  43  68  0
-18  13  1  0
-69  57  28  0
13  60  -17  0
-16  -29  11  0
48  -6  2  0
14  58  56  0
-51  -49  -6  0
36  75  71  0
34  -24  -74  0
-71  -58  -5  0
51  65  41  0
-68  -56  -6  0
53  -36  -69  0
-22  -19  -47  0
20  -21  73  0
70  -72  -7  0
24  50  -40  0
10  13  -34  0
66  12  19  0
69  77  -7  0
-57  67  -31  0
-77  -34  75  0
-39  -11  -1  0
-34  -14  -24  0
62  -43  45  0
-36  47  40  0
-64  -6  -43  0
-15  -32  21  0
-61  14  -2  0
34  79  65  0
-79  76  25  0
34  71  43  0
76  -33  25  0
-76  -21  42  0
-24  43  -53  0
68  -80  25  0
-36  -27  11  0
5  29  28  0
-40  -75  35  0
-59  18  41  0
50  69  9  0
7  58  -26  0
42  46  -61  0
-29  -5  76  0
-37  -21  8  0
47  23  -36  0
-77  -52  47  0
74  65  -55  0
22  50  -42  0
13  65  -49  0
39  -58  -10  0
-57  39  27  0
-37  10  38  0
19  -60  -11  0
56  -76  -27  0
38  -21  18  0
20  36  2  0
-75  38  6  0
17  -60  -35  0
-58  -73  -77  0
25  27  -78  0
65  -54  27  0
-4  32  43  0
-9  24  -44  0
48  -12  -13  0
24  41  71  0
-76  41  7  0
33  16  7  0
5  66  13  0
-60  -47  -53  0
21  9  -26  0
-33  62  51  0
76  -1  -6  0
-61  -47  54  0
24  64  25  0
-48  -68  -77  0
-36  55  -70  0
58  -17  47  0
79  32  -43  0
44  19  20  0
-13  -62  -70  0
65  30  -15  0
-47  50  -61  0
-69  -37  -67  0
-62  13  35  0
29  -15  -56  0
-59  37  -3  0
11  -17  34  0
-17  15  -52  0
-56  -72  60  0
-34  -43  76  0
32  -35  -41  0
