c mkcnf random cnf with seed 435527, max clause length 3
c FORCED SATISFIABLE
c 
p cnf 80  344
79  59  -54  0
42  -16  -45  0
-79  -32  -51  0
-42  75  -1  0
-33  -37  7  0
70  -27  -6  0
-12  -61  -20  0
-42  -4  -58  0
20  -22  48  0
22  55  -51  0
-20  44  60  0
53  36  3  0
-10  6  4  0
9  5  24  0
24  60  67  0
60  -52  16  0
-74  56  37  0
67  -1  -66  0
-8  43  60  0
64  46  -68  0
-24  66  -79  0
77  -75  -71  0
50  -67  18  0
-74  -58  79  0
-8  58  -6  0
75  -32  70  0
66  31  -1  0
-38  28  64  0
-68  -41  -44  0
-67  56  -7  0
-69  -79  75  0
-75  -25  -41  0
65  -10  -67  0
4  -67  -23  0
59  31  40  0
53  -13  -1  0
6  -45  67  0
69  34  59  0
51  -4  21  0
-8  62  78  0
-46  60  -39  0
46  -24  44  0
61  -40  52  0
23  -4  72  0
-24  -47  -5  0
72  28  -69  0
-2  -6  66  0
53  -55  48  0
47  61  -36  0
-33  5  12  0
-53  42  39  0
36  43  -32  0
25  7  -32  0
-64  50  37  0
26  -15  22  0
-31  -77  -47  0
64  3  -78  0
2  -21  17  0
46  70  -57  0
36  47  -66  0
-71  16  50  0
32  -28  -27  0
63  -4  11  0
45  -43  63  0
78  -35  31  0
-5  -34  8  0
26  -48  -39  0
-73  -61  13  0
-73  -28  30  0
-21  -68  -73  0
-12  -48  27  0
61  -53  -26  0
9  -52  71  0
2  40  -62  0
-54  -63  -22  0
-46  -73  70  0
-38  37  1  0
-31  3  -8  0
-51  68  -40  0
-11  -18  8  0
29  32  -38  0
-40  48  68  0
-34  72  77  0
-59  13  -67  0
2  -52  -29  0
12  8  37  0
53  -48  -35  0
-43  -42  1  0
8  -61  62  0
64  -35  -4  0
-18  -9  54  0
42  75  -48  0
-56  -10  65  0
75  -79  26  0
-30  -73  49  0
66  24  -2  0
26  48  32  0
-29  -32  -23  0
-45  -54  36  0
-19  -35  34  0
-10  53  70  0
23  73  32  0
15  43  -23  0
56  -1  6  0
61  -72  1  0
66  -2  -22  0
52  -49  11  0
11  -39  -58  0
-55  -66  -14  0
-14  17  18  0
-27  -68  -73  0
75  -57  -3  0
25  67  -6  0
36  45  46  0
17  -24  71  0
7  -36  -54  0
-59  64  53  0
-17  35  52  0
-59  -76  -19  0
-41  -45  68  0
-49  -15  -1  0
-22  -2  -33  0
-10  -35  32  0
70  36  73  0
-50  -40  21  0
-55  25  35  0
6  -5  64  0
38  -47  -65  0
72  54  -22  0
15  -55  69  0
40  51  -38  0
37  -33  -63  0
18  -35  -36  0
15  75  -48  0
51  17  -73  0
31  11  -22  0
27  -69  -45  0
67  -35  -32  0
79  -1  24  0
-12  -80  -29  0
54  74  71  0
40  8  -48  0
-35  -30  -18  0
-66  -10  -69  0
-38  11  55  0
9  -58  -64  0
51  -60  34  0
-52  72  -30  0
-1  25  29  0
-39  11  -41  0
-20  -45  -78  0
46  -16  70  0
-18  69  43  0
28  -67  26  0
33  -25  -3  0
4  -29  -19  0
12  -37  23  0
59  74  -46  0
48  -71  38  0
-80  -70  -58  0
-24  -9  70  0
5  -77  79  0
-55  -21  58  0
-20  80  -72  0
-61  19  -58  0
-59  53  -38  0
-20  -14  44  0
49  46  -30  0
1  4  25  0
-63  44  -17  0
-33  47  52  0
-73  -42  -45  0
-1  -67  -41  0
28  30  -71  0
-32  41  -61  0
-20  65  -12  0
54  -28  -44  0
-40  45  13  0
79  56  -45  0
36  -33  -5  0
-58  7  -6  0
7  29  -9  0
74  -75  59  0
80  10  70  0
54  -53  43  0
-11  -41  -28  0
1  -76  -4  0
-71  16  70  0
38  -50  -41  0
-34  19  61  0
68  46  -6  0
77  8  -10  0
14  53  -38  0
66  -2  -64  0
14  -47  78  0
-28  77  -51  0
40  -48  33  0
-38  61  -30  0
-64  -22  -14  0
-65  -54  61  0
-71  -32  33  0
-18  29  61  0
-78  -72  75  0
-37  18  -34  0
60  -8  -35  0
75  27  28  0
62  11  -35  0
-34  -18  -71  0
14  -57  16  0
77  -19  -29  0
-68  44  72  0
27  -68  40  0
28  45  -13  0
-39  34  27  0
-50  -11  9  0
15  -80  -29  0
30  7  -39  0
61  68  71  0
29  -56  39  0
38  74  -52  0
-71  -74  56  0
19  68  -12  0
-10  36  -25  0
-39  -58  43  0
50  -66  -12  0
-42  43  27  0
65  -46  -18  0
-63  -56  -59  0
-14  77  -61  0
-32  -40  46  0
-70  -34  -67  0
45  -72  -77  0
39  80  47  0
-56  32  2  0
21  77  -59  0
29  15  51  0
76  -73  -33  0
80  9  -38  0
56  -78  -63  0
41  -36  -46  0
-28  -54  44  0
-35  61  -38  0
46  70  -2  0
-16  66  -59  0
64  -20  -7  0
37  69  -76  0
-69  70  54  0
23  21  12  0
17  64  43  0
35  -22  -51  0
-12  -41  -57  0
35  59  31  0
45  -57  41  0
-8  25  27  0
-34  -45  -73  0
36  67  35  0
54  -38  -51  0
-69  -16  79  0
2  -63  -34  0
47  49  21  0
3  72  58  0
-57  -63  -52  0
-21  72  -61  0
-38  75  -25  0
-25  31  -58  0
-44  -34  -16  0
55  35  -45  0
61  40  -49  0
60  42  -12  0
6  72  -78  0
-4  12  11  0
3  62  -47  0
53  52  -26  0
45  -68  16  0
7  -14  45  0
-49  73  16  0
72  8  22  0
25  -74  11  0
1  78  -49  0
25  13  70  0
77  -38  72  0
10  50  8  0
47  -21  50  0
19  -63  77  0
-73  -78  27  0
-19  -53  62  0
-63  -19  -80  0
75  -26  -11  0
-23  46  -52  0
3  14  23  0
45  -69  76  0
31  -20  -3  0
49  60  3  0
15  11  45  0
-77  -51  -11  0
11  37  46  0
25  4  80  0
51  31  -21  0
-46  -27  -69  0
62  -35  57  0
21  -73  -32  0
-51  -59  -43  0
35  -72  -3  0
30  44  -41  0
-21  45  -69  0
60  16  15  0
-74  56  6  0
76  35  72  0
12  76  3  0
37  -21  -27  0
22  13  -49  0
64  -5  68  0
-24  79  26  0
-11  -26  38  0
-14  4  -71  0
-63  -8  4  0
-39  11  32  0
42  21  26  0
7  72  64  0
23  56  80  0
70  53  74  0
21  24  9  0
-68  46  58  0
45  -71  -16  0
64  -36  -13  0
2  -29  44  0
34  15  -47  0
36  -13  71  0
14  -46  -74  0
-63  57  -29  0
-4  -3  25  0
47  80  69  0
-21  -52  -62  0
-45  49  53  0
41  62  -47  0
11  -10  39  0
-2  50  11  0
-18  -12  -9  0
32  80  2  0
-6  -39  43  0
-16  28  -24  0
72  80  8  0
46  -10  21  0
65  -74  2  0
