c mkcnf random cnf with seed 435550, max clause length 3
c FORCED SATISFIABLE
c 
p cnf 80  344
-78  20  -45  0
-15  25  -38  0
-18  -62  34  0
-73  48  -22  0
15  22  -35  0
21  78  56  0
40  -14  -17  0
73  -15  12  0
-53  -7  73  0
-80  68  12  0
-38  -28  -35  0
57  -59  -60  0
20  22  -28  0
-19  -5  61  0
-23  22  24  0
53  4  25  0
53  -64  -22  0
48  27  51  0
-72  -3  -73  0
13  61  22  0
-70  -75  -8  0
-45  -14  5  0
-62  -2  74  0
-58  -78  22  0
-1  39  28  0
40  29  -61  0
-22  34  30  0
11  -72  55  0
-16  -13  50  0
-21  16  -15  0
-70  -49  -31  0
-14  9  -38  0
7  -26  -54  0
19  64  48  0
1  -77  -18  0
51  -36  57  0
-61  64  -77  0
-29  51  -64  0
-6  -15  61  0
-71  -5  70  0
20  -63  -67  0
-19  -24  53  0
-64  -37  48  0
66  14  -55  0
-19  -23  51  0
-25  57  64  0
19  -5  48  0
-3  -56  9  0
-68  -3  52  0
-52  -7  -28  0
-51  -26  -64  0
22  24  35  0
-69  -62  -32  0
55  39  51  0
-31  -12  62  0
-70  -76  -32  0
-39  41  51  0
20  -27  -48  0
-52  35  -37  0
-32  80  79  0
65  8  -29  0
-73  76  -30  0
-42  -77  -30  0
-20  -17  46  0
-79  -37  -76  0
42  63  26  0
32  -68  3  0
26  -20  -32  0
-60  -9  62  0
-2  30  -51  0
17  9  -48  0
53  -58  18  0
-65  -33  -15  0
9  -54  -16  0
-75  33  -53  0
8  23  71  0
-29  7  -40  0
70  -71  47  0
-8  79  -65  0
-11  68  -59  0
53  -11  39  0
51  -14  76  0
13  -50  -62  0
-26  -58  -67  0
14  -32  80  0
46  -75  61  0
-51  -27  -63  0
8  -49  -73  0
49  -77  -40  0
-36  -35  80  0
28  -26  -41  0
-7  39  44  0
-41  -77  -10  0
67  -30  -4  0
11  -10  45  0
37  -1  -34  0
4  12  -10  0
56  37  -71  0
-27  -5  62  0
-18  27  -35  0
79  -24  78  0
16  10  -51  0
52  -17  -28  0
-24  75  -5  0
-26  34  16  0
61  9  38  0
-72  46  21  0
-59  64  68  0
-2  -14  9  0
30  -36  32  0
59  50  31  0
-74  48  -39  0
2  35  62  0
-26  65  -57  0
-19  -10  40  0
-59  -70  28  0
-15  10  9  0
-25  21  -20  0
-71  -35  -65  0
-35  -11  75  0
61  -20  43  0
-4  47  69  0
57  -28  -20  0
24  -6  27  0
3  -4  -32  0
-68  66  25  0
34  -17  31  0
-74  -46  17  0
-60  78  28  0
60  -8  -39  0
-41  43  24  0
-22  -62  5  0
-29  -71  47  0
42  75  27  0
7  -49  9  0
3  72  43  0
-72  -13  -40  0
-9  24  34  0
43  -75  51  0
-30  -50  -16  0
-35  45  -40  0
-34  4  -14  0
65  -60  -44  0
-6  2  -76  0
-34  -56  48  0
-59  -8  72  0
31  -75  49  0
-79  -24  48  0
-41  27  -2  0
-3  12  76  0
19  -12  76  0
65  -80  39  0
59  -51  25  0
-75  -71  62  0
-40  -11  -9  0
-26  79  20  0
-3  60  -34  0
-79  -15  -32  0
-55  -39  -38  0
-32  -74  -57  0
77  46  -41  0
36  32  14  0
65  62  -56  0
-58  -2  -1  0
23  64  28  0
43  -72  41  0
13  37  1  0
74  -54  -64  0
-76  -13  39  0
13  66  -16  0
8  80  50  0
13  -69  9  0
-64  -70  13  0
37  11  75  0
-28  -56  31  0
70  32  21  0
78  -16  14  0
-57  -18  -29  0
-42  17  -25  0
-37  -1  -45  0
16  -53  64  0
-57  73  54  0
-40  72  27  0
-33  -8  -9  0
-33  -36  68  0
66  19  -52  0
-40  39  7  0
-30  -18  63  0
-27  52  37  0
-15  -58  -36  0
80  -9  50  0
-51  26  58  0
53  47  25  0
-66  -18  7  0
-54  -24  28  0
-12  5  42  0
-47  3  75  0
75  -40  -66  0
-31  1  16  0
50  -54  -25  0
-55  40  -48  0
-80  -26  23  0
-58  50  14  0
10  41  7  0
53  -14  -9  0
66  -38  -79  0
-28  -69  36  0
-75  -4  -67  0
5  -53  -65  0
71  -13  22  0
-26  8  -71  0
-31  45  -75  0
5  -55  24  0
11  1  78  0
-68  -24  75  0
54  68  -56  0
24  32  -55  0
16  -56  -66  0
-45  -11  -57  0
66  76  43  0
69  -29  68  0
-22  60  2  0
15  76  -20  0
34  -9  46  0
30  -57  -39  0
-72  -9  -22  0
-61  5  -69  0
-61  -28  23  0
22  15  -3  0
66  75  17  0
34  12  13  0
18  24  -68  0
-22  -55  -27  0
-6  -58  -67  0
-40  25  72  0
-77  -47  -35  0
75  -38  3  0
14  70  75  0
44  12  53  0
37  26  -79  0
-66  5  33  0
62  -5  32  0
68  53  69  0
-7  -48  -24  0
13  -9  -80  0
61  2  47  0
52  71  -70  0
-38  17  -34  0
-80  -72  -53  0
8  65  -57  0
-14  76  73  0
16  58  -44  0
53  -32  -69  0
-51  -78  -6  0
-49  38  -44  0
-78  37  25  0
61  10  -6  0
-21  -1  78  0
18  2  46  0
-42  16  -24  0
61  18  68  0
53  -40  -63  0
-20  71  -33  0
-32  68  -78  0
73  43  29  0
73  10  2  0
-5  -6  72  0
-59  5  43  0
-8  -37  -56  0
4  -65  -60  0
-66  -23  -65  0
24  -59  -36  0
-8  6  -19  0
-37  5  -22  0
20  -12  25  0
77  -42  32  0
19  -63  2  0
-69  29  -22  0
67  28  -63  0
-55  -41  7  0
76  -77  69  0
49  -34  21  0
38  -6  -80  0
43  76  -48  0
-58  -30  56  0
2  22  42  0
-7  -25  21  0
65  -38  26  0
-37  24  21  0
-44  34  20  0
-14  2  -4  0
19  54  -45  0
39  41  -35  0
-23  77  -78  0
27  -54  -51  0
61  17  25  0
69  -5  -13  0
-76  39  -34  0
4  34  -68  0
-35  -16  75  0
68  69  -37  0
-39  -31  21  0
-68  -11  13  0
18  -72  -75  0
-74  -7  14  0
17  71  54  0
73  -21  -39  0
75  23  -37  0
-46  66  -50  0
54  -26  15  0
-11  52  -32  0
77  -45  -36  0
70  -20  -50  0
47  5  20  0
69  -17  47  0
-77  -36  29  0
1  -77  -45  0
22  -14  -12  0
8  48  25  0
50  14  -12  0
-64  22  -77  0
60  -51  57  0
72  -58  75  0
43  78  -31  0
7  66  20  0
-37  -60  -1  0
38  8  -34  0
-51  -70  56  0
39  62  8  0
-14  60  -16  0
-74  42  -31  0
49  53  17  0
-75  27  1  0
33  45  -15  0
-60  -57  42  0
-58  14  -70  0
-19  3  -76  0
66  54  8  0
-15  -44  43  0
67  11  -24  0
-77  65  -29  0
-20  -58  18  0
-59  -61  -10  0
-80  -13  77  0
