c mkcnf random cnf with seed 435537, max clause length 3
c FORCED SATISFIABLE
c 
p cnf 80  344
-9  35  -78  0
30  -19  -2  0
27  -41  54  0
-16  -63  10  0
4  -26  53  0
-21  59  58  0
63  74  -9  0
-38  -48  18  0
72  -22  -38  0
73  -34  44  0
32  16  -76  0
-68  74  58  0
-2  -37  36  0
-37  -47  7  0
-29  -79  -24  0
-26  18  -78  0
62  64  37  0
42  -20  60  0
38  -15  -34  0
-42  9  -7  0
56  -43  32  0
74  -60  -43  0
70  76  49  0
-72  28  -8  0
-26  -3  62  0
-47  52  48  0
-9  -49  -27  0
21  -70  -12  0
-16  -25  -34  0
-36  -22  -33  0
-25  -13  69  0
55  -23  -29  0
-4  12  -53  0
-71  64  -42  0
71  50  -39  0
48  -69  65  0
-77  9  25  0
-39  71  -66  0
60  -45  -71  0
43  -67  -21  0
3  -70  -78  0
14  -68  -66  0
79  -37  -42  0
-25  18  10  0
8  23  -5  0
-10  45  58  0
6  -72  -69  0
33  -66  -21  0
36  -28  -72  0
6  -13  76  0
-71  36  68  0
-19  74  68  0
-4  71  29  0
10  -53  18  0
24  -63  -74  0
46  61  -69  0
70  38  4  0
-62  -25  23  0
-25  -18  79  0
-79  12  64  0
57  15  -42  0
-69  27  18  0
-36  -54  70  0
-63  40  -57  0
-52  -10  69  0
35  -41  23  0
75  -53  -62  0
-24  47  50  0
-71  -24  -14  0
1  36  72  0
80  -30  11  0
-52  77  -75  0
-57  24  32  0
32  -70  -37  0
-7  45  -44  0
77  39  -59  0
-28  66  -54  0
34  -52  12  0
-2  26  37  0
-48  -74  -64  0
31  51  11  0
9  46  53  0
-6  -18  -63  0
-75  -54  39  0
-26  -65  41  0
58  -26  39  0
-6  38  31  0
39  33  34  0
4  58  -9  0
-62  76  29  0
-72  48  23  0
-1  -61  -35  0
-28  -59  55  0
65  -45  -37  0
-24  19  2  0
48  -19  74  0
-49  -8  -12  0
-28  73  61  0
55  16  -67  0
49  -23  30  0
59  -61  3  0
-79  19  56  0
-72  36  19  0
80  42  69  0
30  -64  -67  0
-42  1  -12  0
72  58  -12  0
56  66  -70  0
-34  -29  -71  0
52  -8  26  0
12  78  -66  0
-37  -8  20  0
-39  -67  26  0
75  72  23  0
-32  -80  -78  0
5  -59  -62  0
-49  48  -38  0
-22  -57  -51  0
49  55  -17  0
43  -53  20  0
-43  -21  10  0
-18  -35  -68  0
-3  29  45  0
52  -55  -3  0
-51  14  55  0
41  44  8  0
70  -17  -11  0
-33  -2  60  0
-53  -59  64  0
21  10  -68  0
-37  -4  -12  0
13  -31  17  0
-50  4  -34  0
61  -53  57  0
-4  62  20  0
77  14  50  0
-16  -1  -37  0
74  -48  -77  0
43  20  -39  0
18  69  76  0
-60  -37  55  0
17  -28  -22  0
32  -64  -39  0
62  -54  9  0
-64  -21  19  0
-51  -25  44  0
66  57  -64  0
76  4  -12  0
-56  -64  8  0
30  -74  66  0
4  -74  -36  0
-34  80  3  0
32  67  68  0
-41  -45  -39  0
-35  66  -49  0
69  -58  46  0
-63  -13  8  0
-3  -77  -45  0
-24  -63  -41  0
-75  63  47  0
-28  4  -8  0
75  14  -1  0
41  15  39  0
-45  66  65  0
-68  -60  73  0
-80  35  -43  0
-21  -9  20  0
-1  -75  -33  0
13  34  41  0
-11  34  48  0
-40  -26  -72  0
45  -31  48  0
-67  -48  -35  0
-48  -31  -4  0
41  60  -67  0
-16  -48  -74  0
-38  16  -1  0
71  70  -24  0
8  -43  28  0
78  67  -59  0
-79  27  48  0
-72  68  69  0
-30  -13  -4  0
-46  -12  -52  0
-33  -50  63  0
22  13  43  0
-21  -71  45  0
13  -58  -60  0
66  -5  10  0
-55  11  54  0
-32  -18  42  0
-58  59  -31  0
1  66  -44  0
-29  -10  37  0
68  -53  17  0
35  37  51  0
41  7  31  0
-57  34  38  0
79  -64  -35  0
-67  -72  63  0
-74  -40  73  0
65  56  43  0
26  -74  -47  0
-77  -39  -6  0
-17  -46  21  0
-1  -16  56  0
29  76  23  0
47  -65  -75  0
-59  -71  -79  0
-50  -76  26  0
30  -74  27  0
36  -8  22  0
-54  -69  39  0
19  73  -78  0
57  27  -52  0
-49  73  34  0
-49  -30  -28  0
39  37  77  0
-9  43  67  0
-71  59  -77  0
-16  15  54  0
-65  41  -35  0
-79  -46  -47  0
72  -8  57  0
8  -5  18  0
42  -52  78  0
72  22  53  0
-30  15  38  0
-17  62  -48  0
-27  -42  7  0
-17  -79  -63  0
50  -16  -26  0
-35  -9  -17  0
70  46  -57  0
-23  7  49  0
-79  6  -7  0
-69  -4  -55  0
-22  16  26  0
2  -11  -50  0
-10  -14  -66  0
68  30  -46  0
63  43  19  0
7  -48  -69  0
66  56  13  0
31  13  63  0
19  41  -74  0
-33  14  32  0
-5  -39  -15  0
-78  76  -9  0
57  -47  -8  0
-11  3  41  0
58  -15  -38  0
48  27  30  0
23  13  -72  0
-38  28  -57  0
35  -73  -79  0
65  74  29  0
-23  -45  -51  0
-64  -79  -59  0
37  -20  -53  0
-49  -19  -42  0
-80  10  -13  0
37  -73  -54  0
50  -9  79  0
3  31  53  0
-59  53  33  0
-1  78  38  0
-31  50  4  0
74  -48  58  0
-64  -57  -12  0
-51  -44  40  0
37  21  72  0
-2  -40  -28  0
-67  35  54  0
63  65  75  0
-32  -73  -68  0
-70  32  25  0
-75  -3  9  0
-74  19  -12  0
-36  -17  -21  0
64  -72  -42  0
16  48  -11  0
57  -45  32  0
-31  52  19  0
-53  -60  -65  0
19  -77  -47  0
-74  -36  -14  0
-60  6  26  0
-44  -80  73  0
-19  15  -10  0
-72  30  -29  0
18  -52  62  0
5  38  21  0
75  -34  13  0
-37  62  -76  0
46  -69  -29  0
-60  -78  27  0
20  -75  -62  0
-5  -10  62  0
-4  -67  80  0
63  -64  55  0
34  -77  -18  0
61  62  -25  0
-17  -30  59  0
-46  19  75  0
-56  31  -35  0
70  72  56  0
-29  54  -75  0
-64  -66  6  0
35  -59  -69  0
-64  66  -30  0
18  -5  11  0
39  -25  -72  0
-47  44  23  0
-40  -29  26  0
56  28  -11  0
-13  -43  74  0
-43  -73  77  0
71  -22  -36  0
-31  -35  -42  0
20  30  3  0
-2  -48  -34  0
-4  -21  55  0
-24  80  79  0
-65  2  -22  0
-20  80  -34  0
-16  -47  -52  0
58  52  16  0
-63  56  14  0
-22  3  68  0
-78  -18  35  0
-45  57  53  0
74  -71  60  0
53  -52  -30  0
-70  10  -57  0
-53  -11  -20  0
-15  4  65  0
78  66  -9  0
33  -7  10  0
-37  30  -67  0
18  -45  26  0
36  35  28  0
11  53  45  0
-25  -68  30  0
