c mkcnf random cnf with seed 435596, max clause length 3
c FORCED SATISFIABLE
c 
p cnf 80  344
-74  -24  -26  0
-39  -44  24  0
-3  38  -67  0
42  37  49  0
-19  -50  63  0
-17  55  51  0
57  22  56  0
78  75  -44  0
48  -53  20  0
80  -45  -79  0
47  3  -11  0
80  10  1  0
29  51  30  0
35  78  75  0
18  78  72  0
9  -29  -39  0
41  -7  16  0
-68  37  -66  0
57  -9  51  0
70  33  10  0
-53  15  70  0
29  -19  -77  0
61  24  -55  0
-50  40  72  0
-58  -31  -67  0
-10  -8  -5  0
-62  -70  26  0
-42  69  78  0
26  30  65  0
45  -9  -53  0
60  51  -31  0
51  19  22  0
69  -66  57  0
-47  -1  -71  0
-1  65  44  0
40  39  49  0
-13  27  51  0
-45  73  -74  0
-1  -56  51  0
60  -76  35  0
59  -78  33  0
11  54  -5  0
-36  -49  -11  0
80  -58  -74  0
57  -3  -42  0
-9  3  -54  0
43  31  -5  0
33  63  48  0
-36  -23  -19  0
50  71  47  0
80  -51  -69  0
-30  -61  -32  0
-72  -24  61  0
-73  39  -5  0
-57  -39  -37  0
-49  61  -25  0
-73  18  40  0
-21  22  -58  0
57  -68  -31  0
7  -54  -18  0
-77  -42  -51  0
43  -17  78  0
-6  -75  22  0
56  -41  77  0
35  44  -39  0
41  -51  15  0
61  56  8  0
-6  80  -24  0
-46  -7  69  0
1  71  -11  0
-41  58  -18  0
55  -29  6  0
50  36  8  0
-50  65  -44  0
32  -15  -80  0
-69  16  22  0
-24  -61  -29  0
19  30  13  0
13  49  56  0
-77  -59  -68  0
-61  -67  18  0
12  -42  -69  0
-49  6  65  0
15  36  -67  0
-62  33  39  0
75  -68  -3  0
-8  -31  20  0
38  60  -48  0
-57  -60  62  0
10  -19  29  0
45  52  25  0
-16  -68  -5  0
-7  -25  -44  0
-67  17  -50  0
-23  15  -61  0
47  41  13  0
55  -39  54  0
75  45  -49  0
-53  -65  22  0
49  48  69  0
-30  45  62  0
-32  38  14  0
-38  44  57  0
-37  -48  -10  0
30  -72  -55  0
11  -26  -58  0
13  -67  -76  0
47  69  -21  0
-52  58  -73  0
-23  49  -16  0
76  -16  46  0
71  -76  -44  0
-76  -62  -77  0
-67  -34  74  0
73  -12  -38  0
-34  -78  48  0
43  23  24  0
21  56  28  0
51  63  -25  0
-45  73  -9  0
14  -64  22  0
-31  -14  -29  0
2  -31  40  0
-20  1  -7  0
-66  5  -12  0
2  -77  8  0
-13  -8  -59  0
44  14  -68  0
-45  -6  18  0
58  -4  -65  0
-61  -59  -10  0
-21  1  -60  0
-21  29  31  0
-2  32  -76  0
44  36  -78  0
48  67  39  0
-1  -71  54  0
70  30  7  0
-43  14  80  0
-19  77  -46  0
-67  -3  12  0
15  -71  33  0
40  64  -77  0
-2  38  14  0
42  46  -49  0
-50  -6  26  0
-65  54  -4  0
41  -49  70  0
-47  22  -34  0
29  56  57  0
-56  -2  75  0
-42  -60  -22  0
-30  -26  40  0
66  -25  21  0
38  -69  10  0
25  20  55  0
-54  -74  -40  0
-10  -55  5  0
3  -41  13  0
72  26  24  0
-80  -64  66  0
-58  -78  -71  0
80  65  19  0
67  -70  -16  0
53  42  38  0
-2  -67  -57  0
-78  79  67  0
33  29  -34  0
-63  -45  23  0
-34  27  -76  0
-62  43  59  0
-73  24  -7  0
63  -62  -38  0
30  76  20  0
8  -10  -37  0
-16  -31  -22  0
-45  -43  16  0
-9  -14  1  0
34  -47  75  0
-49  -9  39  0
30  -37  72  0
-35  -37  -28  0
-47  -19  -57  0
30  -39  57  0
33  -9  71  0
72  -61  26  0
71  -21  55  0
-80  -47  -44  0
31  74  34  0
16  32  17  0
60  -44  -17  0
-55  13  -62  0
-47  46  63  0
-53  35  67  0
-27  20  53  0
-27  -6  -29  0
60  29  45  0
-14  -29  -15  0
2  18  50  0
-73  -23  -59  0
-29  -47  17  0
40  70  -71  0
24  59  -25  0
-18  38  -57  0
-79  -3  48  0
32  -37  25  0
-77  22  68  0
55  65  11  0
76  -30  -36  0
23  -62  -35  0
-75  36  -73  0
-59  -40  -8  0
-1  78  7  0
-68  67  -31  0
-38  -13  80  0
50  72  32  0
72  15  1  0
18  -80  -64  0
53  -39  51  0
-23  33  14  0
-63  32  -11  0
-20  -8  5  0
74  42  -76  0
-78  37  -75  0
-72  77  70  0
-24  48  72  0
68  -12  44  0
19  63  -30  0
-14  -26  -54  0
21  13  -7  0
13  4  72  0
64  -77  7  0
53  36  52  0
18  -13  22  0
13  -52  49  0
61  6  56  0
-66  -58  -70  0
6  -59  -36  0
-18  29  27  0
-1  10  -35  0
-11  -67  -77  0
62  3  26  0
36  71  -9  0
-50  -29  57  0
-74  -64  5  0
58  -16  20  0
47  -4  -32  0
14  -20  54  0
23  52  -37  0
33  -7  -6  0
-8  14  80  0
-28  -55  51  0
22  -13  52  0
42  -11  -36  0
11  -75  -4  0
-59  -79  -73  0
-54  50  -14  0
61  58  34  0
15  28  16  0
13  68  9  0
-10  -60  65  0
-48  4  -79  0
-49  -36  25  0
-50  45  -46  0
52  -39  -70  0
-16  -59  -9  0
29  -53  -15  0
16  79  -32  0
-54  45  59  0
61  -54  70  0
-49  18  22  0
-73  38  50  0
51  -74  39  0
-2  33  -45  0
29  67  -37  0
-45  -78  -6  0
-35  63  -55  0
7  -5  -22  0
-32  46  10  0
45  -59  77  0
23  64  3  0
66  57  -5  0
-63  -50  -59  0
-12  25  -24  0
-61  -28  -36  0
-59  55  3  0
33  -69  -16  0
-12  -30  -37  0
-14  3  66  0
-11  64  25  0
8  11  -46  0
-66  -35  -77  0
46  40  -61  0
-76  -32  -40  0
-55  -63  -10  0
-25  -17  66  0
-43  -28  78  0
76  80  -13  0
-56  -55  57  0
-78  20  -66  0
56  -43  -33  0
22  -45  6  0
24  -66  41  0
-44  -4  -40  0
-57  80  49  0
69  -56  61  0
-49  1  -77  0
58  -62  53  0
23  -37  18  0
-30  54  -10  0
-62  1  -79  0
-3  65  41  0
-2  58  -56  0
-53  27  -9  0
-67  -39  73  0
71  -50  4  0
-46  44  -76  0
77  41  -71  0
-2  -9  6  0
10  14  -7  0
32  35  -18  0
-42  10  -14  0
55  16  75  0
-27  11  -78  0
66  -50  46  0
-64  -50  -38  0
42  37  64  0
-75  6  4  0
48  57  -26  0
46  -77  -35  0
-73  -52  -45  0
-62  -74  5  0
-36  25  -60  0
-76  -7  44  0
4  55  25  0
52  -76  -61  0
50  -6  74  0
-21  54  -13  0
-40  26  -19  0
4  -55  -79  0
53  75  36  0
51  -34  13  0
11  -62  -71  0
-37  39  -70  0
