c mkcnf random cnf with seed 435534, max clause length 3
c FORCED SATISFIABLE
c 
p cnf 80  344
-30  -26  55  0
-78  -67  -30  0
-3  -36  13  0
-80  45  30  0
5  -67  -10  0
-36  -39  76  0
-67  37  44  0
21  57  56  0
-56  62  -51  0
-24  73  -42  0
-54  -66  -19  0
32  -17  -8  0
58  68  -16  0
-14  75  -49  0
17  2  -10  0
-26  -65  36  0
75  9  79  0
-51  -13  4  0
-27  73  -77  0
40  4  -18  0
21  -14  56  0
18  76  26  0
26  5  -53  0
-21  68  13  0
45  19  25  0
37  -41  12  0
-50  38  27  0
-37  29  -71  0
79  -60  -10  0
-69  59  50  0
-39  23  -46  0
-47  -24  -1  0
-29  22  -13  0
-43  -34  21  0
-35  9  -77  0
50  39  -41  0
-38  -77  -55  0
62  67  -10  0
-23  -38  13  0
-62  -23  32  0
-65  12  74  0
-42  1  63  0
18  1  -12  0
-36  20  -29  0
-72  74  -71  0
-16  42  54  0
35  37  21  0
32  77  11  0
-41  -38  -24  0
48  -1  -44  0
19  -27  -43  0
-40  44  20  0
13  -38  27  0
60  -5  -68  0
68  -47  41  0
-73  8  28  0
-5  -68  15  0
49  -73  61  0
-50  11  15  0
78  -39  50  0
58  -47  -12  0
50  -2  -11  0
-71  -39  54  0
59  41  -65  0
31  42  -74  0
44  -39  32  0
-40  76  23  0
36  26  51  0
-30  -60  37  0
80  -65  -55  0
17  56  -22  0
50  -66  -52  0
-27  -38  -17  0
-30  -65  -64  0
28  22  -25  0
3  -48  -6  0
-51  32  42  0
11  -60  -33  0
-33  -38  -8  0
20  -50  56  0
-30  -47  26  0
-57  -15  27  0
-19  -16  37  0
21  63  -40  0
-45  -8  -10  0
16  -38  -37  0
-58  -31  20  0
4  13  29  0
-78  47  44  0
-51  -18  3  0
5  66  48  0
60  36  -30  0
-64  -41  -34  0
-37  61  1  0
16  46  47  0
45  65  -32  0
-33  14  -43  0
36  -69  -34  0
-78  -56  76  0
-45  40  -24  0
-74  16  -10  0
-65  20  -56  0
-57  1  41  0
69  38  72  0
75  45  78  0
69  1  -21  0
-31  63  12  0
34  -48  -11  0
-22  25  -8  0
-22  65  -20  0
79  50  -38  0
52  55  -2  0
64  68  -34  0
-32  30  48  0
-9  42  37  0
-22  -79  18  0
-16  57  80  0
-12  -27  -57  0
40  28  4  0
44  26  2  0
75  55  67  0
-1  56  46  0
-4  61  -33  0
69  -41  48  0
-66  -68  53  0
26  -71  -9  0
65  -49  -60  0
19  12  -76  0
73  -20  34  0
-17  70  -72  0
2  44  -37  0
-51  42  52  0
13  56  71  0
26  -23  68  0
-51  57  1  0
-14  -33  3  0
-26  37  75  0
11  -27  -64  0
36  5  10  0
36  -52  4  0
30  61  -58  0
16  69  78  0
12  49  -41  0
-61  39  21  0
-20  -30  -40  0
-11  36  65  0
38  -54  8  0
-24  19  -50  0
-40  -48  -9  0
-75  50  21  0
-10  -77  68  0
49  62  -21  0
-73  -65  -26  0
-37  -40  -52  0
-38  -66  -23  0
65  13  -43  0
63  24  -51  0
-30  7  -64  0
7  60  -23  0
30  -29  32  0
-73  -51  60  0
78  -36  -70  0
63  -60  -62  0
-5  -50  -21  0
-6  -62  -24  0
3  -13  58  0
15  76  52  0
16  58  32  0
73  46  21  0
19  -62  -23  0
-60  -52  -1  0
-36  -4  -20  0
-33  23  10  0
-22  37  -4  0
-66  62  65  0
-46  -28  10  0
-53  18  32  0
63  27  74  0
-31  -26  11  0
76  -22  -21  0
-30  32  -62  0
21  -34  26  0
75  29  -31  0
-59  -50  66  0
75  45  -56  0
-56  61  -18  0
-75  65  17  0
-50  64  -21  0
-21  -41  -70  0
-77  -42  26  0
10  73  -40  0
-36  11  15  0
-80  -23  4  0
-49  9  34  0
-39  -76  -74  0
-65  -28  4  0
-30  46  -39  0
24  22  2  0
58  51  1  0
-34  -76  -21  0
-41  40  69  0
-47  68  43  0
-78  41  64  0
-54  68  25  0
-14  9  -36  0
27  62  -57  0
-10  -47  -63  0
56  45  20  0
65  27  31  0
-73  -60  -64  0
-39  51  16  0
-39  -35  21  0
-33  47  -79  0
-48  -79  -75  0
-26  30  42  0
22  -53  3  0
-5  -26  56  0
-77  -75  -74  0
-22  -6  80  0
42  -25  -70  0
5  -75  -72  0
38  -21  -16  0
-71  27  66  0
32  28  21  0
-43  -1  -80  0
1  -11  32  0
24  49  -55  0
80  73  63  0
69  27  11  0
75  17  76  0
-5  -67  50  0
-34  -15  -77  0
37  -34  61  0
-7  62  4  0
-59  -24  25  0
-54  -80  -75  0
-30  -46  11  0
80  61  -77  0
41  44  -61  0
-8  -45  -59  0
9  25  -80  0
-8  -70  32  0
16  33  -74  0
13  11  64  0
-7  -47  74  0
6  61  -33  0
23  -46  63  0
-23  13  -47  0
-76  21  43  0
-47  66  -77  0
-4  16  25  0
33  -6  16  0
75  54  66  0
-15  31  78  0
-36  41  -26  0
17  -51  75  0
19  -6  -61  0
-7  25  9  0
-57  -46  -5  0
-35  59  -70  0
-52  -45  76  0
12  -43  30  0
-37  64  -70  0
-12  27  -74  0
-39  32  54  0
-72  16  -38  0
-32  -73  52  0
-50  -21  -68  0
-49  -48  -63  0
-54  -77  20  0
-16  74  58  0
69  -19  -30  0
19  -3  -80  0
-74  25  -70  0
-3  46  -73  0
-52  -59  5  0
47  17  -69  0
-33  -21  46  0
-69  -28  -57  0
-40  13  -62  0
80  61  71  0
49  65  -38  0
-75  15  -6  0
74  -27  -77  0
-8  70  37  0
15  -52  18  0
41  -18  -60  0
-26  -51  70  0
30  -8  -3  0
41  -26  -69  0
53  -2  -69  0
16  -45  33  0
-70  76  -65  0
69  -45  3  0
21  9  -39  0
51  59  61  0
33  11  -50  0
72  -50  -52  0
69  -2  77  0
70  55  18  0
-19  -79  65  0
55  21  36  0
11  -42  76  0
-31  -1  -68  0
4  -15  -13  0
44  -10  -56  0
30  -44  -65  0
-24  49  2  0
-72  12  -70  0
75  3  -16  0
36  -43  46  0
-20  78  -62  0
-30  -54  -57  0
-78  17  -64  0
-47  40  -12  0
-32  38  -45  0
-52  -19  78  0
12  -44  75  0
-41  -35  78  0
-17  -9  72  0
26  20  42  0
-42  -31  -6  0
-42  49  10  0
-3  55  34  0
18  41  -22  0
15  -11  -72  0
-38  12  20  0
-40  6  -34  0
52  65  36  0
-76  -2  5  0
-80  40  -64  0
-72  80  41  0
40  -3  22  0
46  -19  -77  0
-73  31  -59  0
74  35  3  0
-46  -51  39  0
8  21  51  0
46  -19  54  0
-11  48  -45  0
-40  69  -79  0
-35  20  24  0
-60  78  -8  0
-15  -23  75  0
