c mkcnf random cnf with seed 435499, max clause length 3
c FORCED SATISFIABLE
c 
p cnf 80  344
-36  -29  -52  0
76  -9  -22  0
-70  -3  -25  0
15  30  -64  0
72  38  -62  0
-54  -47  -60  0
-66  -38  39  0
58  50  71  0
29  56  71  0
71  6  -64  0
-16  -5  55  0
-31  -45  -78  0
-69  -38  -59  0
-68  -19  53  0
-65  26  -27  0
4  33  -15  0
33  71  -65  0
62  -80  22  0
-6  -40  41  0
16  2  -65  0
-5  -40  -22  0
28  -73  15  0
49  29  41  0
69  -27  42  0
41  5  -27  0
80  30  -20  0
79  -53  -21  0
42  -71  37  0
18  6  -69  0
-68  67  -14  0
56  28  -18  0
52  -28  -25  0
71  26  16  0
-58  -9  -2  0
15  -78  80  0
46  -37  47  0
-66  29  -4  0
-44  4  59  0
-44  35  -5  0
73  2  24  0
-8  -12  -68  0
17  -53  -8  0
24  68  17  0
70  48  58  0
-12  48  -76  0
70  -32  3  0
-12  32  -2  0
62  73  -58  0
11  29  7  0
58  17  -20  0
-29  -25  45  0
-10  57  21  0
-4  36  68  0
50  71  -37  0
26  31  24  0
-21  30  71  0
-28  -60  -64  0
73  -41  -59  0
14  -66  -68  0
43  75  57  0
72  11  -40  0
-4  -1  24  0
77  63  46  0
76  -27  -55  0
59  54  -32  0
-18  80  13  0
24  -14  -65  0
-8  -33  -21  0
-19  -44  26  0
-55  49  72  0
45  -79  -72  0
-20  -28  46  0
72  -78  37  0
14  42  56  0
-51  43  -48  0
41  49  -35  0
79  30  -69  0
-45  -56  54  0
28  -75  -34  0
-4  15  50  0
-27  57  -14  0
3  33  7  0
-30  -17  -9  0
-56  -39  -63  0
13  17  -27  0
27  -38  70  0
30  -4  62  0
65  -53  5  0
-52  2  -33  0
-74  34  66  0
-1  -69  -26  0
-26  50  -37  0
28  -10  -4  0
-46  -52  68  0
18  36  -23  0
39  -7  -17  0
51  -8  52  0
-16  8  58  0
5  -19  -56  0
-15  32  -11  0
51  -19  -62  0
46  -72  64  0
-37  60  -26  0
-68  -39  12  0
-4  44  5  0
-38  -36  79  0
31  -72  -29  0
-48  35  -6  0
17  30  -42  0
-43  -44  10  0
-32  -55  34  0
-22  10  -5  0
18  -1  8  0
-21  -77  -64  0
-46  -21  -12  0
10  -49  -46  0
-28  41  -8  0
-50  -3  -1  0
48  68  -22  0
4  -45  30  0
46  -15  -62  0
35  72  45  0
-79  -36  -71  0
65  -64  -43  0
40  -26  15  0
50  66  41  0
-61  -44  -35  0
63  25  71  0
17  -15  70  0
-74  5  -36  0
73  -51  -5  0
18  -25  71  0
14  60  -35  0
-52  -18  -42  0
-65  -46  -61  0
25  18  -12  0
58  -7  -48  0
66  53  -71  0
-76  49  3  0
-80  74  61  0
-70  -71  -73  0
40  61  41  0
-28  80  20  0
-51  -13  -56  0
-76  -42  -80  0
7  -45  -79  0
-1  43  -5  0
-67  53  -69  0
-49  -28  -55  0
-31  -58  54  0
47  -63  24  0
-9  45  38  0
-38  40  -4  0
-25  -55  -45  0
-60  -55  20  0
-1  -6  -62  0
70  37  -27  0
65  45  54  0
-31  -69  51  0
-33  78  16  0
-78  -68  -18  0
52  -1  -15  0
76  -2  9  0
22  -78  -79  0
36  -73  38  0
32  44  70  0
-6  9  38  0
-54  73  37  0
-38  -47  -24  0
-34  16  31  0
-18  -72  -80  0
-67  -64  -12  0
-27  37  62  0
44  34  -29  0
75  -40  -64  0
-2  46  -54  0
-61  68  40  0
47  52  2  0
-73  30  51  0
65  69  42  0
-6  29  -17  0
55  -79  63  0
7  -46  -33  0
36  5  -64  0
-76  31  -5  0
-67  -63  -66  0
-54  -8  -3  0
57  -79  22  0
10  -30  47  0
-21  -57  20  0
59  -58  30  0
7  -78  53  0
64  -68  63  0
44  6  -12  0
6  74  23  0
67  -31  19  0
15  21  -13  0
-19  -62  -65  0
-39  -36  48  0
-59  10  -50  0
33  -15  31  0
-5  -68  42  0
-54  76  7  0
-17  39  53  0
1  20  5  0
-41  4  46  0
-34  63  11  0
-49  23  -34  0
-42  67  26  0
-13  38  23  0
-47  -24  -17  0
63  -34  75  0
34  -60  55  0
-3  80  47  0
23  -7  -43  0
22  -14  -1  0
-35  -54  1  0
45  1  37  0
-21  -6  44  0
67  -66  -78  0
-49  76  -57  0
-43  38  30  0
38  -11  -22  0
-63  -22  -74  0
26  78  65  0
-38  -13  -62  0
73  50  21  0
-65  -76  -28  0
-9  80  -65  0
-40  -33  22  0
-44  -42  5  0
63  30  10  0
-67  45  -18  0
-12  -77  57  0
-4  25  80  0
-25  -71  -23  0
34  -29  69  0
-71  22  -13  0
-57  48  7  0
-44  53  -35  0
-14  30  46  0
-55  44  9  0
1  9  -27  0
72  50  -21  0
71  -43  52  0
48  46  -2  0
-72  51  -46  0
8  39  80  0
39  -55  78  0
23  14  -33  0
-24  -4  -42  0
53  37  -77  0
63  18  -66  0
-70  55  37  0
30  -41  -62  0
-24  64  50  0
15  -61  68  0
34  66  -67  0
54  -61  60  0
74  -78  -50  0
13  63  11  0
-57  4  -70  0
39  -69  29  0
38  -46  6  0
57  -46  -80  0
-7  -80  44  0
5  23  10  0
58  -67  -48  0
-65  7  -53  0
10  -30  9  0
78  -24  29  0
-57  18  48  0
61  -68  -34  0
35  11  4  0
-47  24  38  0
-7  57  46  0
2  -29  77  0
16  -13  -29  0
56  -70  -53  0
9  54  25  0
-13  -8  61  0
7  -37  33  0
33  -74  -41  0
64  -75  77  0
-76  11  -32  0
14  -72  -34  0
40  -24  -48  0
33  68  -13  0
-6  -36  -48  0
71  -25  6  0
-63  47  19  0
-1  -4  27  0
-56  34  68  0
-80  51  70  0
48  73  -67  0
-73  36  53  0
79  19  61  0
-48  -49  -51  0
9  51  -69  0
30  51  22  0
10  9  -55  0
-15  75  -36  0
-66  -52  63  0
29  26  -68  0
-42  -61  13  0
42  25  14  0
50  -80  41  0
18  -44  -52  0
-26  43  76  0
-41  19  64  0
62  3  22  0
35  55  -52  0
4  39  6  0
48  65  -61  0
72  -79  32  0
-36  4  -71  0
14  44  -57  0
12  8  -44  0
-56  55  51  0
-11  31  53  0
3  72  66  0
-29  -16  -73  0
-48  -38  65  0
-29  35  24  0
-34  68  14  0
57  -12  19  0
-22  38  -26  0
-52  62  -31  0
11  -58  23  0
-62  -79  -57  0
70  -65  -53  0
6  -62  -40  0
45  -27  38  0
-39  -41  25  0
-37  38  69  0
-45  2  6  0
31  21  -65  0
-13  -14  53  0
-14  77  -3  0
-33  -25  75  0
-27  18  -60  0
55  -39  -56  0
27  -39  50  0
66  39  65  0
