c mkcnf random cnf with seed 435538, max clause length 3
c FORCED SATISFIABLE
c 
p cnf 80  344
2  -65  -32  0
73  26  78  0
79  -58  13  0
52  72  1  0
-62  55  -66  0
20  34  50  0
56  79  36  0
-49  59  -17  0
-80  -30  -28  0
-18  -22  12  0
80  73  70  0
-46  21  71  0
60  -7  56  0
34  73  -5  0
-9  -36  -54  0
-29  33  66  0
-61  67  -13  0
16  -25  19  0
-78  -36  1  0
27  -43  26  0
39  -6  36  0
4  -73  51  0
-31  72  64  0
20  79  14  0
-29  62  -67  0
-20  -64  43  0
-1  -24  11  0
78  -56  34  0
44  61  20  0
51  55  75  0
-13  -5  53  0
-71  -60  30  0
2  -70  56  0
74  -77  55  0
-47  21  -17  0
-4  -45  59  0
19  9  -38  0
-31  25  43  0
-10  -29  -28  0
50  -51  -20  0
10  -26  25  0
-58  -42  9  0
67  -46  57  0
-45  -73  -12  0
14  -35  -6  0
-40  -13  17  0
-72  -41  55  0
-50  25  22  0
33  16  -49  0
-7  36  46  0
-49  -79  -13  0
74  38  27  0
52  34  22  0
-17  55  -64  0
51  -21  44  0
-69  -48  -46  0
-13  69  27  0
9  -16  65  0
-2  63  60  0
-21  -14  -60  0
-45  14  -61  0
34  38  5  0
10  -79  -40  0
71  55  -66  0
22  -38  -44  0
-43  -76  -68  0
23  15  -58  0
-8  42  -38  0
-60  -19  72  0
-18  28  -10  0
-73  49  -23  0
-60  51  -64  0
69  45  -27  0
77  -58  -32  0
10  -43  42  0
-59  -19  -22  0
11  24  -41  0
-52  24  27  0
61  -37  -67  0
-25  38  46  0
62  -23  -20  0
-18  1  -5  0
75  18  38  0
-30  64  -15  0
-26  70  18  0
46  51  80  0
-8  63  -13  0
-49  40  -27  0
-67  11  -79  0
-37  74  65  0
-23  -46  80  0
63  -47  19  0
-79  -38  -55  0
-5  -6  -10  0
40  -53  -12  0
54  30  77  0
25  -20  52  0
7  -46  -44  0
-7  19  67  0
-57  70  48  0
-55  31  -21  0
-3  46  -33  0
19  -26  80  0
23  -56  -6  0
66  -50  -16  0
-38  80  20  0
62  -25  -35  0
-75  28  52  0
78  60  -36  0
79  7  -64  0
1  -56  -14  0
59  -39  49  0
-63  -51  13  0
-56  34  -37  0
-68  62  -74  0
26  -25  -6  0
-6  -4  33  0
-32  30  79  0
7  -68  -2  0
21  31  25  0
64  -32  -8  0
10  -43  -59  0
74  -71  60  0
-20  -45  58  0
48  -60  58  0
-45  54  -29  0
-66  69  25  0
-61  -15  49  0
52  -8  -19  0
-31  -33  44  0
-32  48  -27  0
-22  -51  -64  0
-15  30  -46  0
-73  -60  78  0
52  75  -23  0
-11  73  38  0
-11  -63  -36  0
29  75  -38  0
-77  -51  -46  0
12  -37  70  0
-52  -16  -10  0
-55  -22  42  0
61  32  60  0
69  31  46  0
44  75  -59  0
54  17  -26  0
-40  49  36  0
-46  -35  39  0
72  5  25  0
31  -63  -57  0
-44  -17  -43  0
68  70  -18  0
-53  66  -25  0
-12  2  5  0
8  -74  -26  0
43  -67  -20  0
-28  2  53  0
64  67  63  0
77  -71  -65  0
77  58  -74  0
-69  -30  -77  0
37  -77  -80  0
-18  -28  61  0
-2  53  -11  0
14  -40  19  0
11  -30  9  0
62  40  61  0
-18  39  40  0
-32  19  76  0
-24  -31  -50  0
-58  53  -76  0
-20  -72  65  0
2  -74  -21  0
23  -79  -4  0
-62  8  -11  0
-11  32  57  0
78  -12  18  0
74  -45  -75  0
35  28  55  0
-7  -9  44  0
-42  -40  -11  0
-42  40  4  0
-5  73  -63  0
-35  2  4  0
67  -23  -3  0
17  29  -33  0
-52  -35  30  0
-28  -6  -25  0
52  -75  -78  0
35  -12  -52  0
21  5  -46  0
30  50  -42  0
-45  -62  -64  0
63  13  -29  0
58  -64  -61  0
70  78  -28  0
-48  68  24  0
-46  12  -14  0
-12  21  -68  0
-43  33  -78  0
79  -4  -16  0
-46  -37  -62  0
-54  -49  -2  0
72  15  -38  0
71  -5  33  0
18  -4  21  0
-47  -68  -77  0
-15  28  -41  0
-9  -58  -15  0
-50  16  49  0
-73  1  5  0
-21  12  34  0
79  10  -56  0
-59  -57  70  0
-48  27  -41  0
40  -31  -44  0
-69  -22  -27  0
2  -12  -31  0
-68  -24  -42  0
72  -30  -46  0
60  -31  -28  0
74  34  -13  0
-13  -14  -72  0
-20  29  -75  0
29  5  -74  0
19  -32  60  0
-4  58  -39  0
-46  40  28  0
-5  -50  -44  0
64  34  -2  0
71  6  24  0
-54  -4  -21  0
80  11  -1  0
4  -14  -13  0
-10  -43  7  0
34  44  15  0
-64  -42  -20  0
32  77  50  0
-45  -34  60  0
18  34  -64  0
29  39  -60  0
-3  67  -45  0
-66  -63  -28  0
-67  -73  -32  0
8  -42  -72  0
-77  -74  5  0
36  31  4  0
-13  33  -3  0
-15  10  -58  0
-17  -35  42  0
47  -14  32  0
78  7  46  0
-3  42  -21  0
-70  -78  -8  0
-65  33  45  0
79  -13  45  0
78  21  -62  0
-17  -8  19  0
-24  -26  58  0
-15  54  45  0
-68  -69  71  0
-28  -15  -9  0
73  12  75  0
-13  55  57  0
4  43  8  0
-4  -7  8  0
47  49  -20  0
-44  14  26  0
-72  -63  67  0
-67  44  -2  0
28  65  -8  0
68  47  27  0
15  28  47  0
22  -36  -80  0
-42  -24  37  0
-9  -69  -10  0
74  72  73  0
-67  -64  -34  0
-16  -63  -4  0
-26  -73  5  0
24  -41  17  0
77  -37  -41  0
15  -22  -29  0
-55  -44  37  0
-37  38  33  0
-22  -31  -23  0
18  51  -1  0
-45  35  56  0
1  -49  -76  0
20  -47  -5  0
39  72  80  0
59  -67  -70  0
-2  39  51  0
-67  12  -25  0
-65  70  -55  0
-15  48  12  0
-4  -6  45  0
49  -29  61  0
16  -62  18  0
68  9  57  0
23  37  63  0
37  20  14  0
35  -63  33  0
-26  12  2  0
57  14  80  0
64  60  -52  0
-61  15  76  0
5  36  25  0
11  -57  -2  0
-28  29  -62  0
-62  42  -18  0
43  -68  -57  0
-65  46  -12  0
-56  -71  -58  0
28  -8  -66  0
14  7  -25  0
10  -3  8  0
40  -7  34  0
-78  -37  39  0
14  -77  18  0
76  -73  14  0
-28  -3  54  0
10  71  -59  0
38  -3  -9  0
21  49  -48  0
51  74  -36  0
-72  -53  -45  0
76  77  -75  0
1  52  38  0
63  -7  -72  0
-63  11  -70  0
-21  -40  -71  0
23  77  -59  0
77  -35  -53  0
-49  -43  -38  0
31  -10  -7  0
-64  -18  -43  0
61  78  -19  0
-41  65  42  0
45  56  -41  0
-4  50  27  0
6  -64  37  0
-33  -3  39  0
29  74  16  0
