c mkcnf random cnf with seed 435507, max clause length 3
c FORCED SATISFIABLE
c 
p cnf 80  344
-60  26  -7  0
-66  22  -6  0
-16  -57  67  0
-9  7  15  0
-3  52  -5  0
59  29  27  0
-11  76  24  0
-50  68  -59  0
11  18  38  0
-45  -57  24  0
27  -34  -47  0
-71  46  -76  0
53  3  -19  0
58  -23  21  0
10  -48  53  0
2  -30  8  0
28  -4  34  0
18  13  -75  0
-12  -57  69  0
-13  -55  -27  0
68  69  22  0
19  52  22  0
-35  -8  2  0
-16  -66  -11  0
6  -30  -19  0
7  73  24  0
-74  48  35  0
36  20  -24  0
68  43  -29  0
-73  57  44  0
-6  -67  -26  0
6  -44  25  0
76  -13  -5  0
-46  -62  75  0
-8  21  1  0
58  -13  25  0
33  34  -31  0
65  -25  -12  0
-28  -42  -49  0
30  13  49  0
-67  -47  -30  0
-34  75  -33  0
-80  51  1  0
-57  -78  -1  0
-77  -73  35  0
-40  67  -18  0
-75  21  67  0
-28  -8  74  0
-47  54  75  0
21  -16  37  0
53  -41  3  0
64  -41  70  0
61  4  -16  0
-46  26  -60  0
-64  10  -15  0
11  -6  -54  0
59  -11  -78  0
27  -45  -77  0
6  42  72  0
77  -31  69  0
-5  8  -59  0
47  -76  -20  0
57  15  -45  0
-27  20  -17  0
-44  71  27  0
46  -47  19  0
51  16  -68  0
-22  -40  19  0
-47  -57  3  0
-44  13  -25  0
25  -18  26  0
24  70  14  0
50  -59  -49  0
-43  -64  -17  0
-53  -77  38  0
41  65  58  0
73  -18  12  0
67  74  34  0
33  4  18  0
14  55  -17  0
-10  35  67  0
-30  -46  79  0
80  13  17  0
-4  -58  63  0
33  -2  -79  0
34  -63  -10  0
-18  -65  67  0
27  -80  -5  0
41  -73  -58  0
45  -27  38  0
38  55  -44  0
73  -80  74  0
54  -44  -9  0
43  22  78  0
-44  -15  -78  0
-55  15  47  0
69  -4  -55  0
76  -44  1  0
-31  -8  28  0
-20  26  72  0
49  20  -76  0
70  26  -61  0
58  68  -73  0
-30  77  74  0
32  67  4  0
54  -62  15  0
-1  -35  -63  0
-45  23  59  0
-31  21  20  0
63  37  38  0
40  67  -71  0
-30  27  -76  0
-28  68  14  0
-26  7  12  0
-38  -66  -63  0
-77  -2  11  0
4  -6  56  0
-77  53  -25  0
51  55  40  0
18  19  -14  0
-71  60  -55  0
-45  -61  -2  0
-22  -26  72  0
48  46  -7  0
-17  -5  -39  0
14  35  41  0
26  -9  -10  0
21  -38  50  0
36  16  -38  0
-63  14  -24  0
-17  27  -77  0
-37  8  10  0
-60  41  -71  0
-46  78  -53  0
-51  -13  -11  0
-52  25  2  0
61  8  -42  0
29  -26  -35  0
-61  38  -2  0
41  -70  18  0
32  -51  48  0
78  1  54  0
15  -13  -6  0
-8  50  59  0
-27  -38  -78  0
-23  75  -50  0
-36  -47  32  0
-55  35  -70  0
-20  54  -79  0
-9  -27  66  0
48  19  54  0
-52  35  66  0
-65  -10  -52  0
80  71  -62  0
-64  45  -12  0
55  -69  -20  0
-47  -6  -63  0
44  40  43  0
-35  73  5  0
11  20  54  0
-12  -80  -21  0
-54  70  63  0
76  -8  -78  0
76  19  -53  0
-44  72  -11  0
60  -75  -80  0
25  -52  -3  0
36  10  12  0
-63  -1  -25  0
72  -3  -58  0
26  8  -28  0
23  -55  67  0
65  12  48  0
-80  76  21  0
-29  -48  -11  0
57  12  17  0
26  61  -7  0
-38  66  43  0
5  -23  -79  0
-64  80  -72  0
-54  -56  24  0
-48  -63  69  0
49  -34  -68  0
-79  56  63  0
33  67  74  0
-80  54  63  0
75  -12  42  0
-67  -50  66  0
-43  60  63  0
77  52  63  0
-13  -70  41  0
-56  -80  61  0
51  65  -10  0
-11  -3  59  0
58  31  27  0
67  -68  79  0
21  75  -58  0
68  56  -36  0
-41  -71  -3  0
53  54  37  0
32  19  16  0
-76  48  -15  0
11  -49  -24  0
70  36  45  0
-73  -31  -68  0
-28  51  -47  0
11  -76  78  0
4  56  10  0
-78  -17  45  0
-67  -47  -3  0
-5  -29  50  0
78  -39  -33  0
-65  -64  42  0
48  -63  -47  0
5  -55  24  0
45  -33  -34  0
-46  39  -13  0
-16  -7  -54  0
33  42  -55  0
-10  -18  -78  0
10  11  27  0
27  14  63  0
58  -33  -5  0
12  -55  -30  0
-41  -24  -66  0
57  -26  -4  0
-50  59  24  0
53  -58  -44  0
77  -1  -38  0
64  -29  30  0
-56  78  26  0
-28  -46  3  0
-11  -64  -23  0
24  -80  -49  0
-58  51  16  0
66  -41  -5  0
7  -5  13  0
-35  -69  79  0
-75  38  21  0
5  -66  29  0
3  37  -1  0
48  40  -68  0
-26  -52  -20  0
-48  -18  79  0
55  -35  39  0
-53  -4  62  0
78  -5  69  0
-29  -11  47  0
5  -1  -37  0
23  28  -21  0
-54  50  -62  0
52  37  -41  0
70  67  -29  0
59  38  -79  0
13  32  -15  0
-9  -19  -24  0
-44  -7  80  0
-50  -24  -48  0
16  67  -10  0
-33  58  -65  0
-68  2  -12  0
-13  -46  77  0
-16  22  5  0
-48  68  66  0
-56  60  5  0
-59  -30  13  0
74  4  32  0
77  -34  79  0
-54  22  60  0
77  -32  47  0
32  53  -70  0
-10  75  -28  0
-68  -72  17  0
-44  -16  -39  0
-35  13  9  0
-56  70  13  0
11  -13  5  0
-34  24  -39  0
-8  79  -53  0
4  -67  8  0
-29  -23  80  0
-58  -77  7  0
6  2  -26  0
23  -37  15  0
-60  -69  56  0
-31  59  28  0
26  64  39  0
-63  -8  62  0
-45  -80  51  0
-26  -42  68  0
-10  -37  -6  0
28  43  -62  0
-74  20  -13  0
-9  56  -12  0
-40  57  34  0
-54  67  60  0
-15  -35  -63  0
-51  56  -12  0
-45  75  -23  0
-35  -36  -2  0
5  -3  -40  0
-58  -49  55  0
-73  -4  36  0
-14  -21  -39  0
72  41  -47  0
-28  34  -54  0
64  -8  -77  0
49  12  65  0
-2  73  80  0
25  58  12  0
9  -23  39  0
12  47  30  0
-7  -41  42  0
62  20  -4  0
41  -62  -60  0
-22  -58  6  0
4  -49  -60  0
47  -1  -67  0
-19  27  -61  0
24  -27  -23  0
-76  23  -18  0
-36  77  -25  0
-19  -12  -51  0
-59  6  30  0
-13  -1  -31  0
47  -24  25  0
-54  -29  45  0
64  2  -50  0
-34  78  15  0
68  -12  -46  0
-71  -69  -23  0
57  -47  68  0
77  3  -80  0
-27  -62  -4  0
35  -27  33  0
24  -50  5  0
-27  -76  -42  0
29  69  28  0
-5  -43  61  0
33  31  -17  0
-13  64  -63  0
38  -49  -30  0
-77  -42  62  0
-12  -29  -37  0
