c mkcnf random cnf with seed 435579, max clause length 3
c FORCED SATISFIABLE
c 
p cnf 80  344
34  80  -1  0
-52  -45  -25  0
39  -20  -63  0
-60  31  -51  0
-13  -14  56  0
-77  -32  52  0
-78  -40  67  0
36  2  -42  0
-32  -35  67  0
49  -80  78  0
-24  -45  -57  0
-1  -20  58  0
16  7  -35  0
-53  41  45  0
36  -8  29  0
70  -69  47  0
-31  74  -80  0
-10  70  76  0
37  -70  69  0
-3  -1  -46  0
-60  -28  -27  0
-37  -68  -17  0
-70  52  3  0
-53  -12  -29  0
-54  -15  11  0
-4  34  21  0
4  42  22  0
-43  78  77  0
-54  -76  -46  0
-49  63  23  0
-33  -66  10  0
-53  47  -62  0
-46  -74  -21  0
62  44  20  0
-54  14  -29  0
-72  -6  64  0
-15  -17  47  0
-45  34  60  0
-14  -38  80  0
-27  -67  24  0
-33  -48  -8  0
-37  78  -47  0
2  -59  -41  0
-30  51  -37  0
-70  3  -15  0
-21  -56  -80  0
36  -3  -14  0
-67  54  53  0
-48  34  33  0
-53  -46  -70  0
58  -20  -24  0
-78  7  22  0
6  -55  17  0
-31  37  39  0
-19  -16  -56  0
-2  52  30  0
-54  -23  -70  0
10  5  7  0
56  -71  37  0
54  -26  -68  0
-29  -31  61  0
-10  -54  41  0
-31  29  -68  0
-25  45  63  0
-12  -54  8  0
-9  -53  -67  0
-12  3  -15  0
16  -21  55  0
-33  4  -5  0
78  -30  -13  0
34  -61  3  0
10  19  -20  0
-51  22  78  0
-78  32  -49  0
73  -24  48  0
-77  67  4  0
3  -28  -37  0
-34  66  -62  0
61  -10  -6  0
-23  60  -45  0
35  37  -71  0
-20  17  -45  0
9  -27  -12  0
59  9  -54  0
71  -35  -73  0
59  -68  -76  0
43  -44  -36  0
-78  24  -66  0
34  -39  -13  0
-74  -28  3  0
-33  -13  45  0
-51  26  -53  0
-44  -4  -79  0
17  -73  -34  0
34  55  -32  0
80  76  -19  0
63  -25  29  0
6  -11  -80  0
-21  76  41  0
35  46  10  0
55  2  -47  0
-10  -66  12  0
3  -74  -68  0
78  -68  -29  0
9  7  -41  0
-28  37  -23  0
-79  22  -63  0
54  -69  55  0
-6  66  25  0
-36  -23  -43  0
42  51  -2  0
68  -41  -64  0
47  51  33  0
79  73  45  0
21  80  -8  0
-77  -41  -43  0
61  -43  16  0
-47  -1  2  0
44  -14  -13  0
-55  5  -1  0
-78  54  43  0
51  52  -40  0
34  -38  -75  0
57  4  17  0
-50  53  -4  0
74  68  -46  0
59  -16  69  0
69  60  -46  0
22  17  44  0
-71  35  -32  0
42  35  -39  0
73  53  -18  0
49  70  -36  0
-43  6  1  0
15  22  55  0
-23  8  13  0
-24  62  -32  0
-67  -61  70  0
34  -79  51  0
16  -21  57  0
-7  -55  45  0
-7  54  18  0
34  -20  -35  0
5  -67  30  0
-75  -80  -37  0
4  -39  -42  0
20  -7  13  0
17  -79  -78  0
38  -5  -54  0
-31  58  -22  0
-38  -35  -69  0
75  -25  -68  0
37  -26  39  0
43  14  -20  0
-12  -51  -32  0
67  -9  -24  0
-80  77  24  0
71  -22  -27  0
59  -2  5  0
-31  -78  -74  0
-19  -25  8  0
14  -75  -37  0
-1  -33  64  0
14  7  -18  0
-47  23  -46  0
-45  -74  -73  0
-48  -79  -39  0
-28  62  -18  0
46  -55  31  0
-37  46  62  0
23  62  19  0
-23  73  -2  0
-42  -8  80  0
62  38  37  0
-34  29  75  0
40  72  73  0
80  35  -46  0
53  -65  -7  0
47  -40  66  0
16  -4  -51  0
-26  -6  46  0
-4  71  22  0
62  -39  42  0
80  20  59  0
-69  36  35  0
-12  68  -63  0
39  16  34  0
-58  -17  -55  0
-11  46  8  0
41  47  -73  0
-38  -10  4  0
47  -23  -69  0
45  -80  26  0
34  -17  7  0
28  78  39  0
-32  74  -47  0
-19  -38  21  0
15  52  47  0
-13  -58  63  0
-40  -38  75  0
5  34  -6  0
-28  61  -40  0
46  -77  -72  0
-1  76  54  0
56  75  -21  0
76  46  -32  0
-12  -43  -28  0
3  -32  30  0
78  19  -54  0
79  36  -21  0
21  50  -42  0
74  60  9  0
-49  -40  64  0
-2  73  61  0
38  55  50  0
46  65  -19  0
-9  -16  28  0
30  -11  52  0
-55  32  -3  0
16  -59  78  0
-30  -47  -40  0
10  -11  17  0
16  -49  -41  0
66  -53  73  0
43  12  -71  0
38  26  -14  0
-71  33  -1  0
-3  -68  -77  0
-22  -49  73  0
-7  -4  49  0
71  40  35  0
61  64  26  0
-67  41  5  0
-20  73  -14  0
-72  -9  17  0
-35  20  -78  0
-58  -28  -48  0
-15  24  -75  0
-25  70  21  0
29  -13  37  0
-44  -80  48  0
-14  15  -7  0
-63  6  -32  0
46  -38  67  0
-14  -31  -42  0
50  -76  20  0
-43  17  70  0
71  18  77  0
-75  -72  51  0
77  4  5  0
-10  -7  5  0
-45  78  -33  0
-56  -49  35  0
75  -3  -24  0
-7  -44  -35  0
-69  57  -42  0
46  32  67  0
43  -5  -16  0
-11  -37  -42  0
31  2  75  0
-56  45  15  0
-80  -74  77  0
-33  22  60  0
12  -61  -17  0
34  3  11  0
71  -17  80  0
-60  -18  51  0
-12  1  47  0
-8  -38  -29  0
-62  5  31  0
33  9  27  0
26  6  20  0
-41  20  47  0
69  -68  -27  0
-79  1  74  0
7  -28  46  0
49  22  40  0
13  -11  46  0
-74  75  -27  0
34  32  18  0
-78  -73  35  0
63  -72  37  0
-7  -40  -21  0
-35  -43  60  0
-28  16  -12  0
-16  8  -21  0
77  48  -1  0
-8  71  -13  0
66  -34  -31  0
50  -28  3  0
-48  20  -25  0
10  19  -78  0
26  -63  -6  0
5  -27  -15  0
48  -80  -6  0
-55  -61  -6  0
-38  -73  80  0
-79  45  3  0
59  78  -12  0
77  -31  53  0
-39  -30  33  0
-58  57  32  0
78  6  -2  0
-46  -52  -19  0
-32  29  23  0
-50  3  67  0
-69  -35  -51  0
2  52  42  0
37  13  11  0
28  75  23  0
49  -44  -13  0
16  -14  23  0
-78  -22  66  0
16  -40  -71  0
11  66  -58  0
67  -32  -62  0
25  10  -72  0
-29  -72  -74  0
59  41  74  0
-26  -39  50  0
73  -60  -11  0
41  -43  16  0
-46  1  36  0
-53  78  -25  0
-57  -42  31  0
59  13  74  0
12  -40  -44  0
-54  -71  -37  0
45  -55  17  0
35  18  -36  0
6  -30  5  0
-61  65  -39  0
27  53  -39  0
63  -4  39  0
68  -50  -62  0
-71  6  -1  0
-6  11  61  0
58  25  36  0
72  4  25  0
-7  -45  -10  0
79  -64  4  0
37  23  6  0
-22  49  -20  0
73  53  -32  0
