c mkcnf random cnf with seed 435566, max clause length 3
c FORCED SATISFIABLE
c 
p cnf 80  344
45  -14  -35  0
-14  44  26  0
-34  73  -46  0
-53  30  20  0
25  -34  73  0
-65  -74  58  0
24  -72  -49  0
-15  44  -54  0
73  -37  59  0
-74  -59  -23  0
65  -47  42  0
11  -21  -73  0
-18  -10  -15  0
-24  46  28  0
-78  -2  57  0
5  23  6  0
-2  52  78  0
-1  16  -5  0
20  14  -9  0
-31  -68  52  0
-55  -78  27  0
-68  75  -36  0
7  -22  -20  0
-21  -78  -65  0
16  -29  -52  0
15  37  68  0
-44  -34  -12  0
-15  37  11  0
-23  64  15  0
-76  -65  66  0
15  -34  -4  0
-38  78  42  0
-76  61  -65  0
-15  3  27  0
79  -25  44  0
47  -1  -22  0
34  56  23  0
32  -61  46  0
-31  -38  -36  0
72  10  -79  0
-56  -52  -35  0
-35  21  -46  0
-62  -3  -44  0
75  -70  22  0
65  -17  54  0
9  -28  -29  0
-20  23  -28  0
-3  -29  76  0
48  -27  74  0
60  45  -47  0
-13  -38  10  0
-33  60  69  0
-73  -37  -18  0
-56  -66  30  0
-79  57  76  0
-28  39  15  0
54  -21  55  0
74  26  -73  0
23  -75  -1  0
-62  28  78  0
-47  26  69  0
47  41  -4  0
-56  80  -76  0
67  74  -18  0
21  2  -26  0
16  -80  48  0
11  -71  -46  0
53  9  40  0
30  -60  20  0
35  8  -58  0
42  -38  36  0
67  -41  -35  0
21  64  4  0
55  -57  65  0
67  31  47  0
8  -72  6  0
-46  -12  -56  0
49  -9  -40  0
73  -59  -9  0
-27  25  -65  0
25  -80  -48  0
-49  64  80  0
10  47  67  0
-39  -72  -3  0
62  5  49  0
5  62  -80  0
-36  -56  -29  0
-31  -4  27  0
-45  -50  37  0
41  -24  22  0
26  57  -17  0
-25  -11  -8  0
71  17  20  0
21  3  32  0
-80  28  -29  0
-79  34  62  0
50  -14  73  0
-66  -63  -10  0
-6  78  -34  0
26  -58  13  0
69  59  -19  0
-22  17  20  0
38  -27  75  0
64  56  49  0
55  12  35  0
-4  37  -24  0
-19  -50  34  0
5  24  75  0
-26  25  38  0
6  -55  -71  0
-2  73  19  0
-61  32  -41  0
51  38  11  0
-62  -51  15  0
-12  11  24  0
13  -12  -38  0
-58  47  -25  0
52  -19  46  0
47  40  63  0
28  -29  -70  0
-79  64  46  0
57  -58  36  0
-72  -2  -45  0
-2  54  51  0
-32  62  49  0
15  41  28  0
-59  -5  46  0
-5  75  -72  0
74  -54  13  0
46  -29  -48  0
-54  26  29  0
50  -7  28  0
-31  -2  72  0
34  28  9  0
53  75  56  0
10  -50  12  0
-73  47  -28  0
4  66  -22  0
42  68  -38  0
-35  -28  -49  0
80  -62  63  0
-53  -39  -61  0
-69  54  -61  0
-40  56  35  0
-7  63  46  0
-33  -18  -61  0
-17  -77  3  0
32  -4  -76  0
-37  57  -69  0
18  -3  -78  0
77  25  21  0
64  77  36  0
-19  -80  11  0
30  9  -51  0
59  37  -20  0
-63  46  21  0
16  -64  34  0
-47  -52  36  0
-26  -39  -46  0
73  -29  -20  0
-29  -25  -76  0
-69  -49  -65  0
-28  -76  29  0
61  56  -65  0
2  70  10  0
-34  60  -58  0
46  -40  -32  0
29  -57  15  0
-57  71  -24  0
8  54  -29  0
32  68  77  0
-40  -10  27  0
-75  -23  10  0
12  49  79  0
-47  27  75  0
-77  -2  66  0
40  62  22  0
-55  19  -21  0
1  6  -51  0
63  -9  40  0
-44  -47  -1  0
-13  77  54  0
47  32  -28  0
-27  -43  -51  0
-29  -75  -3  0
-14  76  -53  0
49  -1  62  0
17  -14  -74  0
-43  -78  -10  0
45  36  55  0
-26  -30  -75  0
42  44  -1  0
-27  12  -20  0
63  58  -35  0
-32  42  5  0
-63  -33  -76  0
-37  1  16  0
-36  -71  -65  0
12  5  62  0
-14  -24  64  0
26  -76  -29  0
-50  -42  26  0
71  4  32  0
-45  33  -30  0
-26  56  -46  0
19  -74  39  0
80  36  -70  0
-5  72  -55  0
-71  8  76  0
-16  -65  -19  0
-28  72  -58  0
-55  -70  -56  0
-26  -64  63  0
37  18  53  0
16  59  5  0
-27  33  -51  0
64  -47  -38  0
-27  -74  -68  0
-56  -68  -12  0
4  60  -51  0
-10  -57  32  0
-26  64  -24  0
79  -76  -7  0
-75  -74  7  0
43  -13  -61  0
43  3  -23  0
31  -20  51  0
14  -2  65  0
-71  -10  4  0
-17  78  -2  0
43  23  -44  0
-72  -22  21  0
-73  68  21  0
-7  9  -35  0
-31  -2  76  0
74  75  -59  0
-40  -76  43  0
41  39  -34  0
-67  4  -74  0
-20  -72  -63  0
-16  -74  -26  0
57  72  -11  0
54  40  44  0
24  -68  26  0
-66  56  3  0
-28  58  -3  0
-3  -11  -32  0
-70  27  36  0
-31  33  -26  0
-59  38  -75  0
-65  -57  2  0
-80  38  -65  0
-49  6  42  0
48  -66  -78  0
10  -15  -21  0
11  76  45  0
-45  -18  33  0
-10  -28  -58  0
-5  -50  42  0
-19  2  -18  0
-69  -79  -72  0
80  -78  4  0
-39  -66  80  0
67  -59  -41  0
-40  -36  -68  0
-46  35  51  0
-28  72  -43  0
49  10  -33  0
7  -41  32  0
-1  74  66  0
-17  5  -26  0
-38  -55  -40  0
-80  60  47  0
-6  -2  -33  0
41  -25  48  0
-65  -41  -57  0
-15  67  -77  0
-45  74  -10  0
-50  -37  20  0
-25  43  -37  0
20  -9  -43  0
-59  -39  -57  0
-70  -13  -41  0
5  -27  -58  0
47  27  73  0
-6  -73  -3  0
69  -72  75  0
57  22  -44  0
-32  5  23  0
58  13  -3  0
12  -27  -6  0
-44  -41  -53  0
19  -79  23  0
-45  -78  -14  0
50  -17  -26  0
15  -65  33  0
-4  -11  -53  0
76  45  -16  0
-43  -31  -74  0
62  56  -42  0
-56  -64  22  0
20  38  -13  0
23  -55  65  0
20  27  37  0
-5  1  75  0
-21  -77  -72  0
74  -63  -17  0
-63  13  23  0
16  -23  -6  0
-23  61  -29  0
-72  -31  -54  0
17  -51  14  0
-39  51  42  0
74  -41  -72  0
-54  -60  53  0
-18  35  -55  0
26  -19  40  0
-77  47  -72  0
-12  10  5  0
26  -53  56  0
-70  -21  -5  0
77  71  59  0
-41  74  47  0
64  -34  9  0
-32  -8  -43  0
-17  -38  -76  0
-18  47  73  0
-62  69  67  0
-27  -32  -75  0
-25  80  -24  0
-72  -42  -18  0
-77  69  -78  0
23  70  80  0
-54  29  40  0
-59  37  -25  0
-59  -34  67  0
21  57  -22  0
72  64  78  0
-32  -3  -54  0
-76  32  29  0
10  -36  -71  0
1  -43  -59  0
-66  -63  -34  0
-18  -72  -38  0
