c mkcnf random cnf with seed 435565, max clause length 3
c FORCED SATISFIABLE
c 
p cnf 80  344
-52  -65  80  0
-77  21  -47  0
-61  63  -74  0
1  -12  -9  0
61  -51  24  0
28  2  77  0
26  55  1  0
-49  52  -55  0
-37  47  33  0
-38  6  -24  0
-39  51  44  0
-18  -54  32  0
38  5  -9  0
61  58  26  0
35  -64  27  0
-10  -24  -26  0
-31  -23  -6  0
76  9  -50  0
-53  68  -37  0
30  -34  17  0
34  -43  77  0
70  -64  -48  0
-60  -66  28  0
-10  77  8  0
-17  20  50  0
-73  -52  27  0
-74  37  70  0
29  -49  -39  0
57  29  14  0
28  -30  42  0
67  36  -63  0
-58  -7  34  0
-15  62  -26  0
-26  30  46  0
27  -60  9  0
59  -2  -35  0
-23  -25  73  0
14  79  56  0
52  80  29  0
36  -51  -17  0
21  73  -12  0
23  55  -5  0
5  -42  10  0
-62  -11  75  0
-49  55  76  0
-66  -11  30  0
64  -49  40  0
32  -75  71  0
29  50  55  0
29  -15  10  0
-33  -70  -2  0
26  -76  24  0
-73  -72  63  0
-72  -20  -42  0
72  -15  4  0
19  -76  -24  0
-26  23  -25  0
-78  38  -71  0
-19  18  22  0
40  -61  -69  0
-30  50  -46  0
-64  -69  27  0
6  -31  -25  0
49  -33  69  0
55  10  -1  0
58  -16  19  0
37  -56  62  0
3  42  -27  0
22  71  -24  0
-10  2  60  0
-27  -52  -67  0
37  7  -64  0
14  -61  -62  0
-72  11  -63  0
-27  2  58  0
-61  -16  19  0
-25  17  37  0
-5  33  -39  0
51  13  3  0
-14  -33  -43  0
-79  -36  43  0
9  61  80  0
-1  -38  9  0
7  -8  -16  0
-50  26  70  0
44  34  25  0
6  -13  -51  0
-56  26  24  0
-76  1  -56  0
-4  36  -12  0
-51  37  -25  0
29  78  -63  0
59  -50  -28  0
36  63  -51  0
-3  -21  -53  0
16  -23  72  0
79  -34  -60  0
33  4  67  0
-66  -68  77  0
-69  46  -65  0
-57  -2  -72  0
-60  -75  -54  0
-5  61  -30  0
8  -7  1  0
-68  37  -73  0
-33  3  63  0
41  31  16  0
65  49  -77  0
-75  -37  -61  0
-27  64  -11  0
-37  74  41  0
-42  71  -53  0
49  -72  4  0
38  -5  -41  0
46  34  -9  0
-1  -53  23  0
69  -55  -30  0
-63  59  58  0
-4  -34  -23  0
12  -28  3  0
-27  39  20  0
61  74  -8  0
40  10  -13  0
-80  6  -45  0
-20  -70  -2  0
-2  -26  67  0
-33  60  -15  0
55  -2  -67  0
-78  14  2  0
34  73  16  0
27  12  28  0
26  -37  -6  0
-79  -78  49  0
52  79  -76  0
24  26  61  0
-55  -28  -6  0
-5  38  -34  0
71  24  -30  0
69  -55  -7  0
57  61  -55  0
-78  17  50  0
-33  -61  -79  0
60  -73  34  0
-80  -3  64  0
60  -79  -80  0
-75  -64  66  0
-11  -34  -14  0
-67  -15  -47  0
-73  -50  -49  0
46  4  10  0
34  5  -10  0
30  42  20  0
-59  79  -13  0
-19  -32  27  0
80  76  -28  0
-53  67  -54  0
48  -56  -31  0
-1  5  -17  0
-29  4  58  0
50  -28  63  0
8  75  17  0
7  67  24  0
22  -78  -20  0
-12  47  64  0
-67  -34  -11  0
61  57  -72  0
67  -48  63  0
-54  9  -77  0
64  19  69  0
-37  43  49  0
-19  33  -49  0
53  -33  -36  0
75  -29  -16  0
-29  15  -17  0
-42  29  -8  0
80  -31  70  0
17  56  -50  0
44  -16  80  0
-26  5  45  0
41  -34  -20  0
-45  -21  76  0
-19  -32  -5  0
-4  11  75  0
-48  -76  5  0
69  15  71  0
-58  -50  -11  0
48  -34  60  0
54  31  -45  0
-12  2  59  0
43  -76  -53  0
44  -48  42  0
16  18  -65  0
-16  -28  -55  0
-20  42  -75  0
-42  22  3  0
-27  -60  -62  0
74  13  78  0
22  23  66  0
20  80  -2  0
-2  -14  -60  0
-69  20  -47  0
22  49  70  0
-2  -22  -76  0
-43  51  4  0
-78  -14  -72  0
39  14  -58  0
19  -11  -38  0
-5  -54  -18  0
-40  23  20  0
74  -4  79  0
21  32  52  0
-20  -67  7  0
-2  12  -33  0
69  -63  -62  0
74  57  -54  0
36  71  24  0
-50  10  -70  0
-27  -43  18  0
79  24  77  0
54  58  -34  0
73  -22  -53  0
-18  -27  -14  0
-26  11  13  0
34  -19  -56  0
70  -64  -73  0
-42  -47  18  0
32  -12  41  0
68  50  -25  0
-77  11  -9  0
-44  -7  -68  0
-26  56  -69  0
20  38  3  0
37  56  15  0
69  37  -4  0
-71  -63  9  0
80  42  20  0
-16  -63  -78  0
-76  -47  54  0
17  -15  -26  0
-78  -2  -75  0
10  -36  -66  0
-51  -10  42  0
30  -72  -62  0
44  25  -3  0
17  18  -2  0
-4  20  23  0
2  7  -19  0
-66  24  -9  0
-68  72  9  0
-50  29  -38  0
-30  3  -59  0
13  30  53  0
41  -7  16  0
-43  63  -31  0
-19  25  -60  0
-55  39  54  0
45  -30  -5  0
34  18  36  0
53  18  42  0
-22  80  -10  0
-14  8  33  0
-1  -3  -24  0
3  66  46  0
-78  54  32  0
73  26  60  0
-32  -14  -13  0
42  59  -7  0
19  69  3  0
50  -73  -17  0
-17  16  -25  0
66  8  -47  0
44  -72  49  0
-48  50  -74  0
-51  23  58  0
-60  44  -33  0
40  23  54  0
32  -2  15  0
-3  -30  -46  0
7  50  -54  0
79  -72  14  0
-26  5  -56  0
-18  57  -75  0
-78  16  33  0
-60  -46  -69  0
48  -34  -65  0
71  -15  -54  0
31  28  -47  0
-70  -10  -55  0
-38  -4  61  0
-43  -74  -13  0
-24  -18  73  0
41  66  29  0
44  31  -42  0
58  3  17  0
1  -56  31  0
-35  -33  -61  0
13  -73  61  0
70  -28  7  0
5  -55  26  0
43  44  53  0
6  32  36  0
61  38  77  0
-58  -28  3  0
28  49  54  0
49  27  -3  0
-34  -5  66  0
25  53  3  0
30  -75  -44  0
-73  -62  7  0
22  45  74  0
-19  65  -23  0
-74  -36  22  0
26  -11  -67  0
-53  7  44  0
71  -42  -23  0
64  -57  38  0
71  -62  43  0
-76  -71  13  0
-17  -54  -3  0
-11  29  64  0
-24  39  35  0
71  15  -7  0
-16  -10  68  0
-28  -57  75  0
35  61  -60  0
69  -25  -38  0
35  21  45  0
-61  45  -79  0
-78  -50  -47  0
57  -58  -71  0
46  58  14  0
33  61  -76  0
64  -11  -49  0
-2  17  -20  0
-36  -58  -15  0
-28  -59  77  0
48  70  66  0
-10  -71  -40  0
13  43  22  0
59  62  -11  0
75  74  53  0
66  -62  -27  0
-61  34  -11  0
35  -76  -50  0
