c mkcnf random cnf with seed 435577, max clause length 3
c FORCED SATISFIABLE
c 
p cnf 80  344
48  -20  -13  0
-62  1  -23  0
-76  48  -50  0
62  -6  -42  0
69  -41  -28  0
12  77  -62  0
53  30  -38  0
-80  47  -32  0
-79  -56  -12  0
39  73  15  0
-2  -38  -62  0
64  51  69  0
75  -48  -22  0
68  -40  -19  0
17  53  74  0
-54  2  4  0
35  -65  -72  0
41  -54  10  0
-49  35  33  0
3  50  -72  0
53  58  8  0
-51  26  -57  0
-13  14  -44  0
-33  -80  72  0
11  6  -32  0
55  5  -15  0
-47  68  -15  0
36  -75  72  0
44  47  37  0
3  24  -1  0
-5  12  -42  0
46  -39  32  0
38  -45  32  0
-36  -66  54  0
-79  39  -52  0
2  46  -69  0
-43  62  33  0
-70  -51  -18  0
43  57  42  0
-49  24  42  0
24  -30  -43  0
13  48  24  0
-27  40  -71  0
8  53  77  0
-46  -10  -40  0
5  -31  9  0
16  -1  36  0
25  -37  -31  0
9  -74  -31  0
-31  52  58  0
-36  67  -19  0
-6  9  64  0
-40  16  19  0
53  75  -69  0
-37  -5  66  0
-22  60  -52  0
-61  -39  -33  0
-3  72  -69  0
-61  78  51  0
76  -37  9  0
-72  24  -62  0
-46  -14  56  0
46  44  54  0
23  70  27  0
57  -35  -42  0
-77  -61  -31  0
-65  -17  60  0
-55  -20  -80  0
-47  31  24  0
21  -2  14  0
71  -79  34  0
22  49  -51  0
-11  31  -73  0
17  69  11  0
-48  20  -79  0
-32  -47  71  0
33  -10  65  0
43  -34  12  0
-31  -5  -9  0
-53  44  -25  0
-14  75  -8  0
11  53  33  0
-39  -16  -2  0
-46  -65  -14  0
14  9  12  0
32  72  -35  0
62  71  26  0
25  17  4  0
-23  39  60  0
2  43  -52  0
57  -22  23  0
50  51  -8  0
3  -78  -42  0
25  -52  -3  0
80  54  34  0
-27  -12  36  0
-16  -21  -2  0
27  16  -40  0
3  67  33  0
-35  70  -53  0
-11  6  -50  0
39  61  24  0
-5  70  -80  0
-16  12  74  0
33  31  -19  0
68  32  12  0
58  25  18  0
40  6  -1  0
-19  -40  -62  0
25  11  -15  0
15  27  16  0
-47  -11  -55  0
-66  5  75  0
56  25  64  0
42  44  -51  0
60  -5  2  0
73  72  47  0
-23  8  44  0
-16  15  37  0
-27  39  -68  0
56  -31  -5  0
-53  66  -17  0
51  38  -67  0
36  -45  33  0
-46  70  16  0
-76  -15  -38  0
7  -53  13  0
71  8  16  0
-60  -40  -55  0
77  15  -73  0
46  -60  7  0
-5  -61  3  0
75  -63  -44  0
70  18  -80  0
-25  34  24  0
-23  50  -43  0
-22  -45  -37  0
7  -37  -20  0
-54  27  -78  0
64  2  -22  0
23  -2  73  0
20  47  -73  0
31  -29  25  0
-45  -66  -40  0
80  -53  -51  0
79  -51  63  0
-26  -24  -12  0
78  58  -29  0
49  18  23  0
-20  12  60  0
-58  22  -4  0
-20  17  8  0
-29  51  -50  0
8  4  6  0
68  53  71  0
-13  -29  18  0
20  -25  71  0
16  -35  -60  0
-79  -2  18  0
-54  -10  52  0
42  -75  -20  0
24  -58  -45  0
-59  -62  -46  0
-22  -31  -51  0
-74  43  54  0
-56  -48  24  0
-30  75  -64  0
-79  -70  52  0
40  -56  2  0
-61  -59  37  0
50  -42  43  0
36  -78  -1  0
-47  7  39  0
-55  1  -66  0
43  80  -49  0
-46  -68  45  0
-23  31  -30  0
37  57  27  0
-27  -11  46  0
-67  5  -17  0
-47  73  -41  0
44  -67  -8  0
-47  -61  38  0
76  -47  29  0
25  57  31  0
-8  50  46  0
27  -44  31  0
53  -62  55  0
-54  -59  40  0
43  -60  34  0
-26  28  -25  0
-17  63  -13  0
-35  38  -46  0
-71  19  -63  0
3  39  15  0
-45  -58  56  0
-36  -29  -2  0
-80  61  68  0
-11  -58  13  0
-10  -34  -51  0
-43  -20  -70  0
-75  -14  -71  0
-55  -70  -47  0
77  -58  36  0
-47  -53  -45  0
66  -59  -36  0
19  50  40  0
50  -66  -77  0
-65  73  -17  0
-39  -57  15  0
-56  -38  61  0
-20  -8  27  0
45  -6  -75  0
35  65  27  0
-39  -21  55  0
-21  -7  78  0
57  -6  9  0
-10  -36  -61  0
24  -15  -68  0
12  -63  -3  0
5  1  73  0
21  30  32  0
21  -68  -51  0
-29  10  40  0
-26  5  -42  0
-75  34  47  0
-67  -23  8  0
4  2  -46  0
54  6  29  0
-51  74  59  0
41  71  -77  0
-4  71  -60  0
40  63  53  0
-4  -17  45  0
30  -79  -72  0
24  -71  -61  0
-22  -66  -33  0
-36  -48  -68  0
38  -54  52  0
-70  9  20  0
-12  58  67  0
-47  48  -13  0
-40  74  -16  0
-28  49  52  0
-52  3  -40  0
68  24  -38  0
-80  76  28  0
-45  -62  32  0
-47  -60  63  0
55  -56  -1  0
-5  -49  30  0
-71  70  -78  0
-42  -3  -37  0
-26  25  -8  0
-79  24  37  0
-51  -11  38  0
-63  -20  -33  0
47  69  6  0
74  15  -14  0
79  45  67  0
-19  -5  45  0
-4  -37  -61  0
-32  34  55  0
-65  -55  41  0
-16  -61  50  0
-39  -22  48  0
47  -51  33  0
-46  22  57  0
54  61  -46  0
69  37  51  0
65  70  76  0
5  -22  56  0
-3  16  56  0
-41  33  16  0
64  -70  -62  0
-7  1  6  0
11  -35  42  0
25  -13  -56  0
-76  8  19  0
-52  -38  -25  0
57  3  -67  0
-12  62  4  0
56  19  12  0
40  60  -33  0
-19  -51  63  0
-60  72  23  0
60  2  37  0
-11  -58  17  0
-48  27  -76  0
62  -54  -77  0
-21  -76  -8  0
43  -36  -79  0
80  -14  51  0
-32  -24  22  0
26  -1  13  0
-78  -32  -38  0
-38  -71  -49  0
-70  -62  -63  0
-71  -3  -22  0
56  6  74  0
-5  -28  -34  0
45  69  -50  0
63  -50  -22  0
-76  17  29  0
-59  -30  -34  0
43  1  49  0
-29  65  -5  0
-27  -47  -50  0
14  -8  69  0
-51  62  -67  0
18  -59  53  0
-70  80  -23  0
37  -13  31  0
-30  15  -5  0
78  45  6  0
-25  -22  -32  0
55  64  -34  0
60  -40  11  0
-37  45  70  0
26  -75  -69  0
-69  -75  -50  0
-33  27  -19  0
-5  -7  -31  0
56  -55  41  0
-21  77  39  0
75  31  73  0
5  71  -74  0
76  -45  -68  0
-48  -18  17  0
-70  -42  17  0
21  77  -44  0
6  -16  -74  0
-71  17  -74  0
16  25  -72  0
36  -13  8  0
49  -73  74  0
19  51  -79  0
-54  64  -66  0
33  57  -59  0
36  21  12  0
-61  80  78  0
32  28  38  0
71  62  -55  0
-76  -53  40  0
