c mkcnf random cnf with seed 435539, max clause length 3
c FORCED SATISFIABLE
c 
p cnf 80  344
-75  14  -67  0
28  -77  20  0
-36  -32  73  0
-10  34  75  0
27  -31  39  0
-38  70  -28  0
60  11  41  0
37  70  35  0
-49  79  66  0
-38  43  -73  0
-79  -47  -18  0
73  50  28  0
40  5  -52  0
17  -46  14  0
-55  47  80  0
37  38  1  0
-49  48  53  0
46  26  74  0
62  -70  -64  0
66  -17  -80  0
-36  30  -24  0
25  -26  40  0
18  -17  7  0
-24  -56  -48  0
25  -60  13  0
-21  7  -76  0
80  -72  -15  0
12  -16  -28  0
-11  -55  -52  0
10  -9  -65  0
-46  70  -40  0
-9  -60  28  0
-17  -78  64  0
-18  -80  64  0
-26  5  -76  0
28  -18  -29  0
50  38  7  0
28  -40  17  0
-36  -15  -2  0
-18  9  -16  0
64  47  -8  0
64  48  -42  0
76  73  -54  0
-41  21  -3  0
43  24  -73  0
-4  -79  -13  0
5  -46  -75  0
-57  25  58  0
49  -25  -42  0
-14  17  5  0
12  13  -64  0
-6  -58  25  0
-80  45  18  0
32  -79  -42  0
7  -56  -71  0
-64  65  2  0
48  35  -29  0
54  59  -77  0
-64  3  43  0
41  -45  -13  0
-5  -75  60  0
68  -8  -28  0
-38  33  -20  0
-53  -49  61  0
-18  74  20  0
-21  61  -44  0
-9  -3  42  0
-46  -66  -35  0
36  21  78  0
-36  -32  78  0
67  -18  1  0
-23  -67  34  0
2  22  -18  0
14  -79  57  0
-32  70  51  0
-17  -77  14  0
-67  -36  -21  0
69  -57  -4  0
37  65  5  0
-13  17  -48  0
77  -76  -63  0
-71  -67  2  0
-39  28  78  0
-74  46  -18  0
-53  9  -24  0
-19  41  46  0
-24  -12  36  0
-47  -15  -45  0
45  -72  15  0
-70  -80  63  0
-73  -6  -23  0
49  -72  -24  0
7  77  44  0
46  45  9  0
50  -59  -32  0
1  -65  -71  0
-7  2  55  0
6  46  70  0
-22  -39  -65  0
-15  -72  12  0
-4  -47  -74  0
13  -61  -52  0
20  -6  -67  0
-44  -56  45  0
-3  49  54  0
14  -59  -7  0
27  -39  -32  0
7  36  42  0
76  77  -35  0
62  30  -48  0
43  -21  52  0
-63  -1  50  0
56  -42  -37  0
-23  -70  54  0
-21  -59  32  0
-76  65  -4  0
12  -76  -59  0
-59  5  28  0
74  36  -3  0
-63  -22  -28  0
-32  50  37  0
57  20  24  0
-45  -56  -10  0
71  -74  34  0
-74  -39  4  0
-19  65  -56  0
71  -33  -39  0
-14  50  4  0
-29  -67  -7  0
-80  -23  -11  0
59  -63  32  0
18  67  -73  0
28  63  -19  0
5  61  49  0
-24  54  38  0
69  -19  -60  0
-44  24  -18  0
36  7  -48  0
-40  -32  27  0
18  -56  43  0
34  62  74  0
47  -44  50  0
39  6  -19  0
-49  15  48  0
-15  -62  -51  0
-65  33  36  0
-30  44  11  0
-59  -33  42  0
36  31  -17  0
-44  57  41  0
-38  71  -3  0
61  -50  -43  0
-7  58  -9  0
-17  -21  34  0
13  59  -25  0
-54  46  22  0
12  5  -6  0
-15  68  -5  0
15  78  66  0
-33  62  70  0
-10  -43  9  0
27  -16  -68  0
30  59  -49  0
39  -51  -29  0
-50  -1  62  0
-19  26  41  0
64  -23  67  0
51  -18  -15  0
45  -21  47  0
15  -38  -76  0
46  22  8  0
67  78  40  0
48  -45  32  0
-45  5  -58  0
-21  -72  5  0
-80  75  -35  0
2  56  -70  0
-79  -61  -16  0
77  46  1  0
-43  23  -3  0
16  -51  15  0
74  52  -31  0
-36  17  42  0
-43  -30  28  0
69  54  58  0
15  -29  80  0
76  -22  -29  0
-71  -50  67  0
52  20  -32  0
-52  65  -77  0
-32  22  -45  0
76  26  -62  0
16  48  -64  0
47  -68  -3  0
61  -27  -47  0
43  -19  -35  0
-2  -72  50  0
19  -15  76  0
-65  -7  19  0
10  75  -77  0
-26  -17  -53  0
11  21  48  0
-58  23  27  0
-48  1  41  0
67  -5  -74  0
-30  7  -72  0
41  -2  -50  0
-62  43  -68  0
-68  27  -17  0
29  -35  80  0
-56  35  -26  0
18  -21  -51  0
26  -73  -37  0
-80  18  29  0
-5  -20  42  0
9  -1  20  0
9  -69  -51  0
40  45  -31  0
52  45  -76  0
-48  26  42  0
-68  80  -11  0
-6  34  -68  0
18  -27  -33  0
-30  60  39  0
-48  54  9  0
-48  20  -45  0
59  38  -36  0
-21  34  -23  0
-7  38  77  0
-27  -61  -42  0
-66  -35  45  0
-27  -14  -74  0
35  -61  21  0
-76  41  1  0
31  80  -35  0
-20  -45  12  0
16  6  -79  0
-42  36  -18  0
78  -52  -44  0
-38  69  75  0
-80  69  2  0
-74  -73  58  0
-58  -60  4  0
72  17  -46  0
-70  17  65  0
-5  23  76  0
-15  55  12  0
57  -73  46  0
-63  -15  -48  0
-76  18  -71  0
79  -69  1  0
39  -27  -76  0
44  69  68  0
-5  53  -26  0
-76  34  5  0
-4  72  -9  0
-34  1  27  0
-76  -73  77  0
-59  -63  -53  0
-73  -28  -63  0
-58  4  39  0
-44  -64  -18  0
46  27  66  0
73  -15  7  0
-14  59  -18  0
17  8  71  0
40  3  37  0
-69  -60  34  0
35  -69  -78  0
-78  -27  11  0
-79  14  -42  0
80  69  -10  0
17  -75  -79  0
65  74  22  0
-45  14  -63  0
41  -69  -39  0
-20  -9  80  0
-57  -26  -70  0
-64  69  38  0
-50  7  49  0
53  -5  -32  0
-52  59  -10  0
-5  -32  80  0
23  69  68  0
71  -39  51  0
30  11  -4  0
-56  -20  42  0
60  -21  -80  0
-26  75  19  0
-27  68  -17  0
58  -48  56  0
72  54  -13  0
2  10  -78  0
63  -57  -39  0
-19  62  -52  0
4  76  -7  0
-23  -60  -25  0
-30  64  -48  0
-57  -56  51  0
36  51  20  0
-26  -33  -74  0
80  30  -40  0
68  -24  64  0
31  -21  -66  0
-53  74  43  0
-25  -54  -24  0
-3  57  -12  0
2  44  33  0
74  43  -53  0
-37  53  51  0
49  -41  -17  0
-24  -5  66  0
22  79  56  0
-69  16  -67  0
-51  -15  -20  0
-80  66  -45  0
35  -59  -48  0
52  -36  80  0
-71  -46  53  0
27  -15  47  0
-9  70  43  0
44  -68  26  0
70  -43  -74  0
-3  76  77  0
-17  59  -42  0
-74  13  38  0
34  56  -25  0
-1  10  -63  0
-68  27  -22  0
30  -46  45  0
59  55  -12  0
-68  26  31  0
58  71  -10  0
-52  18  -80  0
79  -20  -35  0
49  27  18  0
22  -26  -34  0
-42  -10  -68  0
-66  -80  -7  0
73  -61  -18  0
53  -45  -33  0
-62  -17  -1  0
43  -44  70  0
-66  36  61  0
