c mkcnf random cnf with seed 435574, max clause length 3
c FORCED SATISFIABLE
c 
p cnf 80  344
-69  -12  -70  0
41  65  57  0
-7  15  -41  0
-56  -48  -38  0
69  -75  53  0
55  7  13  0
23  17  36  0
60  35  -10  0
-43  10  28  0
57  21  -36  0
-53  -40  -66  0
-64  57  -61  0
-10  -48  68  0
-23  -25  -8  0
-58  -5  -15  0
74  -11  -76  0
9  58  -71  0
36  -55  60  0
-33  -69  -1  0
-54  -7  -59  0
-13  41  18  0
30  62  10  0
-38  14  18  0
74  -68  -19  0
-62  -80  13  0
-66  -74  30  0
-52  15  53  0
-37  30  -58  0
20  -13  -45  0
42  67  -64  0
13  47  -17  0
23  59  57  0
-23  -28  -52  0
17  67  39  0
-11  17  -57  0
49  -17  75  0
24  31  21  0
75  74  51  0
30  -31  45  0
59  1  73  0
52  -11  -73  0
-20  68  -44  0
-25  -49  -75  0
-29  25  58  0
70  -44  12  0
-53  -75  -71  0
-66  21  45  0
-24  7  -50  0
-72  -50  5  0
-9  78  -33  0
-26  -71  65  0
31  69  21  0
35  73  -78  0
37  -46  -1  0
-66  -62  26  0
75  -25  -16  0
-22  -11  40  0
-68  50  -34  0
63  8  71  0
-22  18  -61  0
78  16  7  0
-22  33  -14  0
-24  -35  48  0
29  74  50  0
39  -43  -53  0
79  47  -62  0
64  -22  58  0
72  25  15  0
-52  14  46  0
-32  -72  12  0
64  -52  42  0
-75  -46  67  0
56  49  4  0
-51  64  -14  0
45  -13  -16  0
70  -61  -36  0
-35  14  -9  0
-74  -67  -59  0
-2  -62  74  0
-71  -2  -31  0
-43  54  -24  0
30  -47  -79  0
-28  -7  54  0
54  -5  -45  0
-55  -3  -15  0
-59  -80  -76  0
79  -1  -14  0
-70  2  -30  0
78  -54  -41  0
-22  16  -13  0
-53  -60  -28  0
-35  3  50  0
37  -31  50  0
-32  -42  51  0
38  25  -19  0
74  -57  -54  0
-49  -64  20  0
-50  -43  42  0
-31  69  46  0
54  -31  51  0
77  13  17  0
20  -36  -59  0
32  79  -28  0
76  -20  -15  0
-43  55  35  0
-21  7  -68  0
77  -45  -51  0
-9  -14  -22  0
-6  -38  78  0
12  52  28  0
-80  -32  35  0
9  76  45  0
-25  28  41  0
-1  -42  -79  0
-74  62  3  0
-69  9  -41  0
33  -10  -63  0
69  6  -49  0
-12  -62  -51  0
58  71  -73  0
-59  -34  64  0
-19  -75  37  0
44  26  6  0
-74  13  -14  0
-73  67  25  0
-40  -70  -15  0
-67  -41  3  0
26  -69  -42  0
-67  -4  -68  0
3  -53  -67  0
-38  -59  17  0
76  -8  73  0
14  -50  56  0
-12  -7  49  0
24  21  -41  0
-80  4  7  0
-74  -34  11  0
18  42  -64  0
-32  12  -72  0
-44  11  -33  0
12  -69  54  0
76  79  -41  0
18  11  80  0
-35  -71  -31  0
70  64  69  0
38  -53  -37  0
10  29  -74  0
48  -11  40  0
-29  -40  12  0
37  9  74  0
-21  53  -78  0
50  60  62  0
-59  -27  50  0
-78  29  -42  0
-13  -59  -36  0
41  21  11  0
-5  -56  -69  0
-8  -44  -10  0
68  56  -67  0
-64  76  19  0
-1  -37  50  0
53  -8  34  0
-56  -22  -54  0
-61  10  17  0
-21  39  10  0
-27  -46  79  0
-39  -17  21  0
52  -65  -27  0
73  -26  9  0
41  -16  -67  0
70  42  -33  0
-43  -77  -13  0
-75  -43  74  0
-76  64  -32  0
19  -66  22  0
-41  78  -34  0
-9  1  26  0
71  -46  -80  0
36  77  45  0
-71  -12  -52  0
-53  58  41  0
30  15  66  0
60  9  80  0
-6  8  -16  0
-1  24  -80  0
49  -39  -51  0
32  -8  6  0
80  20  -49  0
-55  -71  80  0
23  -29  15  0
-55  -14  7  0
11  -55  32  0
-57  -11  32  0
-23  -28  41  0
-45  -4  27  0
-10  -78  -4  0
-52  -25  -17  0
-52  -37  -72  0
-43  -60  -48  0
-20  66  -41  0
19  -72  55  0
35  41  61  0
-44  67  49  0
-19  38  71  0
-69  -41  -54  0
-52  -39  29  0
41  -66  -65  0
-73  34  -52  0
45  51  -64  0
22  59  -61  0
46  -80  70  0
-2  5  -61  0
-77  -37  -16  0
35  75  65  0
-21  49  37  0
-48  31  77  0
38  17  -22  0
44  68  -37  0
-49  78  50  0
36  -76  -32  0
69  59  -31  0
70  51  -30  0
58  -30  -73  0
75  78  8  0
45  24  -46  0
41  1  -45  0
36  4  59  0
25  37  7  0
-74  -29  -42  0
-24  60  -53  0
-16  77  80  0
23  -60  -33  0
61  -49  -15  0
-54  -21  32  0
42  54  -21  0
-76  39  -29  0
-65  73  -18  0
-43  58  -1  0
-30  -23  -56  0
-23  -27  -32  0
52  59  75  0
64  44  -62  0
7  -72  57  0
-80  -29  -56  0
-26  10  -12  0
-28  -16  -3  0
-44  14  64  0
44  24  -75  0
55  25  -4  0
17  -9  -50  0
-50  62  -24  0
20  -57  -73  0
-71  -73  -45  0
-76  -36  44  0
-68  69  5  0
-52  -36  38  0
7  62  9  0
40  46  17  0
2  63  -51  0
-34  62  55  0
-25  -13  -20  0
-8  -52  -25  0
54  58  -19  0
-63  -44  49  0
46  8  -56  0
-33  -18  -56  0
-51  -53  56  0
44  -41  -46  0
-42  -27  76  0
-19  -6  35  0
8  42  -77  0
-61  2  -27  0
-69  -19  -60  0
67  80  57  0
74  67  3  0
-37  -60  59  0
-50  -69  2  0
25  43  -74  0
-71  22  -68  0
-50  11  -78  0
71  76  -17  0
-79  63  56  0
-60  -80  32  0
14  -73  -50  0
-21  -14  -74  0
-57  68  -69  0
58  -49  -54  0
-41  -51  -44  0
47  51  -20  0
80  -14  -27  0
56  -72  41  0
-45  -29  75  0
-43  63  44  0
-64  12  -67  0
-12  58  -11  0
64  43  73  0
-40  15  -27  0
-11  -39  -54  0
-3  -55  10  0
-52  -63  -69  0
-18  33  66  0
5  -9  -41  0
-16  -6  -26  0
-3  7  -33  0
29  25  35  0
32  5  17  0
-47  -54  40  0
-55  -29  -16  0
80  54  -17  0
12  40  32  0
6  -65  -8  0
72  78  -73  0
46  -75  -56  0
31  74  -69  0
-13  15  -62  0
57  -61  1  0
74  4  -25  0
-53  25  3  0
-34  51  65  0
52  -78  -59  0
53  33  -41  0
8  4  34  0
-24  46  65  0
20  -61  35  0
-31  -71  -1  0
45  4  -70  0
-21  -41  -27  0
-62  67  -54  0
50  60  -58  0
18  46  -63  0
17  9  44  0
31  26  -58  0
27  53  50  0
-47  56  4  0
-18  -36  -78  0
-20  53  73  0
7  67  10  0
28  -45  -5  0
-5  45  49  0
-58  80  25  0
-65  36  -41  0
32  73  -20  0
-75  69  -65  0
-12  -50  14  0
