c mkcnf random cnf with seed 435572, max clause length 3
c FORCED SATISFIABLE
c 
p cnf 80  344
-3  -32  1  0
68  -3  73  0
20  14  -74  0
-14  5  -61  0
-61  -1  -78  0
-73  -64  -57  0
-20  -8  -67  0
65  -3  77  0
-77  75  43  0
-56  -14  -53  0
-73  50  66  0
-60  36  11  0
-48  36  47  0
-49  -47  -69  0
-40  -25  54  0
-10  -48  1  0
49  -75  23  0
7  34  -28  0
59  58  3  0
57  9  -70  0
19  49  -77  0
36  55  43  0
-5  68  65  0
-66  -35  -13  0
-68  -71  -80  0
-46  -42  -44  0
-59  30  61  0
55  7  -68  0
-9  -4  76  0
-11  -55  -60  0
-14  -78  -12  0
62  -79  -67  0
35  -30  13  0
-40  44  -68  0
-29  4  56  0
-27  9  -67  0
9  -38  -28  0
-58  -10  -20  0
56  -43  -10  0
20  -29  -63  0
-69  -32  75  0
-15  62  14  0
11  50  -73  0
78  73  -57  0
-46  -50  23  0
12  -56  44  0
-28  61  -62  0
50  -71  37  0
8  7  63  0
6  12  -15  0
-30  80  56  0
-71  -9  -44  0
-60  66  -9  0
-71  -48  -43  0
-4  -17  3  0
-26  73  -47  0
37  3  76  0
-45  66  48  0
31  5  46  0
65  52  -10  0
-68  77  12  0
-21  -45  47  0
59  -24  -41  0
62  26  43  0
-7  41  -54  0
36  -68  74  0
-73  -24  -80  0
28  -39  33  0
80  -25  -77  0
74  54  -24  0
47  45  -18  0
-35  59  -73  0
-33  -28  2  0
68  -76  -29  0
53  32  -31  0
48  -55  -40  0
-79  36  71  0
-10  -59  -53  0
44  -32  16  0
14  -52  53  0
-3  -42  13  0
-24  -2  44  0
50  36  -27  0
-17  15  41  0
54  41  79  0
64  50  63  0
-8  -53  25  0
36  -53  -55  0
75  -67  55  0
65  -9  -63  0
-66  -53  31  0
75  55  -72  0
8  2  69  0
60  67  -71  0
79  45  -24  0
-72  73  10  0
-68  -77  -32  0
-53  71  -22  0
-64  72  -71  0
-44  46  -4  0
19  -47  -11  0
58  -29  -1  0
8  -40  10  0
73  -5  78  0
3  62  39  0
-22  -56  78  0
3  20  41  0
-27  -26  5  0
-20  -64  -4  0
-6  -78  -51  0
21  -32  -49  0
-8  80  10  0
29  40  55  0
40  64  -68  0
2  -76  -11  0
57  70  76  0
-71  -24  -65  0
-70  29  -61  0
-60  3  48  0
53  21  24  0
-34  77  57  0
-60  14  -22  0
30  67  56  0
-23  -56  32  0
-33  69  -3  0
-37  66  55  0
52  54  64  0
-69  48  44  0
-14  -17  55  0
6  30  45  0
78  -3  54  0
66  -60  21  0
-70  -29  -3  0
-61  -65  45  0
57  2  -77  0
-50  9  -49  0
-15  75  10  0
-49  -41  19  0
77  6  -15  0
-33  7  72  0
-76  -42  -56  0
20  -5  -9  0
46  -10  37  0
-32  -46  9  0
-64  35  29  0
14  -49  42  0
-2  -4  -57  0
67  71  21  0
-47  -11  -68  0
-28  -78  -40  0
58  -66  -56  0
41  60  -80  0
-6  -18  32  0
-47  67  -53  0
-65  60  -3  0
38  -48  -40  0
79  -70  9  0
-78  42  10  0
38  -62  6  0
60  46  -49  0
-45  -23  -5  0
-18  -41  -6  0
-3  -70  64  0
8  -21  35  0
80  58  55  0
-4  2  57  0
-50  -35  17  0
69  9  -30  0
38  22  -57  0
43  59  6  0
-74  -43  73  0
71  31  2  0
7  -51  -41  0
59  -70  18  0
-60  -59  74  0
-12  -68  29  0
-11  74  -62  0
41  16  19  0
33  13  54  0
56  -75  34  0
63  -51  21  0
75  -60  55  0
44  32  -17  0
47  -75  -49  0
74  -16  -26  0
-8  -4  -67  0
-20  -68  -71  0
-40  -21  -24  0
10  -39  26  0
80  -40  64  0
17  7  63  0
-38  -44  -70  0
34  -10  39  0
21  -35  27  0
-5  45  76  0
-51  63  76  0
-9  -34  -56  0
63  -57  -9  0
-11  -56  1  0
-63  39  19  0
64  -17  -69  0
-49  54  -55  0
-49  21  33  0
30  -47  -70  0
66  -26  16  0
-28  -26  -22  0
46  41  -33  0
-55  65  -10  0
59  44  -19  0
-51  -33  -47  0
-55  10  52  0
-57  -52  5  0
68  -18  -36  0
79  -26  65  0
8  -39  -47  0
-9  58  38  0
-20  9  -51  0
59  58  -72  0
55  43  62  0
4  -59  51  0
8  -47  32  0
22  62  -77  0
-19  -79  57  0
54  11  22  0
-15  10  -2  0
-17  -41  -26  0
35  28  -19  0
-31  -75  -71  0
75  10  -6  0
64  75  6  0
-23  40  54  0
-69  37  53  0
31  9  39  0
-51  21  -50  0
35  -4  -40  0
55  29  79  0
-40  -28  10  0
-20  23  -52  0
63  49  -70  0
36  43  6  0
32  -7  73  0
-22  -13  16  0
-27  -22  -17  0
63  80  35  0
37  68  -29  0
54  -32  4  0
-3  -41  -47  0
-14  44  -46  0
-27  45  -2  0
77  -31  -80  0
-24  40  -56  0
23  -73  -10  0
-14  26  46  0
-78  4  80  0
-56  -16  -14  0
77  -55  12  0
-3  34  -56  0
-43  -57  -39  0
3  50  65  0
71  -31  -80  0
40  -72  -22  0
51  71  -79  0
-30  1  22  0
-64  42  43  0
66  -46  44  0
-19  -21  57  0
72  48  -13  0
49  -59  -3  0
-15  -5  -6  0
49  -53  24  0
59  -21  78  0
61  -31  28  0
20  -29  -55  0
65  1  40  0
-19  -6  -44  0
21  -34  62  0
-17  -74  -70  0
-65  -2  -64  0
-25  33  2  0
-68  66  47  0
-69  22  55  0
65  -67  -2  0
51  9  -60  0
-58  27  71  0
-24  -61  51  0
-60  65  1  0
-25  49  5  0
25  -24  18  0
-76  -9  -30  0
4  47  59  0
13  37  63  0
1  48  33  0
-30  -4  -41  0
28  -45  36  0
-1  -52  -14  0
-41  49  -37  0
2  10  46  0
39  -32  -65  0
19  26  54  0
-21  50  -20  0
66  19  56  0
-4  58  67  0
55  25  68  0
46  -12  54  0
-39  -50  -71  0
79  76  -15  0
66  76  54  0
-75  33  62  0
79  73  16  0
60  -1  22  0
49  -12  -3  0
12  52  54  0
74  -24  14  0
-31  22  27  0
14  -32  51  0
-41  4  47  0
-25  -26  -29  0
-77  -27  -50  0
28  -65  -37  0
-68  -42  -16  0
-3  38  -17  0
-22  53  -78  0
-38  -58  -30  0
67  -11  -31  0
-48  -6  -37  0
11  -17  -44  0
-28  -56  51  0
-79  -11  13  0
-22  -1  7  0
54  24  37  0
28  14  33  0
-71  -33  79  0
1  -12  -20  0
38  17  -1  0
-34  70  -76  0
74  18  79  0
70  -78  42  0
27  15  -29  0
25  -42  -52  0
-49  5  -20  0
31  11  41  0
-20  52  -62  0
-64  22  -50  0
-36  -73  -63  0
