c mkcnf random cnf with seed 435584, max clause length 3
c FORCED SATISFIABLE
c 
p cnf 80  344
79  -68  13  0
54  63  48  0
-60  32  41  0
49  62  -24  0
70  21  -56  0
15  42  -24  0
-52  -80  -75  0
-2  51  -64  0
53  61  44  0
50  22  -44  0
12  -65  15  0
14  -74  54  0
-50  -44  -26  0
-4  14  -34  0
-5  -67  -31  0
19  36  -3  0
-53  15  -27  0
68  72  -43  0
23  -1  48  0
65  50  -54  0
-35  58  -60  0
61  -30  69  0
-79  43  -57  0
-55  -20  -80  0
-69  -20  -43  0
50  -26  -34  0
31  -73  -59  0
-48  -80  17  0
-29  49  40  0
5  28  -3  0
-27  70  -18  0
52  -67  -42  0
35  -21  -40  0
-17  2  67  0
44  11  35  0
22  -4  -58  0
-43  -73  30  0
27  -56  -78  0
59  -76  -15  0
38  20  55  0
-60  64  22  0
-26  -35  -15  0
-15  -28  61  0
18  23  -65  0
9  10  -3  0
-45  -3  -51  0
-3  67  34  0
-77  58  65  0
-39  56  57  0
10  -13  66  0
57  73  -7  0
3  -61  73  0
-74  6  -59  0
5  13  73  0
-12  -23  -2  0
38  -24  57  0
-33  54  -30  0
-75  -26  44  0
-64  -3  -25  0
-36  71  28  0
-10  34  -24  0
-76  17  25  0
26  -74  -27  0
-43  -52  2  0
79  -52  17  0
61  -26  67  0
80  19  14  0
-32  -8  -31  0
28  79  55  0
47  39  13  0
25  -61  3  0
-71  68  53  0
73  14  65  0
-43  57  -17  0
-72  -7  73  0
-32  37  7  0
26  -39  52  0
12  -69  68  0
21  -59  77  0
-50  40  -25  0
-76  9  -19  0
30  -31  -24  0
52  2  -31  0
50  -40  -59  0
73  -70  -46  0
50  55  -63  0
45  57  18  0
42  63  48  0
-8  -54  -70  0
-19  -77  45  0
-55  61  23  0
17  36  39  0
-62  -46  9  0
6  57  52  0
48  -20  50  0
-50  -76  28  0
56  -70  -39  0
-33  -18  -45  0
-48  -12  18  0
20  -27  10  0
42  49  -37  0
-7  -4  -39  0
-54  25  55  0
9  59  -10  0
28  52  -44  0
24  -23  73  0
69  56  52  0
-15  13  -69  0
-64  1  18  0
-74  4  -69  0
-56  -49  6  0
42  -11  -13  0
16  -33  -45  0
63  -20  -36  0
30  73  -37  0
-48  60  -72  0
-12  9  -20  0
-10  70  -57  0
48  77  26  0
-43  49  -47  0
38  27  42  0
47  78  39  0
-51  -48  2  0
-29  46  49  0
-79  -74  -54  0
-17  -14  -59  0
-63  -13  33  0
7  31  -2  0
11  -29  -50  0
-6  -70  -34  0
-19  -77  45  0
35  44  73  0
60  20  8  0
57  -80  48  0
42  -35  37  0
-60  56  22  0
15  -66  -21  0
-69  51  47  0
5  -80  -59  0
-35  70  77  0
76  -52  -15  0
72  60  48  0
-18  -59  -21  0
-27  -9  53  0
-6  -23  21  0
11  39  58  0
74  -32  47  0
38  -29  58  0
24  -63  -7  0
17  -47  -6  0
72  80  73  0
33  17  41  0
-20  -19  49  0
-57  60  -5  0
-23  -15  -68  0
46  -75  13  0
-56  -69  -5  0
66  16  -12  0
54  -69  59  0
-66  61  -58  0
64  38  29  0
1  -17  35  0
71  -33  -41  0
-29  -52  -3  0
52  -45  -6  0
-75  3  61  0
-32  -47  21  0
26  21  64  0
68  72  -22  0
-35  -2  -47  0
74  -59  -77  0
-42  -67  65  0
26  10  -46  0
-16  73  -32  0
26  51  37  0
-37  -40  -38  0
-69  -19  -58  0
-23  66  -19  0
-6  -27  37  0
70  39  -69  0
-71  -4  49  0
70  -35  54  0
10  -36  15  0
-67  -27  -24  0
-77  -78  -5  0
29  69  15  0
-23  42  -68  0
-10  45  12  0
-33  -40  52  0
65  -46  56  0
-13  -59  54  0
3  16  47  0
-77  53  23  0
-12  -63  -67  0
-75  -44  -14  0
67  -7  45  0
59  -1  -48  0
17  -68  60  0
-52  45  -2  0
-52  1  2  0
-10  -12  -7  0
74  -59  80  0
-75  -40  -34  0
37  23  -78  0
-2  -57  61  0
1  -42  -50  0
-70  -29  -55  0
44  43  10  0
6  47  -13  0
53  -9  56  0
43  69  64  0
77  -13  -56  0
58  57  8  0
-3  -36  -48  0
-14  -44  -3  0
-34  -40  -60  0
77  46  -71  0
14  15  65  0
-7  -17  43  0
-71  -80  65  0
-12  56  59  0
35  20  12  0
48  30  56  0
35  8  -22  0
16  -32  -12  0
8  80  -59  0
-16  53  22  0
-53  65  -77  0
58  -41  -44  0
-28  15  -59  0
59  -27  -12  0
51  -48  36  0
6  -13  -26  0
3  69  -6  0
43  -77  -73  0
35  66  -40  0
10  20  7  0
-29  -47  -23  0
-80  -1  15  0
-3  27  18  0
-37  47  51  0
39  -25  48  0
-46  54  24  0
51  -45  9  0
-20  -10  73  0
22  -8  -41  0
77  70  38  0
-35  -19  -57  0
-31  48  44  0
-33  -3  80  0
-43  64  53  0
-41  37  -38  0
-65  -43  68  0
-26  72  5  0
-50  -80  75  0
-66  -20  -77  0
-49  -66  -12  0
22  28  13  0
42  -38  60  0
-19  -71  -14  0
74  24  -20  0
11  5  -44  0
72  74  -55  0
-57  17  -39  0
55  24  -36  0
38  -29  -22  0
-29  -25  55  0
-20  -65  64  0
-10  -50  67  0
-21  -80  -32  0
16  2  75  0
37  -21  -76  0
50  -76  43  0
28  -63  20  0
41  2  38  0
-29  71  -19  0
32  -74  42  0
-5  41  26  0
-36  -53  -35  0
-35  -76  -54  0
22  -52  66  0
-54  77  -23  0
-77  22  58  0
30  63  56  0
7  80  -29  0
12  43  32  0
-52  -43  77  0
28  79  27  0
-64  -44  59  0
-13  -64  6  0
16  -21  -22  0
-35  -40  31  0
4  22  -35  0
8  -66  -54  0
-2  3  71  0
-65  -56  -4  0
30  -71  52  0
-71  -11  67  0
-36  -25  -64  0
-15  37  79  0
-59  77  69  0
77  71  -12  0
34  13  -8  0
20  23  -65  0
21  61  45  0
75  -76  42  0
-35  -24  -50  0
76  -50  40  0
-49  -20  46  0
-57  -54  25  0
-28  -9  45  0
-60  40  15  0
64  -62  -10  0
-13  -67  77  0
49  30  29  0
-41  40  -78  0
-2  -75  78  0
61  -27  -10  0
36  42  -31  0
-30  -68  -39  0
-73  -53  18  0
-38  69  -41  0
-78  50  -64  0
-49  78  34  0
45  32  66  0
27  58  -61  0
64  71  49  0
50  -24  -27  0
-66  53  -70  0
-64  77  -80  0
59  53  -3  0
7  44  -20  0
-43  37  -22  0
-32  -65  11  0
24  -74  -46  0
-77  -16  -18  0
-2  -37  -9  0
6  -42  7  0
55  10  -76  0
-39  14  -57  0
-46  8  -55  0
-48  9  -6  0
-56  14  1  0
-18  72  25  0
