c mkcnf random cnf with seed 435512, max clause length 3
c FORCED SATISFIABLE
c 
p cnf 80  344
-25  -14  -19  0
-47  33  -13  0
38  80  10  0
2  -43  4  0
-31  74  -8  0
-16  68  69  0
63  -25  31  0
-35  18  71  0
-58  -2  65  0
-48  -5  28  0
23  -70  -12  0
47  63  14  0
56  20  37  0
-8  75  56  0
-53  42  60  0
-16  24  36  0
-16  -48  -39  0
51  -13  -25  0
67  -49  69  0
-58  -62  -2  0
-16  -9  -41  0
33  54  50  0
-58  -73  -46  0
-58  -9  -63  0
-70  64  -38  0
64  5  1  0
66  67  16  0
-42  -24  79  0
8  19  -33  0
-58  -21  -34  0
-63  28  -7  0
-77  -4  32  0
49  -45  -70  0
46  54  -6  0
12  -49  69  0
-47  39  -45  0
40  -22  43  0
43  -72  -75  0
-43  55  -39  0
-53  -47  -79  0
-45  16  74  0
32  -6  27  0
-46  72  -15  0
-36  -15  1  0
-28  12  40  0
-48  65  22  0
62  -75  -20  0
10  -33  -42  0
-44  61  -66  0
-31  -75  70  0
17  70  23  0
42  13  -19  0
-60  54  50  0
37  -1  64  0
-35  -39  -56  0
17  79  66  0
-9  12  39  0
-18  -30  -11  0
18  37  50  0
29  -11  -80  0
25  -67  14  0
71  -40  37  0
-18  -58  22  0
2  18  44  0
80  -3  43  0
-57  -51  -65  0
40  12  67  0
-17  12  6  0
-9  63  -13  0
62  -40  77  0
79  25  -43  0
37  -12  56  0
-52  -23  -2  0
-56  -72  -53  0
-26  -66  7  0
62  -26  23  0
3  -77  34  0
52  21  -9  0
6  40  62  0
45  47  71  0
1  60  42  0
69  -62  -40  0
-3  17  -21  0
48  41  -66  0
6  71  -52  0
-68  19  -59  0
-11  41  -13  0
-39  62  5  0
-1  -41  -61  0
46  -60  7  0
20  -59  68  0
73  60  48  0
-30  -61  58  0
35  28  24  0
-56  -25  41  0
60  -72  20  0
-51  -53  -38  0
13  15  20  0
57  58  -36  0
-76  -52  5  0
80  -5  64  0
67  6  -52  0
18  68  -31  0
-37  15  24  0
-22  20  27  0
47  -44  -26  0
-52  -3  30  0
73  -5  -30  0
-41  11  3  0
-25  51  73  0
-38  -57  32  0
-51  -38  31  0
75  19  53  0
57  10  19  0
-56  52  -18  0
-40  21  -24  0
-18  -19  -60  0
80  4  -70  0
11  41  -74  0
5  62  -79  0
-55  35  -58  0
65  -34  32  0
60  -20  46  0
45  49  43  0
10  -72  61  0
22  49  12  0
51  -32  -6  0
46  -68  40  0
5  28  -66  0
26  -33  61  0
-58  60  -1  0
35  -32  -62  0
-17  -43  8  0
80  34  -16  0
12  -30  -79  0
-55  -25  -44  0
-52  -74  -23  0
-60  71  18  0
71  14  -59  0
-79  -47  62  0
-22  -15  32  0
28  -54  14  0
52  -28  30  0
-16  30  37  0
-12  4  -73  0
-20  48  -38  0
-69  -46  27  0
-17  -52  -1  0
71  5  -55  0
-11  77  -78  0
-34  63  -20  0
-15  -70  -32  0
69  -6  -53  0
-39  45  -62  0
-51  -20  68  0
49  -48  41  0
35  11  77  0
23  -20  62  0
-27  70  53  0
9  -58  17  0
-80  48  10  0
48  64  42  0
9  -59  -69  0
46  -4  58  0
-63  59  -15  0
50  66  -57  0
26  -23  14  0
-51  3  -37  0
3  35  -59  0
-31  -53  -80  0
20  32  43  0
-44  -7  37  0
-75  -35  -44  0
29  37  30  0
56  55  -33  0
4  13  -56  0
-63  68  -27  0
8  5  46  0
1  -63  10  0
-75  -79  27  0
-71  2  -40  0
20  68  55  0
8  -77  40  0
-48  41  63  0
-21  -37  -58  0
40  19  -8  0
66  -24  47  0
64  13  79  0
65  -39  -16  0
-8  4  73  0
13  -50  11  0
-80  -2  -37  0
-75  -22  32  0
-10  18  46  0
-14  -31  10  0
-41  -47  -27  0
32  -11  18  0
-59  66  -42  0
56  27  -69  0
-40  -2  -31  0
76  41  39  0
-63  -68  10  0
-4  -26  1  0
-45  -50  52  0
-3  -52  4  0
77  63  -23  0
-54  -51  41  0
60  77  29  0
74  -54  24  0
39  15  18  0
47  50  19  0
-26  -78  63  0
79  33  32  0
-52  66  -59  0
75  50  -15  0
-40  -50  8  0
-34  -62  -60  0
56  -36  -35  0
-37  -58  14  0
35  -38  80  0
27  -32  -38  0
-26  29  -80  0
7  -17  2  0
-1  -27  -53  0
-59  -38  5  0
65  -47  -1  0
30  25  -29  0
-52  -68  -64  0
46  -61  5  0
-17  -77  -28  0
66  80  18  0
-60  -6  -8  0
-8  15  30  0
2  23  51  0
22  3  -20  0
-60  -76  -67  0
57  6  -59  0
75  -48  -50  0
55  -66  44  0
21  -18  50  0
-20  80  25  0
-11  58  33  0
51  -58  27  0
67  -1  -55  0
-31  44  21  0
-14  -26  -36  0
54  -10  -55  0
-44  -80  -72  0
-64  53  -51  0
-75  -45  72  0
-63  -37  -79  0
25  62  36  0
19  -47  -36  0
46  -53  -31  0
-77  54  -60  0
3  -34  76  0
56  -32  29  0
-65  77  -19  0
49  -52  -71  0
30  -70  18  0
72  20  38  0
-58  37  18  0
-46  15  -35  0
10  -26  -28  0
21  -64  -69  0
-4  -20  -52  0
-40  -28  -56  0
48  10  7  0
12  70  -44  0
-74  55  -72  0
70  60  21  0
31  2  -53  0
53  14  -71  0
53  63  -51  0
-37  15  65  0
46  78  22  0
-34  -12  13  0
-4  -46  -12  0
70  -33  -14  0
55  -42  63  0
71  62  -53  0
70  -4  25  0
67  -64  -35  0
-62  -68  -3  0
-4  -51  54  0
-63  -54  34  0
-51  -52  -17  0
-35  -8  -69  0
25  -27  64  0
73  -38  34  0
-62  49  -54  0
-7  -80  35  0
12  76  22  0
-37  23  -2  0
27  16  -48  0
-58  -16  49  0
32  -12  -24  0
-76  -65  17  0
-13  -43  41  0
75  21  77  0
58  -56  -4  0
43  50  -20  0
-59  70  -51  0
4  -3  46  0
-9  -73  -65  0
57  -59  54  0
46  -6  69  0
-45  -79  11  0
-29  -36  -6  0
16  -55  -47  0
65  73  -45  0
31  54  -64  0
-65  74  26  0
4  80  42  0
-40  -62  -5  0
17  55  9  0
72  13  -60  0
-5  -62  11  0
-27  -73  -9  0
1  43  73  0
46  61  37  0
73  22  39  0
-64  6  -68  0
-13  79  17  0
-71  63  70  0
-26  5  52  0
15  -4  -39  0
-35  -33  54  0
77  75  61  0
-33  55  -28  0
-3  20  -9  0
-72  13  -57  0
6  70  38  0
-65  70  71  0
1  36  21  0
54  -33  77  0
23  54  -9  0
53  -25  -76  0
-24  64  -69  0
-38  -2  71  0
42  66  -13  0
30  -73  35  0
24  64  -58  0
-18  72  -46  0
