c mkcnf random cnf with seed 435543, max clause length 3
c FORCED SATISFIABLE
c 
p cnf 80  344
-47  53  -44  0
23  -44  -12  0
-49  59  -54  0
4  -69  -62  0
-55  13  -21  0
80  -68  72  0
-6  -40  19  0
-28  80  50  0
-43  33  -30  0
41  -39  66  0
-21  56  5  0
54  5  -41  0
-46  -1  49  0
-52  -31  -45  0
5  53  -48  0
54  -30  4  0
-70  61  -45  0
-41  -58  -6  0
72  -47  -38  0
11  -34  15  0
18  -45  71  0
64  56  48  0
49  -6  -53  0
-63  44  9  0
46  -12  -66  0
14  -15  18  0
5  75  -78  0
32  16  17  0
-35  -26  60  0
-71  -49  28  0
-79  -57  -72  0
28  1  -68  0
73  -2  -76  0
33  -71  -14  0
-10  37  -66  0
42  18  -14  0
53  75  -52  0
63  -3  62  0
76  -29  64  0
35  -80  -77  0
-68  -12  77  0
-45  -42  -53  0
40  -24  -37  0
-8  66  -56  0
29  64  20  0
22  5  -44  0
-46  74  -67  0
40  70  -25  0
-71  -34  -46  0
-71  -21  64  0
-53  -8  -23  0
73  -37  -72  0
-23  -52  5  0
-24  -77  50  0
-11  71  -53  0
-13  -62  25  0
-66  -61  -22  0
78  -80  47  0
-69  -77  -15  0
-34  -55  79  0
44  42  -79  0
4  -62  57  0
50  71  -79  0
-2  30  23  0
-63  50  77  0
-75  71  76  0
-50  -26  -32  0
2  -30  -72  0
73  28  15  0
75  -64  55  0
50  31  -33  0
29  30  10  0
45  -2  79  0
-53  -73  -47  0
-6  61  44  0
-11  56  -50  0
46  -12  35  0
37  80  -8  0
60  67  74  0
-46  64  -75  0
-26  62  -53  0
31  52  -45  0
-19  47  -33  0
36  -61  -57  0
-71  -80  55  0
-67  -69  17  0
46  2  -24  0
34  -9  -6  0
4  -74  40  0
-52  -14  7  0
-56  41  3  0
46  -41  -34  0
35  -38  -2  0
5  -53  21  0
-36  -25  -73  0
67  -32  -50  0
30  18  -55  0
28  -70  -63  0
-80  -46  9  0
-1  -10  -52  0
-37  -22  -76  0
72  -2  62  0
-4  29  -24  0
-63  -43  -71  0
43  -56  53  0
35  43  -27  0
58  21  -42  0
8  66  60  0
-45  -74  56  0
19  -20  17  0
-72  28  51  0
34  -27  65  0
61  33  -28  0
69  79  -11  0
-50  80  -8  0
33  7  39  0
-78  38  17  0
72  -23  12  0
-35  66  -46  0
27  49  18  0
-30  -63  -43  0
-79  -78  61  0
-61  24  -37  0
60  -26  -44  0
58  75  36  0
77  78  67  0
21  -74  73  0
17  -75  -48  0
-80  -79  24  0
68  -31  -76  0
62  68  -41  0
35  -33  66  0
-24  -27  67  0
18  4  61  0
-12  -2  3  0
-45  -62  67  0
1  -47  -42  0
9  66  -37  0
28  17  78  0
-73  40  -75  0
79  9  25  0
-28  -38  80  0
23  11  8  0
-17  -69  11  0
-38  75  61  0
-76  -63  -48  0
78  69  53  0
30  -25  80  0
46  60  40  0
-62  -76  -31  0
52  -53  47  0
61  -45  1  0
44  80  34  0
26  -15  -48  0
56  -41  64  0
47  -14  32  0
-32  -45  36  0
-75  -26  59  0
-9  -5  -65  0
22  65  69  0
10  40  72  0
22  -71  12  0
4  -36  15  0
-69  -22  -10  0
-47  73  -3  0
-65  47  -73  0
63  4  75  0
8  10  -54  0
-62  -69  23  0
66  48  22  0
10  33  -18  0
58  14  -31  0
68  76  20  0
27  31  -6  0
60  -20  55  0
27  56  53  0
62  -69  48  0
65  68  -54  0
-28  -36  -19  0
-9  -25  -24  0
-16  38  29  0
63  75  -48  0
2  -71  17  0
69  -66  40  0
52  -63  -54  0
15  56  13  0
-64  -1  77  0
-21  -63  -73  0
10  -60  46  0
-31  -59  -5  0
-22  1  7  0
-77  -24  -11  0
40  -34  31  0
77  71  -46  0
-51  -28  -79  0
-27  -15  62  0
22  70  -34  0
-13  -26  44  0
-28  70  -46  0
78  27  -23  0
-63  -65  26  0
42  -69  -39  0
67  -55  60  0
-43  4  -60  0
-36  -10  31  0
-27  -73  66  0
-33  59  -42  0
-71  -63  -78  0
65  -77  -25  0
-60  61  18  0
-28  -64  -55  0
-64  79  49  0
-38  -25  32  0
-23  -6  -31  0
58  15  -74  0
-72  -9  60  0
-12  -34  -40  0
36  42  57  0
65  -14  -52  0
54  31  -46  0
-64  52  -53  0
52  -66  -59  0
67  -77  -76  0
-8  75  39  0
-1  49  -63  0
-62  -34  1  0
59  -33  78  0
-39  5  -26  0
57  -62  -13  0
-39  38  -12  0
-39  72  20  0
-65  -20  55  0
-37  -80  -31  0
-30  9  -6  0
4  -65  75  0
-21  -58  -67  0
-36  -80  -53  0
-56  2  -32  0
46  7  -2  0
43  -33  -51  0
36  65  -45  0
69  -51  -68  0
45  75  -29  0
9  -66  55  0
57  -36  68  0
-16  33  -63  0
-20  21  -28  0
73  78  49  0
67  17  -48  0
27  -29  57  0
-60  -6  40  0
-48  51  -38  0
64  -10  17  0
5  71  -75  0
-17  -37  -78  0
1  -45  -68  0
54  58  41  0
-41  -78  -40  0
2  -31  -69  0
-24  26  -36  0
-22  67  47  0
-23  22  -20  0
-53  -23  26  0
-62  13  3  0
-5  -56  -80  0
-76  -4  66  0
-21  -65  14  0
-7  -23  20  0
16  -63  -17  0
10  -78  -58  0
65  -8  6  0
70  -26  38  0
53  -71  -8  0
4  -10  -57  0
-5  -76  4  0
-3  -25  -4  0
30  -19  46  0
54  9  35  0
26  34  7  0
-60  36  -35  0
-32  -26  11  0
78  36  -19  0
56  -39  44  0
18  55  15  0
-15  -64  42  0
46  75  -48  0
-38  -49  -50  0
-18  -52  75  0
12  -2  80  0
-71  10  16  0
71  64  57  0
-8  74  11  0
-6  15  -28  0
38  45  55  0
-13  -69  -37  0
-45  -69  12  0
23  78  -24  0
68  -20  37  0
-33  -38  -21  0
64  -17  63  0
75  -37  -51  0
72  63  8  0
-48  13  -18  0
36  25  7  0
58  -64  6  0
-16  1  -33  0
-77  -48  -10  0
-72  36  80  0
-35  30  64  0
-44  16  67  0
-73  47  72  0
4  -55  13  0
52  62  -42  0
18  -4  10  0
23  -21  33  0
43  34  37  0
-33  41  -64  0
-23  46  61  0
-2  14  -63  0
-23  -73  -59  0
7  73  51  0
15  6  75  0
66  -61  62  0
47  58  73  0
46  -58  -53  0
29  77  -8  0
-51  -78  -25  0
-8  43  -21  0
24  -43  -71  0
-9  -75  79  0
64  21  48  0
-49  80  -19  0
38  24  -52  0
-24  6  11  0
-56  -1  -19  0
-23  61  66  0
-23  -66  -33  0
58  -13  2  0
-35  -32  -67  0
60  66  -46  0
-49  74  -6  0
-3  38  -61  0
-31  22  56  0
-77  -3  43  0
