c mkcnf random cnf with seed 435587, max clause length 3
c FORCED SATISFIABLE
c 
p cnf 80  344
57  77  36  0
-66  56  3  0
76  -17  -45  0
48  -43  -55  0
-48  23  74  0
-49  -44  56  0
-70  30  8  0
-71  56  46  0
24  -27  61  0
13  -44  -20  0
-41  -52  55  0
12  70  24  0
26  71  43  0
48  -37  19  0
56  6  53  0
-55  57  65  0
-77  58  -65  0
9  -32  -59  0
34  4  -67  0
22  -66  26  0
-12  -15  16  0
65  12  -79  0
-18  -64  28  0
36  -49  43  0
-75  73  -50  0
-35  43  -77  0
-61  12  -68  0
-75  24  -61  0
72  -1  -37  0
-10  3  18  0
-15  -48  -57  0
57  -32  -16  0
80  61  54  0
52  45  62  0
-7  -66  40  0
-63  -37  -34  0
18  -69  -1  0
-56  -45  11  0
51  -60  -52  0
-7  -77  -6  0
7  36  10  0
-29  33  32  0
-19  1  14  0
-31  -14  -8  0
-10  -20  -74  0
66  -14  55  0
52  16  5  0
-4  -72  -20  0
8  -46  -70  0
-71  33  -2  0
32  19  34  0
-33  32  -71  0
-65  20  73  0
-52  7  -44  0
21  45  78  0
24  -39  63  0
-63  56  -38  0
-68  -10  -69  0
36  59  -53  0
-40  -32  -74  0
13  47  27  0
-21  50  -19  0
-71  -33  -27  0
22  23  -20  0
36  -11  -42  0
-53  18  66  0
69  -57  18  0
-53  80  -41  0
49  -79  51  0
-28  -55  46  0
64  -76  19  0
64  -74  -53  0
66  -31  -61  0
-58  69  65  0
11  -6  -22  0
-67  66  -49  0
-66  -41  -2  0
29  -19  42  0
-5  62  53  0
-11  45  -76  0
21  76  -57  0
52  14  -25  0
-59  5  -42  0
30  -56  -35  0
-33  77  1  0
-23  -74  29  0
-51  -11  -12  0
-14  -26  -62  0
12  76  18  0
-66  58  -24  0
28  -39  -24  0
-45  -3  59  0
-14  48  -39  0
65  -45  40  0
45  48  -65  0
-65  70  -41  0
-5  -48  -64  0
-71  -74  -6  0
59  24  58  0
44  -19  60  0
-3  -69  53  0
13  51  9  0
28  -15  -12  0
-36  -22  -44  0
-38  -3  33  0
13  44  21  0
26  34  41  0
13  -28  -33  0
49  11  80  0
-27  -42  59  0
71  -49  -64  0
60  -59  80  0
-5  -19  -13  0
8  -60  71  0
35  -74  -58  0
71  40  68  0
-22  -6  59  0
50  -53  71  0
-79  24  -80  0
61  28  -55  0
12  7  -8  0
74  42  38  0
-15  -17  -2  0
-67  -51  80  0
63  65  13  0
-10  -38  9  0
-59  -68  48  0
-65  -78  51  0
70  -34  -18  0
56  -77  -47  0
1  46  -48  0
-3  78  15  0
-73  29  -27  0
-10  30  -79  0
61  63  22  0
-41  43  67  0
49  -56  43  0
-19  -6  62  0
-55  16  42  0
29  36  -30  0
-20  -35  -78  0
53  -11  19  0
62  -27  -32  0
2  66  13  0
73  10  42  0
71  34  24  0
4  51  59  0
3  -52  34  0
42  66  -43  0
-9  74  -18  0
-37  36  -15  0
-19  25  52  0
80  -15  -17  0
78  -18  16  0
53  33  72  0
47  -13  -1  0
-70  20  22  0
-4  -57  36  0
32  -12  55  0
-11  -6  4  0
33  -76  50  0
80  -7  -50  0
72  -39  11  0
19  50  -31  0
57  -48  -71  0
-47  9  -77  0
27  -2  -73  0
44  26  -59  0
-60  42  -40  0
13  -68  -67  0
74  47  -40  0
71  66  -11  0
49  -41  71  0
-13  -44  2  0
-73  47  -13  0
70  -47  -78  0
-71  -73  -66  0
-51  -78  -26  0
57  -42  11  0
-37  63  -42  0
-13  -25  57  0
14  -66  11  0
-17  51  -80  0
5  -52  40  0
-3  71  13  0
-65  79  75  0
-26  4  -41  0
-28  -13  -43  0
-1  2  24  0
-79  66  -38  0
-51  57  73  0
-77  -52  -73  0
-43  -53  11  0
-25  43  -1  0
70  62  -30  0
15  -19  -76  0
12  -59  -44  0
-79  -50  -60  0
-74  34  -59  0
-78  -69  7  0
10  22  -33  0
22  -36  64  0
-73  45  65  0
-23  -19  5  0
-79  -29  -39  0
-41  -29  -55  0
-10  -63  42  0
27  67  7  0
-62  -2  -21  0
-37  -63  -19  0
40  -24  47  0
-40  35  -72  0
-80  -73  -77  0
9  -1  3  0
-9  -62  -40  0
35  -7  -76  0
-21  -49  38  0
-66  -45  5  0
-58  10  -68  0
21  -51  -24  0
-71  80  -41  0
-68  -75  -22  0
-77  27  5  0
-33  5  40  0
-73  -42  -61  0
72  -56  -4  0
8  44  -1  0
46  -70  12  0
60  8  -22  0
-34  -29  -12  0
31  -59  19  0
45  -48  24  0
36  11  16  0
24  -36  38  0
55  19  -27  0
19  77  -60  0
-59  58  40  0
-39  -62  8  0
-48  18  -6  0
-15  41  60  0
70  16  -22  0
-36  -69  -70  0
7  79  -70  0
-16  66  -59  0
-35  -21  -7  0
34  3  -14  0
-79  -47  36  0
-57  -71  35  0
-55  15  -46  0
58  -37  36  0
27  -30  -48  0
-8  -58  45  0
-34  -13  -33  0
-13  64  8  0
75  71  76  0
54  -29  49  0
-8  74  21  0
63  19  -13  0
-80  -29  10  0
18  -32  78  0
-15  -71  -42  0
-28  -21  49  0
67  1  69  0
50  -23  41  0
40  78  -72  0
-37  55  -20  0
-28  -2  72  0
-24  -39  23  0
74  -72  11  0
12  -17  -34  0
-13  45  6  0
-45  40  43  0
49  -55  -53  0
-15  -61  -33  0
-80  -76  -34  0
-22  72  -1  0
22  28  73  0
-11  -40  47  0
-53  63  -49  0
-50  10  40  0
-5  7  16  0
44  -25  34  0
21  -55  -79  0
-50  -4  -73  0
30  73  36  0
12  -38  59  0
-27  -8  -46  0
-69  59  12  0
66  -29  74  0
-52  -18  -35  0
-22  40  19  0
-41  51  -15  0
43  -69  22  0
52  49  77  0
69  77  59  0
-50  9  -45  0
19  51  -28  0
-77  62  52  0
50  68  17  0
-31  36  26  0
77  -38  -59  0
-61  58  32  0
78  3  58  0
-40  -11  -71  0
66  -50  -15  0
69  72  -37  0
50  13  -31  0
-50  13  73  0
74  51  -44  0
-43  -61  -34  0
-17  -40  -58  0
36  -15  -59  0
-37  21  -17  0
77  35  -62  0
14  51  79  0
-70  -75  -5  0
-27  68  -8  0
64  7  37  0
8  32  14  0
-26  77  -68  0
45  28  -56  0
77  80  45  0
7  80  -23  0
28  46  -41  0
19  64  2  0
-66  -35  32  0
-77  -73  6  0
-11  -19  -27  0
-17  -61  19  0
66  9  -31  0
11  77  2  0
-48  51  65  0
61  -37  -53  0
76  16  22  0
-19  23  20  0
-68  -38  69  0
38  15  -52  0
-43  -42  15  0
-2  23  36  0
-5  18  -43  0
1  79  -59  0
-36  32  -77  0
-48  49  68  0
69  -71  75  0
