c mkcnf random cnf with seed 435578, max clause length 3
c FORCED SATISFIABLE
c 
p cnf 80  344
41  50  -47  0
-39  -55  45  0
-14  70  -46  0
-72  -50  21  0
48  70  -47  0
31  13  -1  0
-78  -8  -80  0
-69  37  -68  0
-19  -30  18  0
-6  -27  36  0
-43  -57  1  0
64  -53  70  0
23  45  58  0
-71  -11  -21  0
68  -48  8  0
-20  -36  14  0
23  43  26  0
-8  77  -3  0
57  -38  -8  0
20  57  37  0
-25  -11  28  0
-17  -77  43  0
63  32  42  0
75  -50  25  0
-26  -29  52  0
77  -53  -56  0
-37  -67  -13  0
-28  21  -23  0
28  55  51  0
23  -16  19  0
42  -70  -20  0
29  -5  66  0
54  36  -3  0
45  79  -34  0
-21  46  2  0
-10  52  -4  0
52  50  -24  0
-48  -52  -39  0
16  -20  -60  0
23  -5  -38  0
26  -19  -36  0
50  -27  -9  0
16  73  14  0
-16  -59  -3  0
1  59  49  0
-57  -21  4  0
63  18  23  0
-62  66  -9  0
-39  47  -73  0
-68  -2  -19  0
6  54  7  0
-62  75  38  0
-11  66  -17  0
-71  -80  8  0
-7  -57  -1  0
-2  10  71  0
76  -67  37  0
31  -76  -46  0
22  -55  32  0
-33  57  -71  0
63  -47  -56  0
61  58  39  0
48  -22  -21  0
45  75  56  0
-45  33  -4  0
-47  70  -19  0
62  46  57  0
-69  63  -39  0
-2  -64  -6  0
-63  -49  64  0
-49  29  -75  0
50  77  -43  0
-30  -22  -44  0
29  -55  -18  0
-13  -63  -43  0
-33  -9  15  0
-68  -55  -56  0
-30  79  -50  0
-19  37  60  0
-51  41  -47  0
19  25  17  0
64  -27  -40  0
78  -31  3  0
-5  -28  -47  0
-44  -38  51  0
20  -51  -3  0
63  -1  -80  0
-36  53  -61  0
67  12  58  0
-8  -26  -9  0
61  -69  -56  0
-33  80  -20  0
-52  61  -3  0
31  -57  -54  0
-61  -55  -46  0
67  60  -21  0
80  -39  71  0
24  72  47  0
60  14  62  0
-20  18  -23  0
-55  2  80  0
76  -69  -32  0
77  -69  9  0
66  -20  8  0
-28  -67  -3  0
33  37  -34  0
14  5  -6  0
-37  34  61  0
31  1  -65  0
8  24  -20  0
71  51  35  0
-71  -63  50  0
52  9  10  0
-70  -58  -21  0
-56  30  -79  0
13  -54  -79  0
76  -17  -41  0
-16  -74  -9  0
28  58  1  0
76  49  -75  0
16  78  44  0
59  4  43  0
-17  57  19  0
-32  48  6  0
-31  26  58  0
-56  36  -34  0
14  -52  -10  0
48  -29  35  0
-6  12  74  0
-33  45  11  0
64  6  -39  0
-17  -12  -37  0
75  72  -5  0
45  68  -36  0
30  19  37  0
-14  -55  41  0
-73  -4  58  0
77  47  -25  0
2  72  46  0
23  12  -31  0
24  -41  -7  0
12  60  -73  0
42  -77  -67  0
-2  -6  57  0
45  7  -9  0
-17  -52  -23  0
19  34  -30  0
-56  -7  -27  0
36  -65  -3  0
49  70  62  0
-27  68  73  0
74  -5  -40  0
-44  30  -8  0
-78  71  23  0
-46  -26  -43  0
-77  16  66  0
79  -9  -24  0
18  25  -52  0
-37  -8  2  0
-10  21  16  0
39  -43  -71  0
47  70  74  0
61  41  -24  0
76  -7  -66  0
60  -12  76  0
77  -45  46  0
10  -58  -78  0
9  -41  63  0
69  22  -34  0
43  67  -56  0
21  24  -17  0
21  29  7  0
-5  12  -72  0
18  -4  -66  0
-72  6  68  0
-63  -30  -47  0
-44  -31  -11  0
11  -68  12  0
69  22  72  0
-7  40  -69  0
59  15  -80  0
35  -54  -53  0
-11  58  -60  0
-58  -2  -3  0
46  -80  -51  0
-75  12  9  0
75  -22  40  0
-20  -38  -29  0
44  -52  3  0
-13  38  22  0
-10  -61  5  0
-49  52  77  0
2  -57  -43  0
67  3  72  0
-41  -10  50  0
41  -29  -8  0
79  59  -45  0
1  -48  -4  0
-3  -1  -4  0
57  29  75  0
25  61  -4  0
-48  72  76  0
-63  40  -37  0
-17  33  -12  0
-50  46  -59  0
-38  4  -66  0
-34  -60  -26  0
-79  -64  -36  0
-60  52  -68  0
-15  25  -10  0
-80  27  20  0
-13  16  -59  0
25  67  36  0
-20  -41  -47  0
16  -14  -39  0
39  -5  -80  0
65  46  -71  0
-43  67  80  0
24  -53  56  0
40  -45  38  0
-25  45  28  0
-71  -27  50  0
25  78  21  0
54  71  -57  0
-18  -19  -60  0
-65  75  -54  0
-19  -56  -75  0
44  4  75  0
76  -2  5  0
24  -29  66  0
-55  56  51  0
-29  61  76  0
74  39  32  0
53  56  28  0
10  -75  44  0
-31  2  -37  0
3  2  -28  0
42  57  16  0
-42  41  -39  0
57  62  -43  0
-44  -58  -23  0
75  41  -40  0
7  -24  -30  0
-25  -21  24  0
27  -43  -80  0
-28  24  -38  0
65  -33  -16  0
78  -14  21  0
18  41  66  0
56  -16  -44  0
63  15  -58  0
41  24  -57  0
44  78  -75  0
4  -33  74  0
36  -20  -55  0
-60  73  -46  0
7  -53  44  0
44  2  24  0
76  25  -2  0
-62  49  71  0
51  63  18  0
28  -79  17  0
55  -60  35  0
75  33  38  0
-45  -67  -75  0
15  78  53  0
50  3  -74  0
-63  22  40  0
-76  -21  -46  0
-49  -57  6  0
-11  73  34  0
12  25  -14  0
2  19  63  0
-36  26  -78  0
36  2  54  0
-78  -65  -34  0
-65  26  74  0
56  -51  -24  0
43  18  24  0
-53  16  -75  0
21  -73  -49  0
5  -13  -60  0
-66  -67  80  0
15  36  -43  0
70  43  -48  0
41  -17  75  0
-72  31  -21  0
-9  14  -33  0
53  28  -21  0
-77  -79  -55  0
-23  -2  67  0
-14  52  -53  0
25  43  -21  0
41  78  -61  0
-25  -41  -21  0
44  25  48  0
-54  53  56  0
-31  45  34  0
-67  -76  47  0
55  -44  -72  0
-10  7  -9  0
37  52  9  0
61  71  -53  0
57  -50  -63  0
57  -40  70  0
-12  -20  19  0
16  -44  -46  0
-22  -57  15  0
-9  57  72  0
-62  16  14  0
-45  72  -38  0
11  -46  32  0
-41  -57  30  0
68  30  17  0
19  -76  -62  0
31  -38  -17  0
-38  72  -49  0
-67  39  -47  0
-51  -28  61  0
-60  64  66  0
-13  -78  -16  0
-12  21  -58  0
24  -73  -56  0
34  -1  10  0
6  47  34  0
-48  -64  -77  0
-68  16  -1  0
28  -47  37  0
76  -9  -22  0
11  -56  72  0
58  -76  60  0
41  -49  -43  0
-42  -16  14  0
38  -72  -15  0
-78  -6  -4  0
40  6  47  0
26  1  51  0
67  38  -57  0
-24  -61  -28  0
-12  -9  49  0
-39  -73  59  0
43  5  -12  0
-27  -19  -36  0
3  56  -18  0
