c mkcnf random cnf with seed 435588, max clause length 3
c FORCED SATISFIABLE
c 
p cnf 80  344
50  27  -71  0
49  30  40  0
-35  -39  19  0
-1  -65  -21  0
54  60  37  0
-57  -14  -4  0
67  66  -11  0
-39  13  23  0
-13  -59  70  0
-70  -34  68  0
36  55  -54  0
-29  22  -75  0
17  79  -75  0
61  67  24  0
-76  45  -42  0
-30  -53  70  0
36  -60  18  0
-45  -54  13  0
-74  5  -62  0
4  -68  -76  0
73  44  41  0
36  13  38  0
-59  -1  -3  0
59  -29  72  0
-37  18  36  0
19  10  -33  0
-12  51  -2  0
64  -71  9  0
-20  -54  7  0
-29  -71  21  0
-30  75  48  0
50  -77  37  0
-56  -7  -78  0
-2  53  35  0
-62  42  66  0
79  -27  -63  0
64  72  -36  0
68  44  -75  0
47  -66  37  0
-12  41  -5  0
2  -78  -40  0
-44  32  24  0
76  58  77  0
24  15  75  0
-51  49  -15  0
-41  65  18  0
55  -9  -16  0
-25  -52  -36  0
59  5  -30  0
44  50  35  0
-44  -32  76  0
17  47  56  0
22  15  -7  0
-62  -16  -1  0
-51  39  54  0
-19  15  38  0
26  68  -25  0
-59  12  38  0
-59  10  12  0
-47  2  -21  0
-5  12  59  0
78  45  -79  0
-51  60  24  0
-70  -71  -30  0
43  -57  -30  0
28  -76  32  0
-14  18  26  0
20  45  25  0
47  -71  -16  0
-21  -58  -7  0
57  79  9  0
-39  -73  29  0
-44  -60  -32  0
-14  69  26  0
-40  21  -12  0
77  -35  -17  0
-76  38  80  0
-20  53  6  0
-42  -77  75  0
29  16  54  0
17  -7  -74  0
-10  -49  7  0
-18  61  -46  0
-32  -10  65  0
-77  -54  26  0
69  9  63  0
-25  -29  65  0
65  74  -32  0
70  -2  -61  0
-29  -61  68  0
-49  -4  77  0
17  -36  51  0
-27  78  53  0
-42  51  68  0
-50  -4  43  0
45  16  -43  0
5  -36  -46  0
3  43  -75  0
16  -18  -74  0
-30  -17  -15  0
38  49  -39  0
-20  32  22  0
-3  -27  5  0
-1  15  60  0
-36  -25  54  0
10  -60  11  0
42  -58  -45  0
-6  61  -56  0
-27  -19  7  0
-51  40  -2  0
-29  3  40  0
-41  49  -21  0
6  -60  -1  0
61  -69  -27  0
-47  35  43  0
31  -25  -68  0
47  -15  -8  0
-78  -34  65  0
36  -46  -40  0
19  -32  34  0
27  -11  63  0
-21  33  6  0
67  73  -68  0
-10  -42  15  0
-11  4  -52  0
-58  -48  -71  0
11  70  -22  0
-25  42  -17  0
-60  20  -68  0
-71  45  -34  0
21  -28  -65  0
-60  15  70  0
77  -4  -6  0
41  14  -51  0
27  -73  -17  0
20  -18  -68  0
68  7  17  0
76  -37  68  0
34  30  58  0
-54  -26  -31  0
58  -68  -75  0
-35  -42  -79  0
42  -25  -36  0
42  -25  21  0
-38  26  -44  0
46  -35  50  0
76  15  -46  0
-11  50  -52  0
-36  77  43  0
-5  39  -23  0
8  -46  -51  0
43  56  -14  0
63  -6  1  0
-35  16  61  0
34  50  22  0
-38  -57  21  0
-69  79  28  0
71  27  3  0
18  -7  9  0
-80  49  -28  0
54  -13  35  0
15  36  -59  0
64  -38  17  0
-13  -12  -66  0
12  -51  -48  0
13  10  17  0
60  12  14  0
-20  71  -75  0
30  17  -40  0
-27  21  62  0
71  78  63  0
-66  23  -78  0
-25  -35  -16  0
34  71  66  0
46  -27  -4  0
-1  -26  -45  0
73  -51  72  0
-50  -72  -66  0
45  -2  -47  0
-40  39  -31  0
-73  -7  42  0
-80  -13  -33  0
60  -68  -20  0
79  -44  75  0
52  -55  -29  0
-50  30  27  0
44  23  65  0
-66  -29  -26  0
-2  76  -63  0
-19  -20  39  0
-22  -43  -21  0
-54  -18  23  0
-44  -79  51  0
22  -33  -28  0
79  -35  -8  0
-42  -76  -61  0
64  36  68  0
-3  -74  -54  0
72  -79  2  0
52  70  -61  0
38  -10  -79  0
79  -69  75  0
-23  39  -40  0
-37  -29  -5  0
-39  42  17  0
65  -59  55  0
-66  28  24  0
-64  15  -65  0
-41  46  5  0
68  46  55  0
-57  66  -23  0
-24  69  52  0
41  45  79  0
59  -15  38  0
-7  76  -31  0
34  28  9  0
-31  80  -3  0
71  -48  75  0
64  -66  50  0
18  8  45  0
-2  -37  36  0
50  25  -41  0
-61  32  -66  0
-47  -36  25  0
30  80  -41  0
-68  48  64  0
34  30  -56  0
-70  -74  -26  0
-68  50  -65  0
-17  57  20  0
7  19  -71  0
32  79  56  0
-30  -9  42  0
63  72  44  0
52  -49  -31  0
-17  72  78  0
12  -56  -63  0
-67  -69  -65  0
-19  -60  66  0
5  -44  51  0
-1  7  -65  0
-69  -53  -4  0
54  -39  -67  0
-10  25  8  0
21  40  -53  0
-51  -12  -40  0
47  -16  58  0
51  16  -44  0
11  -71  -77  0
42  65  74  0
52  -45  80  0
72  -13  76  0
7  2  9  0
11  8  -70  0
-39  66  72  0
-68  -71  73  0
31  62  50  0
-77  60  -19  0
-31  24  -58  0
48  -70  -38  0
-18  4  80  0
-23  -6  1  0
35  3  28  0
59  49  19  0
-56  -50  31  0
-73  5  8  0
-46  -21  79  0
-36  -72  26  0
-70  -39  16  0
35  59  75  0
25  -36  24  0
74  -72  -78  0
-49  -26  -12  0
-14  -16  -54  0
4  -57  -51  0
78  7  -1  0
-4  -66  -1  0
5  -25  64  0
-15  -30  -12  0
65  33  25  0
-52  -15  27  0
-27  -63  -10  0
28  61  44  0
38  69  74  0
-3  -23  49  0
71  9  -30  0
41  -70  74  0
-36  33  3  0
26  9  23  0
-75  8  55  0
-65  -74  -61  0
18  40  -38  0
-61  62  73  0
3  15  -30  0
45  28  53  0
63  -64  74  0
3  -47  -10  0
62  -17  -28  0
15  65  -48  0
-21  55  17  0
-12  11  70  0
-74  8  -5  0
-26  -52  70  0
50  77  66  0
-79  40  67  0
-38  -3  -40  0
-78  -61  66  0
-33  -52  -36  0
-33  66  -19  0
-8  -71  -56  0
-15  -61  -32  0
75  -4  29  0
43  -55  18  0
-73  -29  -72  0
76  44  10  0
-56  -59  -64  0
-60  -28  35  0
61  7  -72  0
31  38  27  0
11  -2  79  0
12  50  -4  0
-15  -59  -3  0
55  49  -15  0
-45  36  54  0
18  -33  11  0
-13  -62  -21  0
7  -31  16  0
-74  -32  -76  0
3  45  38  0
19  -37  -41  0
45  -33  66  0
29  41  -74  0
15  58  18  0
-24  -4  22  0
-12  -61  -57  0
63  -45  1  0
49  21  45  0
31  58  -53  0
-79  -2  45  0
30  -76  -9  0
-48  -58  47  0
26  15  62  0
26  -25  -31  0
20  -9  22  0
