c mkcnf random cnf with seed 435570, max clause length 3
c FORCED SATISFIABLE
c 
p cnf 80  344
17  53  12  0
14  1  -4  0
22  76  80  0
-2  59  -39  0
11  -40  47  0
22  -21  80  0
-49  75  59  0
72  -58  -63  0
9  -26  40  0
-8  -59  44  0
60  -8  37  0
3  -14  -30  0
-50  53  -72  0
-78  -72  77  0
-77  79  -48  0
30  -14  -16  0
-13  -12  22  0
39  -42  12  0
53  -13  -50  0
-42  -6  60  0
80  4  71  0
-56  -32  70  0
-63  -5  4  0
75  -46  25  0
-11  31  -13  0
-31  -76  8  0
-65  -50  5  0
-38  19  2  0
-50  -31  -42  0
55  2  79  0
-39  -77  -22  0
13  -72  58  0
42  11  35  0
-35  -46  -28  0
21  -55  64  0
-30  7  33  0
60  77  75  0
-38  21  62  0
-58  67  34  0
62  57  -63  0
9  58  68  0
20  -8  74  0
-37  55  -56  0
-18  7  -8  0
-67  31  -17  0
-33  77  10  0
-35  45  -77  0
48  66  4  0
17  -51  46  0
13  39  -50  0
9  1  -20  0
-64  -39  44  0
60  -59  10  0
68  50  1  0
-49  8  18  0
-5  -35  -37  0
-43  44  14  0
68  65  -2  0
-12  50  -39  0
13  -50  5  0
-5  -69  -12  0
71  -42  13  0
9  -60  -26  0
-38  72  -68  0
25  6  8  0
-58  -24  21  0
78  -59  -25  0
75  37  -31  0
-37  -11  -54  0
17  -5  55  0
-41  15  -25  0
38  27  16  0
70  -3  -36  0
26  -59  22  0
-2  -67  -8  0
-26  14  -65  0
-16  -18  61  0
-43  25  -51  0
-60  -26  -53  0
43  23  5  0
2  8  41  0
-30  -72  -80  0
31  -80  38  0
9  -14  -51  0
32  -59  -34  0
-31  18  -50  0
48  -52  68  0
64  -10  52  0
-37  33  4  0
39  56  21  0
-5  1  -78  0
74  78  -68  0
31  33  -73  0
72  27  26  0
36  32  75  0
-76  14  -64  0
63  -58  66  0
-69  -28  60  0
-43  -76  36  0
28  -3  -65  0
13  48  -65  0
59  -45  56  0
-12  -78  -20  0
19  76  61  0
-6  31  39  0
-43  13  -50  0
-62  57  -61  0
26  -54  52  0
59  48  -27  0
75  71  27  0
-17  -9  -31  0
-37  -14  -63  0
56  -47  -35  0
53  -70  35  0
-40  -45  11  0
-29  44  16  0
-54  42  -18  0
75  -20  -59  0
73  -72  13  0
-37  6  58  0
67  32  2  0
32  77  -44  0
71  -10  30  0
-61  14  39  0
39  25  -51  0
52  -18  27  0
45  16  -39  0
-48  -58  -75  0
-22  -8  -31  0
-38  6  -54  0
-24  -57  67  0
-14  -56  49  0
-41  -1  -33  0
-17  -15  -72  0
-27  4  -73  0
49  -44  -6  0
-58  21  -55  0
19  -58  -48  0
-15  7  -68  0
-68  2  18  0
-80  -37  38  0
55  19  23  0
10  29  -62  0
-19  55  -34  0
-51  -18  77  0
48  21  56  0
-40  -50  -75  0
-57  19  -65  0
-39  61  65  0
-3  -60  -5  0
42  3  -69  0
-64  49  24  0
56  63  3  0
-24  -11  -12  0
-26  -1  54  0
-72  10  -46  0
-4  58  64  0
36  -26  -10  0
-71  -33  30  0
-43  9  -74  0
-34  56  -52  0
52  20  51  0
49  74  -28  0
73  54  -47  0
-1  66  -69  0
24  61  -55  0
-72  51  -6  0
22  27  -23  0
-75  -22  -41  0
-52  71  46  0
-71  -41  -35  0
53  -20  -56  0
-45  -10  -52  0
8  -78  41  0
77  46  50  0
44  69  80  0
50  10  37  0
-24  -76  -11  0
72  66  -55  0
16  -17  10  0
-27  -36  64  0
-1  -43  77  0
15  -37  -4  0
55  37  57  0
8  -15  -78  0
-51  44  -4  0
19  -8  -3  0
-52  5  23  0
-41  -31  44  0
-17  26  -54  0
-48  -16  -50  0
-78  36  -62  0
-78  2  14  0
-44  -36  56  0
-44  -28  16  0
-21  -58  38  0
-51  80  -17  0
36  -42  34  0
59  16  -8  0
53  -71  13  0
47  -6  40  0
-52  -43  -55  0
49  15  18  0
21  70  43  0
-38  -68  -20  0
-12  59  -18  0
5  57  -59  0
72  -32  -64  0
63  -57  -10  0
-39  -55  -16  0
47  -65  20  0
9  -76  69  0
-15  45  65  0
-12  5  -75  0
-25  28  19  0
-60  -36  -77  0
53  75  -26  0
51  36  -62  0
23  35  53  0
-6  -19  -3  0
64  6  -38  0
3  -74  -65  0
-63  31  -48  0
-68  -31  -38  0
-36  67  61  0
31  29  -22  0
-71  76  9  0
-72  55  -27  0
-69  45  4  0
-37  27  -38  0
56  -35  8  0
62  -73  -42  0
71  75  1  0
-23  -76  11  0
53  26  -44  0
49  59  -66  0
-65  14  22  0
-59  -31  70  0
-67  -5  -59  0
48  23  57  0
-11  -52  -75  0
51  62  66  0
-66  49  -16  0
-2  68  -22  0
-69  58  -41  0
-28  -21  76  0
-4  -42  -63  0
15  -23  -7  0
-75  -33  -57  0
59  -4  61  0
-54  -68  51  0
-34  17  22  0
-47  -69  -30  0
5  24  12  0
-29  56  4  0
60  -63  80  0
73  -30  -9  0
-49  -13  7  0
30  -76  -34  0
36  -44  -13  0
-76  -24  -11  0
-53  46  59  0
20  80  1  0
-65  70  80  0
-66  64  -62  0
68  -59  -3  0
22  -6  13  0
31  -45  -8  0
55  -53  -6  0
-63  62  40  0
71  7  42  0
-45  40  66  0
49  33  -2  0
-11  -16  -10  0
4  -73  -74  0
76  -19  -37  0
67  -26  -11  0
-27  -2  80  0
29  1  22  0
31  58  32  0
-35  -27  -48  0
9  -11  -34  0
-6  76  4  0
-72  -38  -2  0
5  43  -66  0
-37  -61  -74  0
-52  72  -37  0
-80  25  1  0
67  19  63  0
-32  -19  -54  0
-15  23  -50  0
25  -43  -7  0
-79  77  69  0
-74  26  -27  0
-11  -27  62  0
59  -25  55  0
-47  -25  29  0
-40  58  74  0
-78  -71  51  0
79  -72  50  0
26  25  -66  0
43  65  10  0
35  -8  -29  0
57  -74  21  0
65  63  59  0
-26  39  -5  0
37  43  2  0
71  -44  33  0
28  47  -58  0
-27  63  -28  0
63  -42  -11  0
-58  -22  -3  0
-71  -76  -31  0
-52  -23  -14  0
-60  -24  41  0
-46  -58  -4  0
44  -45  -24  0
16  19  64  0
38  -20  -26  0
56  2  -38  0
2  -47  77  0
37  17  24  0
69  -34  43  0
-5  -43  -29  0
17  61  -13  0
25  -9  -27  0
-76  27  2  0
8  -33  -63  0
-1  -11  24  0
3  -10  -55  0
6  -52  -53  0
-2  73  45  0
-36  -29  -9  0
-15  52  62  0
26  20  5  0
40  32  9  0
24  76  62  0
70  5  -6  0
-18  3  -71  0
25  62  61  0
-66  29  17  0
-51  34  -27  0
68  -20  41  0
-1  -31  37  0
