c mkcnf random cnf with seed 435561, max clause length 3
c FORCED SATISFIABLE
c 
p cnf 80  344
-80  26  23  0
6  57  77  0
-16  -74  47  0
-2  35  76  0
56  73  -14  0
-49  50  -19  0
-49  76  50  0
24  61  -28  0
8  14  -75  0
-35  -23  -13  0
-34  -74  -48  0
20  -65  28  0
-64  53  65  0
-27  42  -1  0
-61  -68  14  0
-38  -35  -68  0
9  -33  -11  0
11  78  69  0
-25  6  -31  0
1  -37  22  0
-19  -52  8  0
-43  -41  -9  0
39  49  -11  0
-10  -64  1  0
28  59  -5  0
-9  -6  -45  0
-78  22  12  0
61  52  63  0
-70  -40  76  0
-61  9  53  0
-20  23  65  0
58  25  -32  0
34  5  -10  0
-69  64  65  0
57  -6  63  0
-20  61  5  0
-80  -43  -13  0
-34  -68  -6  0
31  26  2  0
-58  10  -60  0
53  -20  -55  0
69  -32  40  0
25  -35  76  0
-22  -78  -42  0
35  49  -32  0
-42  57  48  0
64  -21  -68  0
47  -65  41  0
-39  48  -35  0
12  46  17  0
50  -22  79  0
-37  -64  -48  0
75  10  54  0
-51  -1  -54  0
24  33  13  0
-55  -41  30  0
-23  -69  74  0
-46  -17  24  0
39  -55  8  0
-43  21  27  0
-49  -80  79  0
-77  34  5  0
35  33  -31  0
59  -75  63  0
-51  14  -49  0
-60  12  71  0
75  77  -40  0
-33  50  12  0
-46  78  -9  0
8  57  37  0
8  -39  4  0
6  44  10  0
-30  66  10  0
-23  53  46  0
31  38  -3  0
75  -30  51  0
-35  -79  -8  0
-47  -48  -25  0
76  -64  -52  0
64  49  79  0
79  -67  -66  0
15  -33  39  0
77  9  28  0
-55  -41  -34  0
70  -15  -32  0
-47  8  41  0
43  54  -34  0
-22  -13  69  0
34  -63  73  0
29  46  41  0
-62  -37  -59  0
36  58  71  0
39  -1  47  0
-61  -10  66  0
1  30  2  0
-10  26  19  0
-64  -51  -71  0
66  -34  -12  0
-74  5  14  0
4  44  -57  0
-76  48  -8  0
40  -27  6  0
-28  35  53  0
-59  -42  51  0
58  39  80  0
75  31  3  0
-61  -18  78  0
26  -17  -5  0
-57  -47  -27  0
-51  40  -19  0
2  32  -10  0
-75  64  -38  0
-67  -15  59  0
-7  -34  -25  0
30  -53  13  0
79  42  -7  0
-20  -35  61  0
2  -74  15  0
73  28  -43  0
20  -10  37  0
8  26  -55  0
-77  52  -42  0
10  -57  -41  0
75  -11  55  0
11  -32  -76  0
42  -17  65  0
33  12  -31  0
-54  -36  -25  0
-33  -2  7  0
-15  54  -64  0
10  -21  -37  0
29  -46  -63  0
22  -54  18  0
79  -75  55  0
51  55  58  0
44  76  -25  0
-48  68  36  0
11  24  -43  0
-23  -61  51  0
-71  3  74  0
25  11  -8  0
71  33  38  0
-49  77  57  0
24  59  -16  0
70  -76  -5  0
22  -27  -56  0
76  17  72  0
52  30  73  0
-15  22  24  0
-71  38  -66  0
79  12  -75  0
64  -11  -49  0
30  63  -60  0
19  -16  22  0
-70  74  78  0
-33  -20  71  0
80  16  53  0
-55  -3  -37  0
-17  -18  -68  0
-38  -12  -57  0
60  -70  11  0
-49  -29  23  0
-64  -9  -29  0
63  32  46  0
-44  4  77  0
44  30  28  0
-35  -28  -60  0
29  -31  -17  0
-68  -64  79  0
10  -31  -17  0
80  -25  -41  0
57  75  2  0
-19  18  12  0
68  -80  -69  0
54  73  -4  0
-3  26  7  0
-53  41  3  0
-47  23  -48  0
-54  40  5  0
-44  -20  6  0
33  51  14  0
-24  43  -37  0
44  57  51  0
50  63  37  0
-73  77  -69  0
-33  65  69  0
-80  -65  44  0
47  -34  11  0
-59  -12  52  0
-40  7  44  0
-34  62  -57  0
2  -56  -75  0
-39  28  -34  0
-15  57  -9  0
-26  -55  -7  0
-79  40  14  0
16  46  -37  0
-67  -21  -79  0
-65  5  54  0
-78  9  43  0
49  45  68  0
1  25  54  0
19  -65  -8  0
28  -25  61  0
42  19  55  0
18  5  -68  0
16  -77  -13  0
-78  -33  -6  0
34  -41  -51  0
4  -23  79  0
26  51  22  0
-16  74  -42  0
47  -15  -57  0
18  -14  -46  0
46  -58  36  0
-45  -74  1  0
19  62  -34  0
-41  -4  -28  0
-38  -77  -3  0
17  -42  -25  0
-16  -9  6  0
43  -80  -3  0
-34  74  -6  0
6  56  50  0
-34  63  10  0
-72  -33  -48  0
-27  -24  74  0
-49  46  -52  0
65  -50  -14  0
-6  38  -57  0
-34  -22  -38  0
-60  30  -46  0
24  -57  -40  0
4  -64  37  0
68  -61  -2  0
-39  47  22  0
-70  -68  -44  0
-65  40  16  0
-39  -40  -54  0
-22  -62  54  0
-56  -66  28  0
-71  -18  -37  0
44  75  55  0
-11  -21  -76  0
80  61  -39  0
-24  -23  -7  0
-29  42  76  0
4  15  50  0
-75  -56  38  0
-59  8  -38  0
-45  34  4  0
43  36  -6  0
33  35  -76  0
67  55  74  0
15  -5  47  0
-55  -11  73  0
79  61  -44  0
-70  -71  31  0
58  -39  -37  0
5  26  41  0
-61  52  -74  0
35  75  56  0
-22  72  8  0
-39  -58  67  0
1  -49  -77  0
45  -8  38  0
-53  -21  69  0
-15  73  -38  0
-52  5  62  0
-8  32  71  0
15  44  -75  0
-52  -9  10  0
-26  20  -64  0
46  67  61  0
-13  29  -58  0
-65  -45  -46  0
62  -5  1  0
19  46  -43  0
-19  77  39  0
-23  27  -68  0
16  -47  27  0
40  9  62  0
-54  -30  -9  0
39  51  -27  0
67  -21  1  0
-18  -57  44  0
59  77  -37  0
-44  -55  -68  0
74  75  8  0
-76  -70  8  0
-25  54  -61  0
48  9  -20  0
42  -64  -74  0
13  -3  5  0
53  4  64  0
-61  -15  -68  0
-80  79  11  0
-50  75  -80  0
48  -24  35  0
-10  -57  -59  0
29  13  48  0
-43  13  59  0
34  -50  -68  0
-13  64  -24  0
-4  15  26  0
-77  -23  -65  0
6  70  -60  0
-10  71  23  0
25  -79  -57  0
-48  35  80  0
-18  31  79  0
-2  56  32  0
-57  -6  -7  0
-18  40  32  0
43  -53  -60  0
-54  -50  -30  0
-65  63  33  0
-37  -19  77  0
78  18  19  0
73  40  -28  0
-47  -74  46  0
-77  -52  30  0
64  -11  -57  0
-74  -62  16  0
-40  20  -46  0
-32  63  69  0
1  -64  -66  0
68  52  72  0
-77  -55  71  0
-4  49  -1  0
51  -60  30  0
-77  -41  72  0
-14  75  1  0
-29  -75  -39  0
-27  -52  32  0
-54  -70  6  0
-35  65  8  0
13  -79  47  0
58  -75  -66  0
-34  21  -41  0
-53  -41  -37  0
-67  73  -15  0
-24  -35  -3  0
-4  36  -75  0
