c mkcnf random cnf with seed 435552, max clause length 3
c FORCED SATISFIABLE
c 
p cnf 80  344
63  80  -33  0
10  71  -15  0
-27  -69  29  0
4  80  26  0
34  57  69  0
-18  -37  11  0
-49  26  60  0
-55  -63  -48  0
72  8  -17  0
13  64  70  0
-79  68  48  0
-34  78  35  0
-9  54  49  0
44  34  -67  0
-29  28  -17  0
1  -49  -68  0
59  -43  18  0
20  -73  40  0
-5  16  72  0
12  46  -5  0
-2  45  -42  0
-11  -34  10  0
-65  24  -57  0
59  17  30  0
-49  27  73  0
42  -37  78  0
-40  -74  -31  0
64  -12  -62  0
47  25  27  0
63  35  67  0
-71  -10  40  0
-38  40  -5  0
22  52  -75  0
-18  -16  53  0
-25  -2  43  0
-66  12  -73  0
1  19  53  0
-34  -58  36  0
62  -52  23  0
-47  75  -4  0
31  58  -63  0
72  47  -30  0
-35  26  -32  0
10  30  -40  0
-56  19  74  0
-1  68  62  0
46  -21  58  0
45  -30  74  0
73  50  59  0
36  -50  47  0
63  10  -56  0
19  13  -50  0
8  -13  -73  0
1  52  66  0
25  26  -31  0
-4  -49  74  0
39  -19  -43  0
39  2  -13  0
56  -63  76  0
49  77  79  0
29  80  -3  0
-46  -61  73  0
29  -42  14  0
-54  -17  3  0
79  -43  -28  0
25  54  31  0
48  -60  -59  0
-70  29  -23  0
57  75  7  0
53  -52  -68  0
-79  -17  3  0
-63  -65  17  0
4  44  -39  0
26  -38  -35  0
70  42  67  0
-16  44  72  0
-9  30  -11  0
-73  -56  -25  0
-40  56  -35  0
46  -79  55  0
18  -79  -53  0
26  -80  75  0
63  28  -62  0
-71  -51  -74  0
-69  -77  -63  0
30  22  -76  0
-5  -57  -68  0
6  -79  29  0
10  -70  4  0
77  46  -58  0
79  15  53  0
20  45  -60  0
-48  11  -65  0
-24  -15  -23  0
-6  -70  -32  0
7  -11  44  0
32  72  23  0
53  80  60  0
-23  31  -12  0
28  19  -58  0
-74  -13  -41  0
-11  -52  -34  0
-14  -67  50  0
55  -21  38  0
-78  -58  -67  0
39  8  -5  0
-78  51  -2  0
-71  49  -45  0
9  28  30  0
-21  -19  44  0
10  40  -1  0
-38  23  75  0
22  14  -74  0
-25  36  71  0
-2  54  -46  0
49  -66  -79  0
53  51  24  0
-2  55  -42  0
-47  -28  25  0
-3  33  -72  0
-45  72  -7  0
-50  -80  65  0
70  54  -32  0
-31  -9  -6  0
-47  4  -29  0
-21  -20  46  0
-13  -80  -10  0
24  3  16  0
39  17  77  0
-7  -29  -67  0
2  -79  45  0
-60  13  -52  0
-62  65  69  0
73  -44  -14  0
4  -35  27  0
-11  59  34  0
-11  68  43  0
25  13  -4  0
44  23  -18  0
-33  -47  30  0
-20  -31  17  0
12  -24  -39  0
-71  -4  -67  0
32  -36  7  0
-11  24  78  0
-11  19  -15  0
-63  -53  74  0
59  -48  -49  0
-30  28  26  0
-1  64  48  0
74  -6  -14  0
-79  17  -40  0
-65  -39  18  0
28  -1  61  0
33  14  -74  0
56  -14  -5  0
78  -33  16  0
-36  62  -57  0
57  33  20  0
-27  -3  -19  0
-37  -52  12  0
-1  -33  -62  0
20  41  39  0
-61  -36  32  0
-65  38  21  0
-10  -72  -26  0
-42  -29  53  0
-79  57  43  0
36  46  -42  0
15  2  50  0
-17  -48  47  0
-19  40  9  0
-49  57  40  0
-24  -60  -3  0
-9  66  -12  0
49  65  66  0
17  -46  -7  0
-48  60  11  0
21  -29  74  0
69  -73  -52  0
49  -13  -14  0
-69  -58  30  0
-49  22  -78  0
-1  -64  74  0
-33  -56  17  0
40  41  -45  0
12  76  -19  0
3  -67  8  0
78  -60  -35  0
-54  -23  11  0
23  -74  -63  0
33  -80  -19  0
69  -18  -46  0
74  -37  -58  0
48  72  43  0
-77  -54  -1  0
26  31  -64  0
-35  -2  -70  0
-78  -57  77  0
5  74  -75  0
-28  62  58  0
-14  -53  -9  0
-68  21  52  0
66  3  13  0
52  -11  65  0
64  9  80  0
-37  12  10  0
-14  -2  -50  0
63  -14  50  0
23  43  18  0
32  78  -51  0
-40  -31  -57  0
-28  79  -67  0
66  -35  -9  0
79  58  29  0
-33  -60  -61  0
-38  16  36  0
18  9  -47  0
61  37  -23  0
-64  42  -67  0
58  -62  55  0
-61  17  -41  0
44  -49  66  0
19  14  -73  0
-7  -62  -12  0
-66  -23  58  0
-69  -15  49  0
2  -67  20  0
50  4  44  0
-27  -25  29  0
-49  46  66  0
11  -74  45  0
51  -41  -66  0
57  6  -13  0
51  -20  62  0
-74  76  1  0
13  -59  16  0
66  17  -22  0
-22  5  -73  0
44  15  63  0
10  -25  20  0
-35  36  2  0
46  61  8  0
27  74  42  0
-10  -33  -8  0
-74  -34  -37  0
59  -45  -31  0
17  75  -36  0
4  80  69  0
-22  -80  -60  0
51  37  -13  0
55  24  -65  0
4  78  1  0
-18  -36  -7  0
73  6  20  0
29  -21  -45  0
4  6  -69  0
70  -39  -40  0
-47  72  -68  0
-61  70  -32  0
52  -74  -79  0
-69  50  14  0
52  -10  16  0
-17  -30  -76  0
-70  -16  60  0
-38  -37  -44  0
39  -22  1  0
-6  -69  -13  0
-72  -52  -20  0
52  -33  -6  0
-8  -35  -1  0
63  -28  -22  0
-61  -63  43  0
23  70  75  0
17  -13  79  0
-27  70  -68  0
-3  -8  60  0
45  -47  -25  0
78  4  45  0
-75  -77  -36  0
-46  -63  -35  0
-59  75  40  0
3  44  -74  0
-62  77  -33  0
59  -6  41  0
-22  -9  25  0
-34  -28  54  0
11  -16  -56  0
17  -45  -36  0
-10  25  -49  0
-10  51  48  0
-46  66  -48  0
-9  30  61  0
-41  -60  46  0
50  66  -68  0
-21  74  -4  0
9  45  -46  0
69  19  -27  0
-57  -26  -47  0
34  63  -45  0
73  58  66  0
-46  49  -9  0
-33  66  -11  0
50  63  -36  0
18  -47  10  0
62  -10  -28  0
20  -26  -5  0
-15  57  19  0
23  -40  -21  0
-11  -43  27  0
74  -26  -27  0
-6  -32  7  0
56  23  16  0
36  75  6  0
27  33  25  0
27  -67  -53  0
-41  70  -22  0
13  73  10  0
43  -67  -48  0
-36  13  19  0
-39  -51  29  0
22  -73  -51  0
-36  42  58  0
8  37  -59  0
50  52  -49  0
56  51  -30  0
-4  -53  7  0
66  61  19  0
-52  16  -12  0
72  46  26  0
-34  -4  -80  0
76  44  -48  0
15  -31  -25  0
-4  69  -2  0
74  6  -48  0
61  -27  -60  0
16  46  58  0
-58  -6  14  0
23  51  -53  0
-80  -22  15  0
10  52  22  0
45  -14  -51  0
43  13  -69  0
-65  -14  17  0
