c mkcnf random cnf with seed 435531, max clause length 3
c FORCED SATISFIABLE
c 
p cnf 80  344
51  17  -32  0
37  63  28  0
58  31  -37  0
12  19  -53  0
80  -60  53  0
-65  -2  31  0
-75  78  54  0
59  16  -18  0
71  43  26  0
35  18  -29  0
-60  17  15  0
-67  -54  73  0
10  73  42  0
-78  9  25  0
-61  58  47  0
51  -1  -30  0
-16  -31  -68  0
20  -62  -48  0
-80  15  -60  0
43  68  22  0
-4  55  -73  0
48  -58  -52  0
-6  30  -46  0
-71  19  33  0
-24  -73  -14  0
-18  28  52  0
25  54  73  0
-53  22  13  0
50  -27  22  0
63  23  -17  0
-67  -24  69  0
-41  -29  -56  0
28  45  64  0
52  -35  76  0
57  -58  -11  0
-49  -7  14  0
-17  -21  -49  0
73  20  -6  0
29  -48  -14  0
20  17  4  0
8  -77  -54  0
71  -12  60  0
40  -1  76  0
18  12  -48  0
70  -54  -50  0
-11  -47  -29  0
66  20  -34  0
-78  -25  27  0
16  35  55  0
-7  35  -47  0
35  49  11  0
54  1  -20  0
-62  44  -42  0
32  58  61  0
-27  -73  -45  0
3  27  69  0
56  -13  -16  0
-34  -22  -51  0
-64  -14  -66  0
30  -17  -69  0
69  2  -32  0
73  -17  -39  0
-77  11  -51  0
-43  -16  -70  0
43  9  63  0
6  12  34  0
31  -37  18  0
-55  35  72  0
-64  27  59  0
21  74  -31  0
75  -2  -42  0
77  -73  -39  0
-67  45  75  0
6  -27  1  0
-17  66  -60  0
1  63  30  0
72  -75  -16  0
34  27  66  0
-32  -52  -42  0
-50  -3  52  0
46  76  59  0
-44  -78  -77  0
-49  40  -47  0
-9  -76  -3  0
-70  76  -43  0
-57  -70  -76  0
53  12  -25  0
-29  30  70  0
-45  66  76  0
26  12  51  0
-4  3  46  0
47  -52  -17  0
-7  -2  53  0
-63  -38  -71  0
-60  71  56  0
51  -45  26  0
-65  29  80  0
-57  21  -55  0
37  68  -32  0
-22  -76  -48  0
-49  47  7  0
-22  -43  23  0
-63  49  -79  0
43  -13  70  0
74  38  -7  0
-51  73  30  0
60  56  17  0
11  -33  -42  0
63  -4  -14  0
34  -13  62  0
6  64  57  0
-45  37  7  0
-45  5  17  0
40  77  -24  0
-33  -48  -25  0
-25  -21  67  0
-55  1  -5  0
20  32  -56  0
63  -43  70  0
-40  -51  71  0
-16  -65  56  0
31  -48  -54  0
-5  -7  20  0
-31  21  16  0
-30  -27  66  0
-14  79  48  0
14  -33  -25  0
8  59  75  0
-23  63  58  0
9  11  62  0
51  58  -31  0
2  3  -59  0
10  -35  64  0
-60  -29  57  0
-24  -32  50  0
8  -70  3  0
10  24  -32  0
7  56  -12  0
10  -42  16  0
-18  -3  30  0
-15  -64  56  0
-9  54  1  0
60  64  -39  0
29  -38  -73  0
-23  38  40  0
21  -18  38  0
44  -40  -39  0
40  60  -19  0
-35  61  71  0
-20  70  -24  0
1  -16  -40  0
61  69  -51  0
-7  -49  -45  0
-71  16  8  0
74  79  -27  0
-75  23  -26  0
-4  -57  -48  0
-58  38  -15  0
-2  -40  36  0
-43  44  -28  0
-57  -58  -76  0
74  -25  -46  0
-24  -13  -11  0
-55  -26  41  0
-16  56  -19  0
65  25  62  0
76  -47  69  0
-57  59  66  0
-55  37  57  0
-69  11  -33  0
-57  35  18  0
-46  -70  41  0
57  -53  69  0
-74  -56  54  0
-33  -26  -57  0
-67  78  33  0
43  25  57  0
-61  1  -19  0
43  42  -24  0
-79  43  7  0
12  3  -29  0
-28  64  66  0
-54  -35  25  0
7  4  -74  0
26  -56  -54  0
12  76  -13  0
37  -15  -59  0
-70  2  -19  0
-9  -45  73  0
-80  -5  20  0
11  4  -54  0
25  -1  -31  0
31  32  -54  0
8  4  21  0
-72  -14  -29  0
-53  26  70  0
67  2  -36  0
33  40  -76  0
11  7  -24  0
20  -27  -2  0
43  -30  55  0
16  30  13  0
-28  76  -77  0
-5  66  52  0
46  5  34  0
-42  57  6  0
-75  -50  23  0
-46  -23  72  0
-42  78  -50  0
-3  41  -40  0
42  22  -47  0
11  78  22  0
-5  14  -30  0
-34  60  8  0
-46  -57  20  0
39  -30  64  0
-5  -61  14  0
40  -13  -74  0
-41  1  53  0
-51  15  36  0
66  -57  -51  0
44  -2  -29  0
-13  -27  -41  0
-80  65  -39  0
3  10  59  0
74  1  42  0
37  -50  -12  0
67  -8  49  0
5  29  -30  0
33  -2  -69  0
23  39  -33  0
13  46  74  0
3  -41  80  0
73  32  -51  0
34  -25  61  0
57  -53  6  0
61  -80  68  0
20  6  65  0
76  -52  17  0
29  47  12  0
76  7  11  0
-75  -57  -20  0
-15  -24  72  0
-65  72  27  0
77  -34  80  0
-69  67  -49  0
66  -30  45  0
-7  44  18  0
-24  27  -75  0
-55  79  61  0
43  48  -79  0
57  -75  -58  0
20  -21  14  0
-74  -77  -79  0
11  9  28  0
76  54  15  0
-4  -17  -27  0
73  29  7  0
-3  -64  49  0
27  78  -46  0
-77  35  9  0
1  6  54  0
60  74  -53  0
-29  -30  -53  0
70  41  22  0
34  26  75  0
-3  -45  15  0
-10  9  40  0
-58  71  79  0
-43  -31  41  0
-62  79  74  0
54  9  -64  0
-4  -73  -53  0
45  37  76  0
77  38  19  0
-15  -42  26  0
-70  74  10  0
12  43  30  0
-21  -29  16  0
79  -70  26  0
-41  48  -9  0
10  21  -11  0
-75  -61  -73  0
-49  -63  -64  0
18  -66  -28  0
71  14  11  0
25  -68  -1  0
72  45  -42  0
-7  12  41  0
-11  47  -79  0
80  -52  -5  0
19  -7  -56  0
74  -77  60  0
-44  -52  -58  0
13  -49  47  0
39  -54  3  0
-59  39  63  0
-48  62  -51  0
-60  -32  3  0
72  -6  -39  0
-13  42  -48  0
-5  -57  -58  0
27  -49  -8  0
5  48  71  0
-14  -53  43  0
48  -25  -39  0
-71  -40  80  0
49  -80  -79  0
68  56  -71  0
-76  -10  22  0
49  58  -39  0
-4  -74  18  0
57  73  48  0
-13  22  3  0
13  41  -3  0
-68  -12  73  0
-15  -39  -40  0
4  -74  -66  0
-77  -17  5  0
-14  -48  -18  0
60  15  4  0
5  9  78  0
18  -13  70  0
-61  2  -4  0
-55  -56  11  0
37  54  41  0
-79  -47  1  0
-23  -21  -9  0
-13  -40  -69  0
-62  77  -42  0
-34  31  4  0
50  -38  -21  0
77  -53  -18  0
57  -47  -14  0
78  -3  -48  0
-51  -79  54  0
13  4  -48  0
-55  58  43  0
-38  31  56  0
-41  1  79  0
9  -39  56  0
-6  -50  -18  0
-12  66  -73  0
-53  -14  23  0
