c mkcnf random cnf with seed 435504, max clause length 3
c FORCED SATISFIABLE
c 
p cnf 80  344
1  17  -64  0
-8  -68  -16  0
-43  62  4  0
22  -30  76  0
-27  4  -20  0
-61  38  56  0
51  27  -14  0
-62  71  9  0
68  25  -33  0
-13  2  -57  0
-3  66  -40  0
22  23  3  0
-59  28  -39  0
44  -55  37  0
-31  17  13  0
-39  27  58  0
44  -7  -41  0
-27  74  30  0
42  22  18  0
41  67  -65  0
-62  30  -16  0
8  -14  71  0
-28  30  33  0
20  -28  32  0
-7  21  -14  0
1  -68  -46  0
72  5  34  0
-28  -55  10  0
24  -53  -13  0
9  80  63  0
25  17  -12  0
-12  -32  -4  0
-33  24  -47  0
69  5  -18  0
26  -57  31  0
-52  66  -44  0
12  68  75  0
-10  -47  -76  0
-2  28  27  0
47  -18  71  0
73  48  45  0
17  60  68  0
-21  -35  64  0
4  74  -19  0
-80  34  1  0
-45  22  -13  0
-61  68  -18  0
51  79  49  0
40  -26  1  0
-46  35  54  0
51  -9  80  0
-52  -78  -15  0
-58  -48  -11  0
-43  64  44  0
58  -34  62  0
27  -33  -26  0
-52  -5  -16  0
-72  77  -57  0
-38  -50  5  0
57  -66  76  0
56  29  10  0
-4  26  72  0
-7  -2  13  0
-47  -40  -3  0
-52  -13  62  0
-44  50  -16  0
24  -73  -18  0
-44  -6  -72  0
3  71  57  0
-42  -52  22  0
64  80  -18  0
43  74  -42  0
-13  6  -59  0
-70  -67  -31  0
24  80  -27  0
-29  71  -8  0
-49  4  -16  0
-7  -53  66  0
74  -49  -55  0
1  78  -24  0
-78  -26  16  0
80  -55  56  0
26  32  -77  0
16  -70  62  0
24  58  -53  0
58  -80  61  0
46  2  64  0
25  -34  -38  0
68  22  10  0
3  24  -30  0
-12  14  -20  0
7  68  64  0
54  45  2  0
40  -46  -64  0
-17  67  -12  0
7  29  44  0
43  -71  -77  0
-61  -67  60  0
-52  -26  34  0
59  -11  -8  0
-54  -39  -63  0
-12  -25  29  0
-54  9  42  0
-53  -67  77  0
-27  -39  10  0
19  26  -69  0
73  -18  -12  0
-27  26  36  0
-53  50  42  0
-68  38  43  0
7  19  -47  0
16  -42  -55  0
-50  57  -23  0
15  -12  -10  0
75  -56  33  0
-32  79  -38  0
63  19  -10  0
-36  -4  55  0
-50  71  15  0
-27  17  -69  0
78  -70  59  0
-66  21  13  0
-17  76  42  0
-45  8  58  0
55  30  -54  0
-6  65  8  0
-11  35  -42  0
-44  27  18  0
23  72  -25  0
-57  -75  -40  0
-34  -15  33  0
78  -67  -6  0
-7  49  73  0
-39  9  -54  0
49  -45  -76  0
-3  -46  80  0
-36  -37  -25  0
57  -1  72  0
38  26  65  0
-6  43  -52  0
33  54  51  0
-22  75  -26  0
-21  16  72  0
43  -70  20  0
14  -65  79  0
-54  28  71  0
-23  -2  -76  0
76  56  69  0
-7  -22  37  0
5  -1  -35  0
59  -62  68  0
44  65  8  0
-79  -49  32  0
13  -4  24  0
-50  -66  -15  0
-28  -18  32  0
-57  24  74  0
68  24  -73  0
-52  16  49  0
-58  62  70  0
61  -22  -38  0
-10  75  33  0
-80  -42  -2  0
2  46  54  0
7  -57  69  0
-75  39  -36  0
-52  -27  -36  0
-23  -32  -5  0
-54  -29  35  0
-77  -32  71  0
-54  -46  -1  0
78  51  7  0
77  75  49  0
9  -58  38  0
-57  -19  -3  0
76  48  79  0
-49  46  55  0
44  79  20  0
-63  -22  24  0
58  -34  9  0
18  21  -77  0
39  45  69  0
18  77  57  0
-35  -70  62  0
-61  -16  38  0
-33  61  60  0
-79  35  -38  0
51  -36  12  0
-10  44  50  0
8  -7  -39  0
67  -42  36  0
-38  43  -52  0
-68  -57  -78  0
35  29  62  0
-80  54  -77  0
-30  -17  64  0
31  -37  -47  0
-9  15  -72  0
-46  -7  -61  0
36  58  -44  0
-68  -75  -8  0
75  -13  74  0
-10  -19  32  0
40  51  -53  0
-42  41  53  0
-13  -35  -22  0
43  71  67  0
-64  -23  80  0
-53  -23  48  0
-43  39  20  0
-2  -11  54  0
-37  32  61  0
-16  -79  80  0
-64  71  70  0
74  -51  -52  0
-6  -27  5  0
36  -32  41  0
38  12  1  0
9  -5  36  0
70  -9  -13  0
67  2  12  0
-28  35  17  0
-27  72  4  0
-80  10  35  0
-23  -40  -75  0
-35  -63  -51  0
-12  78  49  0
-10  26  -18  0
-66  -39  -60  0
-25  -20  -26  0
25  -74  -38  0
-69  -33  71  0
-1  -19  51  0
32  -29  36  0
-49  -63  -10  0
35  -3  -19  0
-77  -8  -58  0
-41  48  -2  0
-80  26  13  0
-33  6  -64  0
-27  52  -41  0
-52  -36  -62  0
-56  -69  -15  0
61  76  60  0
-16  29  -11  0
78  -27  56  0
-7  -39  -51  0
-40  -46  59  0
-18  -12  -8  0
70  32  -22  0
-17  24  -14  0
78  26  -38  0
-77  -32  -29  0
59  31  74  0
-68  67  -60  0
-23  77  -73  0
-16  66  -13  0
-65  3  76  0
41  3  13  0
66  -25  -75  0
53  26  32  0
9  -54  -49  0
43  -46  21  0
32  -18  69  0
68  4  24  0
-33  -21  72  0
70  73  24  0
-57  80  -27  0
-65  14  -48  0
52  -51  -54  0
57  -48  61  0
2  -36  -62  0
79  -65  77  0
-28  31  -12  0
-53  -18  26  0
-45  32  -69  0
-71  17  -49  0
-64  7  27  0
30  -67  -24  0
-51  65  -3  0
11  -32  1  0
-2  -77  35  0
74  -52  68  0
29  -14  43  0
-57  -43  -56  0
-18  -65  31  0
45  67  51  0
-66  44  -52  0
-39  44  -11  0
-22  4  -21  0
-61  79  -63  0
46  -54  65  0
-25  29  40  0
7  6  11  0
-63  -41  71  0
-28  64  80  0
-33  3  -54  0
70  -6  -64  0
-52  51  80  0
-51  -21  25  0
70  -33  16  0
77  7  32  0
26  68  -25  0
-34  -70  50  0
67  -49  50  0
-32  -76  -31  0
3  33  53  0
-23  -22  -30  0
38  21  -48  0
-32  54  -43  0
-32  17  -75  0
-27  28  -41  0
77  4  -63  0
-5  -73  -58  0
-37  -78  2  0
-73  -63  -15  0
-27  55  -13  0
-80  79  21  0
47  53  65  0
-32  -79  31  0
44  -80  -79  0
6  55  -44  0
52  -2  34  0
-27  -11  7  0
61  63  13  0
-49  45  51  0
80  73  66  0
-19  -39  -23  0
33  -55  -32  0
22  -47  72  0
25  1  19  0
-68  78  22  0
-17  29  -8  0
-77  -32  -47  0
-78  -15  2  0
-5  -51  59  0
45  -20  42  0
-59  61  35  0
14  -55  -78  0
-33  21  -41  0
-58  54  3  0
-31  -63  -3  0
56  -69  -45  0
-45  20  -73  0
