c mkcnf random cnf with seed 435530, max clause length 3
c FORCED SATISFIABLE
c 
p cnf 80  344
58  -67  77  0
-39  31  -79  0
48  -52  36  0
59  -34  -77  0
-28  7  76  0
-64  -60  77  0
-15  5  -79  0
59  34  -72  0
39  -71  47  0
-6  52  -56  0
76  28  -6  0
71  -42  -78  0
68  -46  35  0
-45  -9  -79  0
49  41  19  0
1  -75  -58  0
1  42  -33  0
-79  -66  -67  0
-80  30  68  0
23  38  -71  0
52  -39  55  0
-10  -74  -38  0
26  7  16  0
67  -62  61  0
-43  69  -51  0
-2  50  -52  0
74  -57  62  0
-46  -41  -77  0
-68  29  16  0
-3  77  -43  0
5  16  -38  0
72  28  -51  0
-45  -68  -29  0
-24  1  79  0
31  24  74  0
-9  -45  -37  0
-17  -31  -44  0
-79  -35  -51  0
-47  11  -12  0
18  66  2  0
44  -27  -7  0
-78  -32  -9  0
65  68  -40  0
-5  -32  -57  0
-32  -48  49  0
-14  -44  39  0
63  -35  19  0
-75  36  -14  0
-6  48  -16  0
-61  -21  -24  0
-17  -73  29  0
27  -6  -24  0
23  -67  -15  0
8  70  18  0
-36  13  43  0
71  -53  16  0
75  -3  -10  0
-46  -49  -76  0
15  -4  53  0
15  -39  -70  0
2  42  17  0
-13  -63  64  0
36  54  -20  0
-46  13  -10  0
-33  -52  -65  0
-28  13  67  0
51  75  52  0
-47  -43  -15  0
19  -62  63  0
-71  14  -42  0
48  66  40  0
14  55  70  0
-39  35  -44  0
-78  -13  -52  0
-74  -27  6  0
-13  -6  -26  0
69  -19  -47  0
-24  14  -52  0
-17  -30  -22  0
12  -19  -6  0
29  21  63  0
-29  -35  7  0
-51  -17  58  0
28  23  -29  0
22  -57  -29  0
-33  -37  40  0
-4  75  78  0
28  -40  52  0
-55  -21  71  0
15  -78  -40  0
78  55  -3  0
58  -10  7  0
-42  38  46  0
75  64  24  0
26  -15  28  0
10  -8  -69  0
39  -46  42  0
-16  -31  -50  0
-65  -70  -74  0
3  -66  -39  0
-6  -15  -16  0
-9  30  -6  0
-62  -26  -69  0
-42  32  18  0
8  48  -46  0
44  8  29  0
-48  65  70  0
-51  46  61  0
-51  -62  -36  0
-63  -27  -31  0
-66  51  73  0
-80  -62  -52  0
-79  4  54  0
-46  43  31  0
-25  -52  56  0
-34  -75  15  0
-74  73  41  0
-40  53  -76  0
72  -8  -60  0
20  -13  10  0
-39  48  16  0
63  -53  51  0
-53  28  58  0
34  -78  -8  0
-7  15  -14  0
-76  -30  43  0
4  -78  -43  0
25  40  -74  0
-36  -35  -20  0
-67  -46  -9  0
36  -35  60  0
37  -19  59  0
53  -32  31  0
42  20  -21  0
40  -19  6  0
6  -73  72  0
48  42  43  0
27  -35  20  0
-61  45  58  0
2  13  70  0
-50  -15  6  0
-27  45  -7  0
-45  12  42  0
22  -23  50  0
-44  36  -54  0
13  -65  57  0
-20  1  -27  0
-31  -38  -28  0
-1  -45  61  0
3  -49  -65  0
57  -24  35  0
-74  8  -15  0
50  34  48  0
23  -14  61  0
-60  51  38  0
56  31  44  0
40  80  -56  0
-35  -64  -5  0
-37  -19  -33  0
-1  55  56  0
65  -70  2  0
36  -39  67  0
-32  6  -43  0
68  66  -51  0
-55  -38  43  0
-62  13  -54  0
66  -18  22  0
68  -37  -52  0
-32  30  35  0
-9  68  -26  0
-61  47  -26  0
16  -48  -18  0
71  -51  28  0
-28  -40  -52  0
-43  -60  40  0
-75  -20  -3  0
-10  47  -29  0
-25  63  46  0
-50  -65  -57  0
37  23  -34  0
-45  -70  -48  0
-19  68  -27  0
-10  62  -67  0
36  -43  -47  0
-46  -15  -22  0
58  48  -41  0
57  42  26  0
61  75  42  0
-14  53  50  0
27  35  49  0
60  -12  69  0
-76  66  -51  0
-2  -13  8  0
-32  -38  -57  0
-36  68  -66  0
-69  -34  -40  0
-9  -10  -42  0
78  -56  32  0
-1  -28  -25  0
-69  -61  -53  0
68  45  8  0
-20  -19  -13  0
58  66  34  0
-47  24  55  0
58  -79  -10  0
5  54  -31  0
16  -20  -59  0
-41  69  -57  0
-42  27  10  0
1  34  -74  0
36  13  -68  0
37  60  -35  0
-31  80  -54  0
-11  17  -77  0
2  -78  32  0
12  -73  14  0
-4  -19  74  0
-28  -52  23  0
5  19  -48  0
-56  -28  -4  0
5  -79  -4  0
-39  77  68  0
66  63  71  0
31  20  -72  0
9  24  69  0
4  -75  54  0
22  -24  14  0
-71  -13  -58  0
42  -6  -71  0
60  -24  -27  0
45  -35  -37  0
-20  42  73  0
69  -10  -26  0
-30  26  -14  0
-38  -18  -6  0
-24  -46  50  0
-49  31  -59  0
-2  71  -77  0
16  -21  20  0
-13  21  56  0
19  -65  -29  0
17  67  52  0
-52  -23  -75  0
-43  11  -77  0
-41  67  63  0
62  37  -31  0
-63  -8  79  0
32  23  16  0
-62  -9  -40  0
-8  -71  31  0
-58  69  -62  0
10  -78  -75  0
-31  -50  -79  0
-19  -36  -70  0
-74  42  -78  0
26  61  -64  0
65  -51  20  0
65  40  2  0
54  61  -74  0
34  -11  35  0
-10  62  -2  0
-77  -39  44  0
11  -46  -34  0
-34  69  -75  0
1  36  -44  0
-9  25  17  0
67  13  -11  0
-53  -30  -47  0
74  -78  68  0
30  -74  -14  0
-14  12  40  0
76  46  -79  0
76  58  -61  0
55  13  -54  0
16  70  31  0
72  46  57  0
61  3  -10  0
-62  53  6  0
68  19  72  0
71  -35  -79  0
27  -39  53  0
-54  -13  -66  0
-41  63  -4  0
68  4  -27  0
11  -66  -56  0
28  -8  -37  0
11  -29  44  0
-12  -11  9  0
-7  -36  42  0
47  -49  -68  0
59  22  56  0
-72  26  74  0
61  23  59  0
50  60  -74  0
33  61  -11  0
14  -1  69  0
51  -30  -19  0
-59  -70  62  0
20  -19  -9  0
80  9  -14  0
8  45  50  0
-8  13  -76  0
-59  -34  6  0
-58  5  -65  0
-59  -68  -73  0
49  65  -8  0
-19  -15  -62  0
27  37  -71  0
-12  -15  36  0
62  2  12  0
-77  -46  -78  0
-60  79  -59  0
-17  7  23  0
31  74  -20  0
-74  -75  13  0
-14  65  32  0
71  -28  -26  0
11  6  -12  0
-61  25  -77  0
-2  -22  -73  0
-49  -65  -39  0
-73  52  -44  0
-23  13  -49  0
-60  18  49  0
-80  -72  76  0
-22  -77  25  0
21  5  16  0
-35  10  43  0
-70  62  6  0
77  -5  -72  0
-45  15  -5  0
5  7  70  0
-73  -16  19  0
46  -49  -25  0
29  17  60  0
7  -26  -24  0
2  53  -23  0
76  77  30  0
-66  57  17  0
29  27  -51  0
43  -75  13  0
52  55  64  0
4  -27  40  0
53  6  23  0
