c mkcnf random cnf with seed 435498, max clause length 3
c FORCED SATISFIABLE
c 
p cnf 80  344
-43  79  -18  0
-36  -19  -27  0
-57  60  -37  0
67  -56  79  0
-59  71  7  0
-16  64  -78  0
6  -51  48  0
7  -19  72  0
-64  36  68  0
-34  4  -21  0
3  28  -44  0
-3  73  -47  0
-73  -17  -62  0
-72  18  21  0
41  14  64  0
79  32  23  0
20  -19  -2  0
43  38  40  0
26  -60  45  0
-31  28  -15  0
75  -38  68  0
6  65  70  0
52  -5  30  0
78  -50  -32  0
46  51  73  0
-78  25  -31  0
-77  53  -80  0
49  -46  15  0
-52  -54  27  0
-25  -5  -50  0
-9  23  65  0
-23  -49  -18  0
-56  -10  -20  0
-33  -51  -7  0
-34  -60  -30  0
-3  24  67  0
-67  -75  66  0
-41  -64  -16  0
-72  38  67  0
32  -34  -31  0
61  -5  -27  0
42  1  -72  0
22  78  -32  0
-37  48  34  0
27  26  25  0
59  66  35  0
72  -35  -22  0
54  -6  -71  0
42  34  -70  0
-42  75  -39  0
40  -78  -13  0
-75  -22  28  0
-6  -67  46  0
61  10  66  0
-77  3  34  0
64  45  78  0
-42  30  54  0
-30  -40  -21  0
47  63  -34  0
59  -14  -16  0
77  2  -61  0
-40  7  -9  0
3  -40  -62  0
4  64  -69  0
64  -4  45  0
-51  -44  -17  0
-77  -29  30  0
29  -32  -40  0
75  39  -1  0
16  -78  35  0
38  10  18  0
77  -27  7  0
44  -71  74  0
-31  -73  19  0
72  13  -10  0
48  -51  45  0
3  58  61  0
-31  50  -9  0
1  10  54  0
23  -30  -62  0
-49  6  -27  0
-37  30  26  0
64  -37  -36  0
51  -78  -72  0
26  -2  80  0
-34  41  -31  0
-39  65  -1  0
46  58  40  0
-80  59  29  0
65  -34  -23  0
40  48  -11  0
12  -70  -33  0
63  -54  59  0
-49  38  -42  0
22  32  63  0
-24  -79  -19  0
23  47  79  0
-31  8  24  0
13  -58  -9  0
77  -61  62  0
-71  65  77  0
-41  34  -65  0
30  72  -51  0
-80  -35  -31  0
53  58  -74  0
-45  -53  56  0
-3  50  56  0
28  -6  14  0
35  -64  -67  0
-20  16  -78  0
45  -34  -36  0
53  12  27  0
26  -71  -52  0
-36  69  25  0
35  50  19  0
38  -44  53  0
-64  -19  -15  0
34  73  -60  0
34  -38  -61  0
-30  49  74  0
-45  -50  -77  0
12  67  72  0
77  -50  -55  0
-45  -7  53  0
-1  -41  22  0
2  73  48  0
-5  4  -35  0
-10  56  -60  0
10  -26  -12  0
-7  79  -71  0
-28  15  -67  0
-15  63  71  0
33  -51  45  0
-42  79  71  0
-79  11  -50  0
-20  -5  -4  0
52  78  56  0
47  52  19  0
-68  -31  38  0
21  -8  35  0
13  -75  29  0
50  79  34  0
-61  -15  1  0
56  8  6  0
-39  -6  -32  0
-21  67  -24  0
36  -22  32  0
33  -2  78  0
-63  -75  29  0
15  70  4  0
69  -26  6  0
-23  -67  -63  0
75  -20  73  0
-68  -35  -45  0
17  60  14  0
12  74  27  0
18  24  -49  0
-11  3  -14  0
-14  -42  80  0
-9  71  55  0
-69  -31  -2  0
28  66  13  0
59  -38  -61  0
-25  48  -38  0
11  -61  39  0
79  -23  65  0
40  45  -36  0
13  -28  -70  0
-36  26  -41  0
66  -20  36  0
80  -10  -22  0
29  -54  -72  0
54  13  58  0
75  -50  -36  0
37  -32  61  0
-71  -24  48  0
-52  50  59  0
46  -48  -12  0
66  14  30  0
-38  44  -65  0
20  31  35  0
-14  1  -36  0
72  61  34  0
-30  36  -65  0
2  -79  34  0
-56  -74  79  0
-30  -32  -50  0
-35  -53  8  0
-75  -68  -1  0
16  -3  -60  0
-27  -30  -18  0
25  -23  42  0
-32  10  66  0
48  65  70  0
50  2  -8  0
52  42  -13  0
79  40  48  0
57  74  -19  0
22  -2  76  0
80  49  78  0
61  19  32  0
59  -48  -11  0
-15  -14  -78  0
-17  1  56  0
1  2  35  0
-48  -77  -27  0
-57  55  35  0
50  67  7  0
-34  -10  59  0
34  -39  -38  0
63  32  -61  0
50  -54  35  0
31  -11  -38  0
-20  -30  39  0
42  -75  6  0
15  2  -69  0
-11  -8  -2  0
-21  -44  54  0
-72  -47  29  0
38  35  40  0
37  6  60  0
8  -32  -28  0
-44  -23  -71  0
22  -31  7  0
49  -45  -36  0
-51  5  -13  0
56  2  22  0
26  -23  57  0
-7  -51  -33  0
-29  -7  -64  0
-3  50  -65  0
-42  -40  -69  0
52  -60  -39  0
54  62  -68  0
-11  76  51  0
79  -11  18  0
-73  -20  -25  0
35  61  51  0
-3  43  -24  0
-4  -72  69  0
-36  -4  27  0
37  -32  -5  0
23  46  -38  0
56  63  -39  0
-5  27  -58  0
77  -14  57  0
26  -62  -20  0
-40  44  73  0
26  65  -59  0
-61  -16  -23  0
20  -54  79  0
2  5  75  0
-29  -21  65  0
51  -28  -31  0
-62  -43  -59  0
-13  15  -1  0
34  73  -40  0
16  -19  3  0
63  -72  70  0
15  -30  18  0
-37  -73  28  0
-25  40  -69  0
-14  -76  -49  0
36  72  -30  0
-56  -29  16  0
25  37  -65  0
75  26  -28  0
28  -59  -66  0
-57  -23  -27  0
-43  -26  -47  0
56  17  58  0
-58  49  27  0
-56  15  -68  0
33  -12  5  0
21  69  -28  0
65  -28  -59  0
-40  -52  -30  0
10  57  4  0
-77  -2  73  0
-20  38  71  0
8  60  62  0
49  -69  -44  0
-58  -60  -53  0
-2  -61  -1  0
-5  -32  -44  0
27  45  -35  0
39  23  50  0
-38  -20  -53  0
36  48  -79  0
-42  -51  -68  0
-78  -29  -9  0
-60  -46  68  0
-49  47  -17  0
-2  15  75  0
-64  24  -21  0
-38  -39  -45  0
2  64  -9  0
18  31  12  0
-36  70  -47  0
7  71  -26  0
49  46  -44  0
-33  -32  56  0
-39  77  -36  0
74  45  -31  0
6  -28  -41  0
-59  -17  -65  0
-30  50  72  0
57  -53  65  0
-69  9  -43  0
-11  -1  58  0
12  76  38  0
79  11  27  0
-27  42  -69  0
-19  13  -71  0
3  32  -12  0
74  71  73  0
-74  -55  64  0
5  4  75  0
-39  48  53  0
28  29  9  0
-24  67  -61  0
6  -10  66  0
-38  -14  52  0
-60  -23  -78  0
-1  70  24  0
62  58  -6  0
11  -61  64  0
-29  56  -5  0
-6  -49  70  0
1  40  -15  0
-44  37  25  0
-49  4  41  0
65  9  59  0
-17  -25  44  0
-6  58  57  0
63  -4  -56  0
2  31  19  0
-55  42  12  0
36  -79  -12  0
-80  -15  42  0
8  -29  -40  0
56  40  -68  0
28  25  -27  0
-66  -52  -36  0
