c mkcnf random cnf with seed 435580, max clause length 3
c FORCED SATISFIABLE
c 
p cnf 80  344
-27  -29  -36  0
-79  -45  38  0
49  13  -2  0
-15  -73  -79  0
56  41  57  0
-76  -8  -68  0
49  -40  67  0
-52  -72  -46  0
25  73  -74  0
-21  -60  -11  0
-52  -62  -58  0
65  -57  -72  0
75  22  69  0
-66  -77  6  0
-8  -7  38  0
35  -40  -4  0
66  -62  35  0
22  -52  -21  0
2  -71  -65  0
41  34  -27  0
18  40  -46  0
46  15  33  0
-79  -12  -14  0
-35  59  -43  0
2  39  80  0
27  -75  36  0
-36  26  68  0
73  3  45  0
-43  -46  -73  0
3  -26  61  0
-26  50  -16  0
-65  68  -30  0
54  -49  -20  0
-13  -70  5  0
76  63  80  0
-27  -59  52  0
-57  -14  -20  0
-65  70  -56  0
-49  -75  -40  0
31  3  -4  0
31  51  39  0
76  -79  30  0
-22  -1  -27  0
30  11  -69  0
5  19  27  0
63  -55  72  0
-19  -77  16  0
59  -16  -11  0
-24  35  18  0
10  -29  21  0
-59  64  61  0
80  71  41  0
44  11  -19  0
51  8  1  0
-60  -72  -4  0
5  14  76  0
46  -65  -73  0
-41  -66  -8  0
-62  -20  -18  0
-8  -26  -59  0
-53  -16  9  0
-64  73  25  0
-1  -36  -26  0
7  37  36  0
-50  -75  -5  0
32  1  76  0
-44  38  53  0
-40  22  59  0
-27  -24  26  0
13  74  -19  0
13  -30  -3  0
-54  -13  80  0
-66  77  -10  0
4  49  11  0
74  -56  44  0
12  -64  71  0
13  -48  -31  0
72  46  24  0
19  -71  54  0
-72  18  -65  0
-65  -12  -34  0
9  -42  -19  0
-24  -66  51  0
-70  -41  -54  0
-46  31  18  0
-31  19  -65  0
-31  -55  79  0
28  -26  17  0
-65  44  -73  0
59  -4  -50  0
-38  15  36  0
-70  -21  39  0
-62  57  42  0
32  -22  70  0
22  -48  79  0
-73  -8  78  0
35  -59  -24  0
-15  17  35  0
-72  18  24  0
-12  -1  3  0
-66  56  -69  0
-31  -36  20  0
30  -27  80  0
-16  -55  29  0
-57  34  -70  0
-32  39  -9  0
-25  -42  69  0
-80  76  -69  0
14  -1  -34  0
30  -45  76  0
11  47  -39  0
-73  -71  -68  0
-35  -4  -12  0
-56  -73  -34  0
-45  74  -68  0
23  49  -55  0
-45  -72  22  0
16  25  13  0
-12  -39  16  0
-45  -36  -11  0
80  -55  77  0
20  1  -11  0
-25  3  53  0
6  -80  -2  0
-10  -37  -70  0
44  27  49  0
-29  49  26  0
-1  57  17  0
59  -26  19  0
36  -60  -55  0
-35  36  39  0
2  -25  -64  0
62  -42  -9  0
-33  -41  -52  0
45  9  3  0
23  80  -49  0
15  71  8  0
15  4  38  0
-77  -23  -73  0
-80  16  70  0
48  -16  -57  0
-70  7  -62  0
62  -59  -66  0
-16  8  -33  0
31  62  -60  0
51  -70  -22  0
30  44  29  0
1  -16  11  0
1  -9  80  0
46  59  49  0
46  22  13  0
44  45  32  0
-8  17  -69  0
-54  42  -39  0
-51  -65  2  0
-75  12  -41  0
-30  39  42  0
24  15  -8  0
65  -36  -13  0
-1  -4  -44  0
17  60  35  0
49  -5  -50  0
9  -57  -27  0
-5  -25  -64  0
79  59  -57  0
38  59  -25  0
-14  42  2  0
19  54  24  0
8  72  57  0
23  -54  -55  0
-50  37  -64  0
71  -43  19  0
77  -22  14  0
-76  58  44  0
32  11  16  0
79  -28  -39  0
-56  -78  -18  0
74  -60  -46  0
37  -57  -33  0
-71  -13  -79  0
-40  -65  18  0
-17  -8  75  0
1  52  72  0
39  52  57  0
51  46  76  0
25  -62  -7  0
-48  51  57  0
-53  4  -79  0
57  -53  -2  0
-45  80  -39  0
29  36  30  0
-16  -69  34  0
48  10  -1  0
78  -75  -40  0
74  48  78  0
25  23  -70  0
-55  52  -26  0
27  4  -21  0
-18  5  34  0
66  35  -65  0
41  -37  -17  0
19  14  80  0
36  -27  50  0
61  -72  3  0
-23  16  -1  0
-80  -52  -5  0
69  50  22  0
64  -1  -25  0
26  40  -43  0
-20  -16  -13  0
35  -33  1  0
61  -41  -35  0
32  13  52  0
60  -53  38  0
59  -35  -17  0
-55  -48  12  0
3  -32  12  0
41  -13  -36  0
-6  -76  -40  0
-1  56  -21  0
-14  66  -48  0
75  66  -43  0
55  -64  -52  0
-73  54  -22  0
-7  56  -74  0
65  58  -19  0
-54  5  17  0
38  -72  -6  0
64  -67  -20  0
56  42  76  0
-14  -66  -19  0
-39  44  35  0
80  55  -9  0
-59  6  55  0
-69  71  45  0
18  10  35  0
-48  80  40  0
-23  79  19  0
-38  -53  -78  0
57  42  27  0
60  -65  21  0
33  -45  22  0
-69  -31  -15  0
-55  -66  58  0
-73  31  -9  0
59  29  -33  0
23  -26  56  0
42  27  11  0
44  29  -37  0
-58  15  -3  0
-11  -43  -39  0
-16  -3  -37  0
53  -6  23  0
41  -24  -76  0
-41  -26  -23  0
41  47  -39  0
-8  58  65  0
63  43  64  0
-28  -26  51  0
-66  23  -31  0
44  -63  -31  0
64  -50  -20  0
22  -19  -52  0
76  32  -50  0
36  49  3  0
37  71  3  0
37  -53  61  0
4  53  -29  0
18  52  14  0
-67  18  -58  0
-14  40  60  0
34  -72  9  0
-53  8  75  0
-70  14  -51  0
29  17  70  0
-16  25  22  0
-44  -64  -10  0
-51  -74  -32  0
40  17  -70  0
57  -56  -41  0
-47  25  -43  0
-55  46  -24  0
50  -55  -29  0
-1  11  69  0
-78  54  -49  0
11  56  52  0
-3  20  50  0
-19  6  78  0
-44  59  50  0
-48  -17  52  0
3  7  -74  0
20  -43  24  0
-22  -16  33  0
-14  58  45  0
9  -38  -44  0
-56  -75  29  0
-27  20  42  0
17  -60  48  0
-12  -35  77  0
50  57  32  0
76  69  64  0
21  76  -10  0
-47  -73  -58  0
-59  68  51  0
80  61  -23  0
-61  64  5  0
-31  -7  -73  0
5  -46  69  0
40  -70  32  0
-6  69  79  0
55  79  11  0
-77  14  6  0
-48  -27  -78  0
-9  7  41  0
-44  -11  -61  0
-78  69  -8  0
-70  38  -8  0
55  -23  1  0
44  31  23  0
4  -16  -76  0
-72  45  -6  0
-61  -22  57  0
-18  -2  49  0
10  35  -16  0
58  -68  72  0
20  5  53  0
-64  77  19  0
-50  41  22  0
-66  -13  55  0
-14  46  26  0
40  35  -58  0
-23  2  -3  0
14  17  -68  0
-52  -17  -26  0
-51  65  -64  0
63  38  73  0
-28  25  -49  0
57  62  10  0
-4  -69  -72  0
-36  -54  22  0
77  73  -9  0
-1  48  62  0
-50  -10  -4  0
53  -33  35  0
