c mkcnf random cnf with seed 435528, max clause length 3
c FORCED SATISFIABLE
c 
p cnf 80  344
-72  -8  9  0
-41  48  3  0
-75  8  53  0
75  25  8  0
15  69  -7  0
-28  44  -72  0
-21  14  -63  0
41  -7  -72  0
-23  13  -61  0
10  54  79  0
10  -5  40  0
32  -39  13  0
5  65  -68  0
-8  17  -45  0
-62  64  -57  0
-20  38  -23  0
-4  -34  -41  0
54  -59  61  0
5  60  -33  0
-76  -68  -58  0
-48  -78  -21  0
46  -55  -5  0
-51  -20  -34  0
-7  78  75  0
-42  13  -38  0
-12  -26  49  0
-54  31  48  0
-16  57  71  0
-28  -56  -64  0
68  -57  -54  0
-3  -35  26  0
66  23  -42  0
64  6  8  0
-48  27  -25  0
-73  71  -56  0
-40  1  -4  0
17  -45  60  0
58  -32  -19  0
62  -72  39  0
22  -8  31  0
-72  -6  -53  0
-29  -7  17  0
54  -28  -53  0
-2  -67  66  0
-15  -62  80  0
-12  -78  31  0
-37  -51  40  0
50  -29  -11  0
24  28  -27  0
-55  -2  15  0
63  -34  76  0
-51  28  -73  0
-57  24  31  0
33  -17  75  0
66  -47  38  0
32  -68  77  0
34  3  -33  0
-8  52  -44  0
51  -16  53  0
-17  -50  -49  0
56  79  -80  0
1  30  -45  0
-3  -25  -27  0
74  -35  78  0
-27  -77  14  0
-73  13  -47  0
-9  -27  26  0
-75  -12  33  0
58  5  8  0
18  64  -62  0
80  20  -71  0
-48  63  67  0
80  25  70  0
-58  68  36  0
56  -31  -38  0
75  5  -52  0
70  -65  63  0
-6  -12  -48  0
34  -47  -11  0
61  -49  46  0
44  -3  -34  0
-1  27  -75  0
-7  -40  -12  0
11  -80  60  0
55  45  23  0
56  50  3  0
-52  40  -41  0
9  -7  -8  0
-70  -75  50  0
-8  -16  55  0
65  63  -32  0
-60  -53  -2  0
-19  58  39  0
30  -34  -46  0
78  -31  51  0
28  -20  -23  0
-36  48  -41  0
-18  17  67  0
-53  21  64  0
79  -32  63  0
35  46  -14  0
-8  -20  -74  0
35  20  -40  0
1  -11  -58  0
-47  -16  -6  0
7  39  35  0
10  20  -22  0
-46  4  5  0
29  -52  -3  0
-78  -27  -72  0
-50  11  39  0
76  -49  -2  0
-47  27  -61  0
79  52  59  0
13  55  -35  0
-70  38  -57  0
-54  32  77  0
-27  -53  28  0
-74  20  17  0
-20  -57  -21  0
38  -47  12  0
46  16  41  0
-21  -9  59  0
11  38  -25  0
-19  -35  50  0
-22  -50  -72  0
59  75  69  0
66  -47  -72  0
-7  22  -48  0
71  53  -16  0
-69  -30  -35  0
-12  53  -38  0
21  1  19  0
-51  -62  57  0
-65  71  50  0
56  26  -7  0
59  7  62  0
79  -8  -71  0
14  -30  71  0
72  61  -30  0
-47  -74  29  0
57  8  77  0
-11  24  22  0
79  56  57  0
4  23  67  0
32  -55  19  0
78  76  -57  0
-27  26  34  0
23  -71  -6  0
-18  -56  -60  0
-51  38  -37  0
33  28  58  0
49  72  -58  0
78  -74  32  0
42  65  29  0
6  -27  5  0
57  -30  12  0
-7  41  13  0
77  -75  -47  0
-12  -37  -3  0
-57  30  4  0
45  -70  73  0
-19  -1  -61  0
66  65  -71  0
24  -55  30  0
49  -79  -27  0
16  65  70  0
61  -46  -73  0
-50  -5  -29  0
36  -28  27  0
-23  49  -20  0
38  12  -61  0
78  -2  53  0
53  -19  -29  0
5  31  -68  0
-76  9  -61  0
18  -31  59  0
-47  -44  60  0
-53  -72  -56  0
-67  -47  70  0
28  27  -24  0
-78  65  37  0
41  -38  -75  0
-80  -31  44  0
-10  28  55  0
-69  -14  47  0
-52  17  65  0
43  32  -60  0
-34  30  7  0
-2  62  -69  0
68  32  -64  0
-32  -74  -6  0
-35  51  60  0
-20  9  58  0
66  30  18  0
-56  31  -9  0
39  -56  54  0
67  12  34  0
78  31  -5  0
49  -26  -69  0
80  -13  42  0
-55  60  -30  0
51  -29  -63  0
51  37  26  0
-78  -18  -3  0
-73  -15  67  0
17  -24  -4  0
33  -57  2  0
-37  1  35  0
-65  1  -45  0
24  -79  -51  0
-1  -46  -63  0
-58  -24  -26  0
45  -52  -6  0
17  -38  -48  0
24  -20  47  0
54  46  66  0
53  16  41  0
10  -43  11  0
-49  58  76  0
-11  -78  70  0
14  -15  10  0
-74  6  41  0
-9  41  48  0
36  53  -50  0
63  -58  27  0
-45  -65  -18  0
-23  -69  18  0
10  79  -34  0
-71  -28  -68  0
-63  60  15  0
66  46  68  0
46  -63  9  0
4  -11  61  0
19  37  71  0
-6  27  -52  0
-38  4  -59  0
-62  39  18  0
28  13  -24  0
54  36  73  0
-21  55  35  0
73  5  38  0
66  17  -1  0
-43  34  -78  0
-20  78  11  0
-73  21  -37  0
-11  63  45  0
7  42  -58  0
13  -34  -77  0
54  -52  39  0
-72  -74  -80  0
49  -6  -26  0
-20  -69  -78  0
-28  59  -65  0
-36  -13  18  0
14  71  -80  0
33  21  -36  0
-9  -43  -1  0
-61  76  24  0
76  51  3  0
-52  21  -57  0
-19  42  -4  0
19  17  -26  0
76  -25  -35  0
-67  -9  71  0
-17  9  -48  0
-10  37  26  0
41  11  31  0
42  50  -48  0
-56  27  34  0
62  3  -50  0
23  68  63  0
-65  -57  58  0
-18  -42  39  0
53  -37  -74  0
-76  -31  -22  0
1  -7  -44  0
22  72  8  0
2  -73  -53  0
-17  59  69  0
-73  76  -58  0
-71  -35  48  0
35  75  -72  0
18  -35  41  0
27  -15  -35  0
59  54  22  0
-3  -13  -62  0
-16  -27  40  0
-51  -27  -58  0
-1  -26  -25  0
-60  -49  -18  0
-36  46  -47  0
67  20  16  0
36  -47  -10  0
-54  36  70  0
61  -52  46  0
59  77  25  0
-5  -4  44  0
27  -25  -63  0
-69  33  -57  0
56  24  -45  0
-34  35  78  0
-1  -54  66  0
-8  -71  -47  0
42  56  78  0
13  -27  73  0
4  9  59  0
62  -37  -28  0
48  -22  -5  0
-8  -2  26  0
50  45  78  0
60  16  9  0
39  44  -48  0
36  55  -51  0
-57  -78  -64  0
74  62  -80  0
-55  42  -8  0
70  -75  18  0
3  17  -57  0
-46  79  39  0
75  48  62  0
2  39  4  0
25  49  67  0
26  -10  -11  0
-58  44  -34  0
-21  -4  27  0
3  32  -62  0
-36  -20  70  0
-56  -78  -18  0
-15  -30  -78  0
67  -6  -23  0
4  -72  40  0
73  5  19  0
10  -38  -31  0
74  56  63  0
-53  4  43  0
6  -4  -53  0
75  -65  39  0
-24  53  -34  0
48  -21  -76  0
-22  -39  -3  0
-57  -28  21  0
80  -74  -38  0
34  -44  74  0
