c mkcnf random cnf with seed 435564, max clause length 3
c FORCED SATISFIABLE
c 
p cnf 80  344
-59  35  -46  0
-78  -69  9  0
-27  -1  55  0
45  -48  58  0
73  -69  74  0
-63  -58  68  0
75  -10  32  0
-42  -70  -51  0
6  36  33  0
-44  -18  69  0
65  -28  9  0
-49  -4  80  0
-19  -5  -8  0
10  76  44  0
44  -80  31  0
-53  -1  -63  0
68  -56  4  0
-32  -55  -11  0
22  36  -41  0
-60  -1  -49  0
-46  18  78  0
-75  55  42  0
67  9  -38  0
-27  60  59  0
-14  38  -59  0
56  19  71  0
-67  5  4  0
58  17  -42  0
26  -44  39  0
4  52  8  0
40  -56  -28  0
-26  7  -32  0
-28  -5  29  0
-77  10  76  0
51  -20  78  0
-43  65  78  0
80  64  -23  0
6  46  60  0
-38  -11  -32  0
43  32  -55  0
80  -42  -33  0
-77  56  16  0
79  47  41  0
26  6  -67  0
40  -79  -24  0
42  20  35  0
-28  -73  -19  0
18  -23  64  0
65  -67  32  0
-39  76  -51  0
3  36  60  0
-70  -61  35  0
-3  -47  34  0
36  53  71  0
-54  3  -71  0
-31  58  79  0
52  -79  -35  0
-33  26  2  0
-24  -3  22  0
38  -73  40  0
-44  26  9  0
40  61  58  0
26  14  -49  0
-38  11  31  0
-55  20  -40  0
18  -48  -22  0
-20  17  61  0
-39  -70  -28  0
12  -65  -53  0
49  -54  -72  0
-70  1  46  0
34  -12  -28  0
58  50  73  0
-23  -29  -19  0
39  64  60  0
-62  22  -14  0
35  65  10  0
24  -34  -43  0
-32  -44  -64  0
-71  -69  23  0
47  -28  -7  0
50  42  -10  0
-5  -12  -78  0
-58  50  31  0
-39  53  -28  0
-5  48  56  0
-80  -50  -1  0
10  -5  -73  0
-49  -50  -21  0
40  6  -14  0
-70  -80  -78  0
59  72  44  0
-51  -39  63  0
59  -21  -6  0
-19  -73  35  0
-8  -37  21  0
-72  76  50  0
-42  -77  51  0
-24  25  -69  0
-20  4  79  0
-9  54  21  0
-61  71  3  0
-48  28  75  0
19  24  65  0
53  -38  -70  0
-76  59  2  0
41  46  80  0
-44  39  -53  0
-34  -56  -33  0
-1  64  51  0
-3  -12  33  0
30  -53  -21  0
28  43  72  0
-72  -57  73  0
-9  -51  -15  0
-48  78  -33  0
36  -46  -40  0
-66  -59  56  0
61  68  -74  0
-53  48  29  0
-11  7  40  0
3  42  34  0
-44  -7  80  0
-67  -72  24  0
27  -77  -62  0
-58  -74  -4  0
4  28  -78  0
50  -62  -32  0
79  -22  13  0
-76  -19  -45  0
-60  -26  38  0
-16  -45  -40  0
-21  -17  56  0
19  -11  62  0
29  79  55  0
-38  -16  -35  0
55  12  13  0
36  16  25  0
-54  -21  -25  0
14  9  43  0
-48  56  -29  0
16  -23  69  0
64  39  -68  0
-53  -29  73  0
10  -2  -80  0
52  42  -67  0
-30  -23  80  0
65  10  62  0
14  -10  -1  0
64  -59  -35  0
65  54  39  0
-38  -26  37  0
49  -10  -51  0
2  31  -62  0
62  -45  -71  0
-28  -53  44  0
-3  14  27  0
-15  75  -33  0
-56  15  20  0
-35  -57  60  0
80  -45  -49  0
-44  -66  20  0
79  -76  -47  0
1  -52  67  0
-37  -25  48  0
3  35  -33  0
-55  -2  67  0
-71  -78  -5  0
63  -17  -25  0
43  -45  -8  0
80  51  69  0
-29  49  -66  0
9  -47  6  0
33  -73  51  0
-13  77  -57  0
47  -30  -43  0
-20  79  -40  0
44  24  34  0
-69  -8  -45  0
-15  -75  40  0
25  -46  -66  0
69  -54  -7  0
44  -3  5  0
28  76  59  0
35  67  -7  0
19  -80  -46  0
-12  -18  -39  0
-24  16  40  0
-29  -32  -69  0
-80  3  20  0
23  42  -65  0
-10  21  -15  0
70  13  26  0
43  15  7  0
13  40  -3  0
80  -17  11  0
34  -50  -38  0
29  -78  8  0
-19  26  -12  0
30  73  33  0
78  -63  -12  0
32  31  21  0
45  11  53  0
57  -68  -78  0
10  -42  25  0
75  4  -55  0
-30  -38  -54  0
-51  36  58  0
63  -31  -45  0
-44  -54  25  0
-47  -12  -36  0
28  -47  26  0
16  2  -59  0
-12  41  -20  0
-73  76  -40  0
-63  -4  -29  0
22  3  -37  0
-42  -70  7  0
-27  -78  -14  0
79  54  48  0
-21  -61  52  0
-63  61  7  0
54  -22  20  0
36  69  9  0
61  4  72  0
53  -47  2  0
8  -52  -61  0
22  2  -39  0
41  69  -61  0
-3  -14  -19  0
78  -17  -27  0
-18  73  -70  0
-27  45  -79  0
30  40  49  0
-34  42  -61  0
21  -57  -73  0
-36  37  63  0
-22  72  61  0
35  13  8  0
-9  46  -41  0
55  -42  38  0
-21  -38  -72  0
37  -34  9  0
57  -18  -75  0
-55  38  26  0
-31  50  39  0
19  69  -46  0
54  80  11  0
-39  -53  -41  0
51  -10  70  0
20  12  -64  0
-43  38  39  0
39  20  -46  0
32  45  -65  0
53  51  -30  0
52  -48  17  0
55  -28  -16  0
-20  31  -69  0
-12  9  -73  0
45  65  -1  0
26  18  -56  0
78  -20  43  0
-54  -36  -57  0
-29  78  -71  0
44  -23  42  0
16  43  56  0
68  64  -6  0
11  -3  48  0
76  -40  -49  0
31  14  39  0
18  -50  68  0
59  -38  -69  0
27  -60  23  0
-73  10  -3  0
-61  75  -27  0
-32  2  -1  0
-8  -13  2  0
-31  24  -57  0
-41  -36  -53  0
-74  -57  9  0
80  69  61  0
-2  77  -57  0
-27  18  -78  0
24  -80  6  0
41  62  -10  0
55  -25  43  0
-54  -16  -32  0
51  6  -67  0
-43  57  -25  0
42  -47  15  0
-5  -52  29  0
58  -74  3  0
-1  26  -73  0
68  -22  -18  0
-18  -68  73  0
-9  -56  -51  0
-50  -48  27  0
65  48  34  0
-61  56  39  0
-3  -25  13  0
-40  -25  -7  0
49  28  -22  0
-67  -15  -23  0
-1  70  -19  0
-67  -25  -23  0
-62  27  -63  0
-73  -27  -71  0
-8  2  46  0
-49  -58  43  0
-13  47  -68  0
-8  -20  24  0
12  11  -15  0
-46  -16  20  0
43  15  -28  0
33  72  -31  0
-58  -54  4  0
72  -4  -50  0
54  -41  46  0
-13  47  -31  0
-18  -27  -19  0
32  67  76  0
-51  17  10  0
-40  -25  -53  0
-9  69  14  0
59  57  -35  0
-39  -10  34  0
-69  -53  -5  0
-74  -71  34  0
-36  -11  -68  0
-23  19  72  0
36  72  -33  0
-68  -34  58  0
-62  -73  40  0
-52  45  65  0
-44  -27  59  0
-38  -33  58  0
43  59  -10  0
53  79  -76  0
-43  5  50  0
-77  -28  32  0
-35  8  26  0
-57  -49  -39  0
-15  43  64  0
68  25  69  0
