c mkcnf random cnf with seed 435563, max clause length 3
c FORCED SATISFIABLE
c 
p cnf 80  344
66  6  -12  0
79  37  -51  0
-9  64  34  0
-2  -22  38  0
44  3  -24  0
-56  -27  77  0
72  6  8  0
-49  11  -37  0
3  62  -41  0
80  65  57  0
-49  -30  -33  0
-35  -10  70  0
-26  31  43  0
-24  -10  -55  0
69  -21  24  0
-63  -75  -30  0
-1  18  37  0
43  1  -29  0
-37  -47  41  0
-40  -76  -7  0
-16  -13  -15  0
38  -65  44  0
-49  -17  -73  0
41  57  -10  0
12  -17  47  0
-42  -74  57  0
43  -20  45  0
64  -46  -23  0
15  46  23  0
31  63  59  0
-50  -32  -7  0
77  -26  -25  0
-14  59  28  0
54  -46  57  0
35  34  59  0
32  -18  26  0
57  -51  -75  0
29  17  -46  0
-72  -68  55  0
47  -44  -79  0
-27  -10  43  0
-51  19  76  0
-14  -49  -22  0
-18  44  -46  0
16  -53  77  0
69  -34  -2  0
33  21  38  0
46  6  -63  0
-23  -78  -51  0
-24  14  -42  0
70  53  20  0
20  -42  23  0
-43  -79  37  0
-12  -5  74  0
-40  55  -2  0
-28  -19  44  0
80  7  78  0
-40  52  -48  0
33  59  -14  0
-50  -21  -74  0
15  69  49  0
30  -23  48  0
71  -63  -46  0
-75  -76  -50  0
66  73  -54  0
75  -14  13  0
9  -13  -20  0
33  20  -7  0
72  17  -31  0
-52  56  47  0
12  29  30  0
20  -57  55  0
57  43  -52  0
16  6  74  0
-61  -48  55  0
-12  -4  47  0
22  -36  42  0
7  11  77  0
-1  50  -7  0
-68  47  -24  0
73  -65  -18  0
79  -29  -35  0
-8  -3  23  0
-67  43  -72  0
25  -79  -74  0
79  51  13  0
-55  19  41  0
-51  33  39  0
1  68  -77  0
61  43  69  0
-54  60  -31  0
1  -18  15  0
7  39  -23  0
-28  33  -2  0
49  -66  -37  0
5  70  79  0
-20  -27  -78  0
-40  -21  10  0
-23  40  33  0
-54  -44  78  0
-60  2  27  0
-71  47  -73  0
17  31  -6  0
-76  31  -17  0
-73  63  -1  0
-52  45  8  0
-16  78  -25  0
11  68  -4  0
-34  -41  -30  0
-29  5  77  0
-36  -39  12  0
44  24  45  0
-6  52  63  0
-4  3  -1  0
-13  -77  -46  0
-38  48  -74  0
45  -7  33  0
-5  68  -15  0
-39  -34  -16  0
55  -11  5  0
5  69  -20  0
48  56  -8  0
63  -54  13  0
38  2  49  0
78  -71  -15  0
15  -79  45  0
39  76  -50  0
62  -30  2  0
-74  47  -68  0
78  -28  -58  0
48  44  -7  0
-22  17  -1  0
62  -69  -18  0
56  21  -7  0
-25  2  61  0
6  -39  -53  0
63  42  1  0
-6  -54  -68  0
-8  16  44  0
-54  25  70  0
-12  63  22  0
69  -20  -71  0
-37  20  39  0
-55  -58  -26  0
-1  36  -69  0
-53  76  -32  0
-11  55  13  0
-29  -58  -16  0
-9  -2  43  0
-45  41  -18  0
-16  55  29  0
-15  57  41  0
40  -2  -70  0
71  -40  31  0
-63  78  45  0
-7  -72  37  0
-80  53  -30  0
-10  -66  50  0
-75  14  -16  0
24  -34  67  0
-66  -76  51  0
3  -23  -78  0
-65  9  34  0
-2  8  -16  0
41  -48  45  0
-73  67  -62  0
-62  8  23  0
67  28  -19  0
-28  44  -13  0
31  -76  -63  0
2  -47  3  0
-4  -22  45  0
-62  -42  12  0
41  6  -73  0
41  -59  48  0
79  -2  -24  0
-63  -10  27  0
64  -6  -39  0
10  -5  49  0
-75  65  66  0
72  52  -48  0
-62  -58  18  0
20  46  52  0
-71  -33  -23  0
-12  60  48  0
-77  -16  1  0
-57  11  47  0
-8  63  -7  0
-54  70  -27  0
11  -51  -4  0
73  9  -22  0
-38  57  66  0
49  42  70  0
21  33  59  0
17  42  48  0
25  63  74  0
-73  2  6  0
-49  -79  -51  0
80  -26  63  0
-3  13  -8  0
-76  26  67  0
-74  -58  -62  0
64  -49  -8  0
-71  -41  20  0
-9  -8  68  0
-12  46  -79  0
-55  -13  17  0
-58  -24  23  0
-4  -53  42  0
12  -60  61  0
58  27  -22  0
-67  -79  -60  0
66  13  -45  0
6  -57  -12  0
-22  69  6  0
-8  70  -42  0
-25  33  39  0
8  78  58  0
10  27  -58  0
-79  30  -32  0
-41  -76  51  0
15  -79  -6  0
-48  -65  -69  0
72  57  32  0
61  17  18  0
-16  77  51  0
40  -67  -50  0
-66  -48  30  0
-20  42  39  0
-73  38  -69  0
30  66  -60  0
-33  -11  -61  0
-29  -62  -49  0
78  10  -17  0
65  -38  -60  0
-64  -62  -5  0
-56  -28  55  0
48  -62  25  0
-3  -54  59  0
-80  67  62  0
-65  36  12  0
75  -67  40  0
5  -46  -11  0
-9  38  2  0
-58  7  40  0
-19  49  28  0
-33  73  -49  0
-42  -76  73  0
19  49  36  0
58  44  68  0
-52  -63  50  0
29  -69  -31  0
-20  -41  -79  0
53  -47  -65  0
48  -31  -8  0
77  -30  43  0
-32  -70  8  0
45  -8  -10  0
-1  -52  71  0
20  -76  5  0
-10  -33  49  0
-32  24  60  0
-33  1  -80  0
-58  38  26  0
-1  49  41  0
24  75  62  0
-54  46  80  0
-74  -17  78  0
-71  -8  73  0
61  73  -59  0
-62  -29  77  0
47  -75  -43  0
-74  -35  -60  0
-48  -69  -33  0
-56  30  -1  0
78  -13  45  0
25  -66  -8  0
-71  32  -16  0
50  35  4  0
-5  -4  79  0
76  11  -13  0
-46  -13  25  0
-65  -37  -3  0
46  -16  66  0
9  -59  66  0
13  -27  -21  0
-21  70  7  0
-59  -18  -43  0
16  -40  14  0
-24  58  11  0
19  22  5  0
-10  46  -72  0
26  -22  -75  0
42  60  40  0
16  -48  28  0
-38  5  40  0
21  -15  17  0
48  30  -13  0
-41  -53  -14  0
-74  66  -39  0
-33  78  77  0
72  52  -79  0
2  -67  39  0
-39  72  -16  0
58  47  18  0
-79  53  35  0
-66  -76  53  0
17  -73  -1  0
-43  -20  -2  0
-77  -72  12  0
-42  -60  21  0
-12  51  -11  0
2  -25  -60  0
-69  -9  14  0
-42  -17  -10  0
43  -2  -44  0
4  47  -44  0
-22  -12  21  0
-76  44  10  0
18  -75  16  0
-47  77  -44  0
75  71  -21  0
37  55  66  0
71  17  -66  0
45  20  35  0
-44  -26  33  0
48  -10  12  0
49  14  -38  0
23  -40  11  0
-18  49  -41  0
-67  -50  37  0
-67  75  -79  0
-31  -65  -28  0
-49  -2  34  0
47  -14  53  0
-15  -7  -4  0
7  37  68  0
62  -58  72  0
28  -30  -39  0
-80  -34  31  0
44  -38  16  0
70  36  68  0
63  -68  29  0
-52  -7  42  0
