c mkcnf random cnf with seed 435546, max clause length 3
c FORCED SATISFIABLE
c 
p cnf 80  344
-26  62  67  0
62  13  -27  0
40  3  5  0
45  -30  64  0
-26  -23  4  0
-53  9  64  0
2  7  24  0
71  -44  56  0
-33  -23  -53  0
11  24  -69  0
-6  -55  -63  0
-45  -33  69  0
30  -25  -33  0
-70  -6  8  0
65  -60  -70  0
66  -46  17  0
62  25  65  0
8  17  -1  0
11  46  -13  0
-66  64  -36  0
-45  -31  -80  0
-14  -67  -21  0
55  -52  -18  0
-16  69  56  0
-19  -76  29  0
12  -59  -78  0
-58  -44  24  0
-5  -31  -73  0
59  76  -75  0
64  51  20  0
47  54  43  0
56  -7  4  0
-41  24  -7  0
-16  -80  20  0
-6  -49  52  0
-28  -9  4  0
-75  -30  -73  0
14  6  -10  0
26  -70  5  0
-7  -31  47  0
4  21  -27  0
22  62  80  0
-6  -5  -52  0
-78  3  70  0
-58  -38  74  0
-56  -43  -71  0
33  -77  8  0
-5  71  8  0
79  -16  10  0
-52  70  -63  0
-55  -58  -51  0
-68  56  26  0
50  32  73  0
-3  -30  69  0
72  66  36  0
-53  79  32  0
-2  57  62  0
-1  -11  -50  0
56  10  -60  0
71  -19  -5  0
-59  -48  75  0
-49  -39  -66  0
39  51  80  0
63  -76  -19  0
-1  57  -34  0
54  -72  3  0
-43  32  -56  0
-70  10  -46  0
-54  48  13  0
65  -64  35  0
-73  51  54  0
48  -14  -70  0
47  -54  -38  0
-16  65  -48  0
70  -58  -71  0
-25  59  8  0
-5  40  21  0
62  80  38  0
-48  27  -69  0
76  48  -2  0
-32  -9  5  0
-50  44  -41  0
-3  -6  -76  0
51  -9  -24  0
-14  -59  10  0
-65  -3  -15  0
54  23  7  0
-56  -2  -47  0
14  4  -20  0
23  -41  -71  0
-16  10  22  0
-31  23  -12  0
-10  5  29  0
36  -49  -5  0
25  -53  -37  0
-42  68  1  0
25  51  -58  0
-40  -11  27  0
48  23  -55  0
23  40  60  0
42  -70  79  0
2  36  29  0
-11  -26  48  0
-23  45  -52  0
-12  14  70  0
-62  -48  -33  0
15  -29  -64  0
-57  -13  -34  0
-67  66  52  0
-77  28  -18  0
-54  -15  -4  0
35  -51  64  0
-25  75  -42  0
78  -27  -66  0
-42  -80  -57  0
-42  -25  13  0
18  9  75  0
43  80  -51  0
-80  66  -52  0
18  72  68  0
9  74  73  0
-1  58  -2  0
64  36  46  0
-61  58  67  0
-64  35  -60  0
1  -2  29  0
42  -76  4  0
29  41  -73  0
-75  26  79  0
-2  22  -20  0
-78  39  -31  0
29  -65  -16  0
-29  24  32  0
40  -30  39  0
76  35  71  0
69  30  73  0
65  -68  59  0
-25  77  79  0
-28  -50  -72  0
30  14  -70  0
54  -41  -27  0
58  34  37  0
-76  -30  10  0
-79  40  -77  0
-22  23  42  0
23  16  56  0
71  -67  40  0
-43  77  68  0
-26  8  49  0
18  -59  -47  0
15  -68  -73  0
75  73  60  0
-15  -35  73  0
39  -41  -60  0
16  -39  -79  0
72  -28  -17  0
39  -1  -61  0
-27  80  -1  0
-24  -77  40  0
45  -23  6  0
68  41  -42  0
-2  -63  48  0
-77  -58  -6  0
27  -6  -2  0
-9  53  -66  0
-32  -5  37  0
80  -78  -17  0
-30  76  -38  0
-5  -69  59  0
6  14  -26  0
67  27  31  0
-40  80  -21  0
-19  -60  56  0
-13  8  51  0
47  -18  -34  0
-69  -66  -56  0
-15  68  -72  0
56  68  -38  0
65  -56  49  0
24  -62  38  0
31  25  -61  0
5  -24  -8  0
41  -31  -16  0
51  34  -45  0
-7  -44  -70  0
-56  -52  -27  0
36  -16  -59  0
72  -45  69  0
17  57  48  0
-61  -12  70  0
-65  35  -62  0
-69  -49  -2  0
76  -1  23  0
62  14  49  0
36  -3  32  0
-11  -57  4  0
-18  -12  66  0
-30  -33  -43  0
10  -19  37  0
74  61  -14  0
-72  -41  -27  0
66  -17  -1  0
-74  5  -7  0
-80  5  41  0
6  11  69  0
66  72  17  0
31  28  -48  0
45  -13  60  0
80  42  -76  0
-47  62  -44  0
-28  40  -47  0
-4  -42  -20  0
37  -8  -9  0
66  54  -6  0
-80  63  36  0
1  14  -75  0
-56  5  -77  0
-35  49  33  0
28  -52  -80  0
-48  -29  -27  0
-30  69  -74  0
-52  -75  55  0
55  -4  66  0
-45  -78  39  0
-10  -67  -19  0
33  21  -75  0
-25  76  -75  0
64  -40  17  0
-63  28  -77  0
77  -29  -66  0
-28  49  -41  0
45  30  53  0
66  -41  -63  0
26  77  38  0
-38  73  -44  0
-7  11  -70  0
17  64  -37  0
-64  32  36  0
66  42  63  0
-57  -52  -11  0
-80  -9  -34  0
11  -53  54  0
32  -15  -33  0
-1  46  -60  0
19  -9  24  0
24  51  20  0
71  -44  41  0
-57  -80  -24  0
-8  19  5  0
42  66  -34  0
75  -58  69  0
73  -75  -21  0
46  -44  73  0
-13  53  -8  0
72  46  -2  0
25  -57  38  0
48  -56  1  0
-60  -25  64  0
-25  -1  55  0
4  -12  -27  0
-67  -68  46  0
9  79  -53  0
-57  -60  -34  0
25  -23  16  0
-71  -36  -80  0
9  -39  -25  0
-50  53  -18  0
-72  74  -77  0
-26  -47  -79  0
14  39  13  0
-3  -17  -7  0
16  -43  -33  0
21  -77  -33  0
-55  7  22  0
80  -36  -20  0
-9  -69  -21  0
-29  20  76  0
-3  -38  8  0
68  53  -18  0
36  -53  33  0
35  -22  20  0
-30  32  48  0
72  17  -5  0
-21  -13  -11  0
57  -78  -77  0
23  -80  -56  0
33  75  77  0
-21  60  -37  0
14  -72  -37  0
-25  69  51  0
78  -79  -32  0
44  -69  62  0
52  16  17  0
65  -8  -2  0
74  59  -25  0
3  -19  -75  0
12  -69  35  0
12  46  -41  0
29  44  39  0
-68  -37  66  0
75  2  36  0
56  21  27  0
68  51  -74  0
-58  31  77  0
7  -76  -34  0
16  -10  -70  0
-67  -23  -41  0
-66  -73  35  0
43  -47  24  0
22  -53  64  0
5  39  -58  0
-27  -50  62  0
-18  56  2  0
60  67  15  0
5  78  -75  0
-13  -18  -53  0
51  63  -50  0
27  36  40  0
-53  -16  -18  0
-15  41  42  0
32  79  24  0
78  22  41  0
9  25  -56  0
-15  43  65  0
-62  18  -72  0
-8  77  16  0
42  -27  72  0
65  56  41  0
73  59  -21  0
-49  19  -52  0
48  -28  16  0
36  49  -31  0
77  59  -28  0
30  36  6  0
32  -14  -8  0
-69  -70  80  0
67  -80  -47  0
-78  -42  -36  0
74  -7  75  0
67  -52  70  0
22  -43  11  0
-1  -32  -31  0
80  -28  47  0
-45  -40  -20  0
