c mkcnf random cnf with seed 435589, max clause length 3
c FORCED SATISFIABLE
c 
p cnf 80  344
-43  -56  -25  0
48  -62  78  0
-70  -45  15  0
-37  43  61  0
-59  11  76  0
-54  39  -62  0
-69  -40  21  0
5  -34  6  0
47  -29  -11  0
-21  58  -27  0
76  -5  35  0
37  78  -15  0
51  -20  -40  0
-71  80  79  0
-52  -57  -51  0
-78  -37  -66  0
10  -5  13  0
2  39  37  0
-60  -61  -54  0
-5  53  74  0
-54  80  32  0
80  13  -32  0
-49  24  -1  0
-36  43  -39  0
-23  54  -50  0
-1  15  -58  0
-58  -75  28  0
-39  -11  -74  0
45  6  56  0
-53  23  30  0
-11  59  73  0
71  -3  -15  0
40  -21  -49  0
-50  5  -79  0
66  7  -21  0
40  69  -59  0
80  -67  54  0
39  -20  74  0
-24  -22  -58  0
-46  13  -74  0
-18  -76  17  0
-69  -18  28  0
73  -69  9  0
34  -64  70  0
66  -58  29  0
-47  -65  25  0
32  -61  -60  0
7  -50  65  0
-27  14  -10  0
-79  -49  -22  0
44  24  -7  0
24  -44  -36  0
-35  57  -23  0
-15  -66  64  0
43  -18  -21  0
26  11  33  0
-9  64  29  0
5  -22  27  0
-38  79  70  0
-68  74  -8  0
22  79  -29  0
80  -25  40  0
29  79  -35  0
19  -18  -77  0
46  60  73  0
59  53  -80  0
49  -20  -30  0
-6  -21  -70  0
68  -80  -17  0
-39  62  55  0
36  -31  71  0
16  -32  80  0
-51  34  -30  0
59  80  -63  0
71  15  13  0
27  80  41  0
-56  45  -49  0
-53  -15  -80  0
9  -47  -69  0
46  1  44  0
76  -19  -67  0
19  -65  -36  0
8  61  3  0
-75  22  -78  0
44  2  40  0
-68  27  -5  0
59  70  -23  0
18  -67  -7  0
-17  25  1  0
46  -69  -63  0
54  -7  -71  0
54  -2  -5  0
-56  -30  -64  0
37  78  -27  0
21  19  20  0
58  28  -67  0
56  58  -6  0
-31  3  23  0
31  -60  65  0
2  -63  -69  0
61  43  50  0
38  1  -23  0
28  26  41  0
61  13  69  0
-79  -64  -3  0
9  -5  17  0
-6  58  -42  0
-24  21  -19  0
-52  30  47  0
-50  -31  -17  0
-62  -45  -25  0
68  39  -47  0
-47  -23  50  0
75  -58  -74  0
-48  -1  33  0
59  19  25  0
-23  -37  70  0
20  -57  -63  0
65  30  44  0
14  -31  57  0
35  -26  -71  0
-77  -64  -42  0
-66  13  10  0
-36  -35  -52  0
-47  6  -4  0
-21  -44  -67  0
-28  -26  -46  0
21  45  -49  0
29  70  -58  0
-2  18  39  0
22  -72  59  0
-16  13  -51  0
39  68  -52  0
-37  -5  -70  0
22  18  -8  0
-8  53  -13  0
-40  -76  38  0
61  -53  52  0
-57  -66  5  0
48  11  -45  0
46  -12  24  0
44  -63  26  0
-18  -43  -69  0
31  -74  25  0
39  -30  27  0
-54  34  -7  0
18  -56  16  0
-6  76  42  0
1  61  73  0
-32  33  -13  0
63  -4  35  0
-32  19  -39  0
33  56  -78  0
39  56  14  0
64  37  -56  0
48  57  50  0
-52  -6  -32  0
-70  -1  61  0
41  -18  1  0
56  -37  7  0
-78  -13  24  0
79  -37  -65  0
31  13  7  0
68  -55  -67  0
-48  -67  -16  0
34  -80  51  0
13  -3  47  0
12  66  -74  0
74  52  36  0
54  -69  7  0
-5  -44  49  0
50  -49  -29  0
-71  20  9  0
-37  -22  64  0
-29  -17  28  0
-28  56  16  0
38  -33  -27  0
30  -26  -2  0
79  19  7  0
70  -43  19  0
-6  33  57  0
8  64  51  0
67  -24  -53  0
65  -41  50  0
43  -77  67  0
44  -3  5  0
-44  6  -25  0
-72  -54  -17  0
-64  -39  15  0
-55  50  16  0
12  17  -64  0
4  38  68  0
-23  41  70  0
11  -46  -79  0
12  32  -45  0
69  41  39  0
-70  -40  13  0
-49  -22  24  0
-24  -65  -54  0
-79  -29  7  0
10  -3  57  0
55  73  15  0
12  9  7  0
-64  -74  -21  0
78  80  59  0
-50  11  68  0
2  -12  16  0
-78  52  6  0
4  -30  -44  0
-24  -79  -72  0
52  -40  1  0
7  14  44  0
-28  -39  68  0
48  -73  58  0
52  4  73  0
23  -60  46  0
-10  46  -12  0
-13  -79  60  0
-63  -8  4  0
-36  74  28  0
37  -44  49  0
-63  7  -42  0
60  32  -57  0
-57  5  11  0
-4  -66  -15  0
-50  -5  76  0
28  26  49  0
77  48  45  0
11  70  22  0
63  -4  -59  0
-73  79  -41  0
-73  76  35  0
4  -35  -17  0
66  42  54  0
-19  -2  4  0
-40  -47  7  0
58  26  -70  0
-43  68  25  0
8  -22  -4  0
-11  -30  17  0
-20  27  5  0
-21  59  72  0
-77  -1  -29  0
-12  49  5  0
22  -69  -35  0
-31  68  29  0
-80  -29  70  0
-12  32  -61  0
79  41  -16  0
-20  11  34  0
69  68  -13  0
-25  -27  -43  0
61  11  8  0
67  19  39  0
-37  26  18  0
-67  -27  -38  0
32  -12  -37  0
-20  26  78  0
23  73  -49  0
-42  -71  -23  0
-9  -48  22  0
-30  11  -26  0
74  -68  63  0
32  -6  12  0
-13  -59  -76  0
3  61  -42  0
61  -6  -3  0
14  8  -54  0
-45  38  25  0
-10  40  -11  0
56  5  78  0
9  -3  -74  0
-73  -59  26  0
37  52  45  0
19  -13  -40  0
-53  51  -1  0
-68  80  -49  0
-55  68  -77  0
29  77  41  0
-51  -80  -33  0
-67  60  5  0
33  -78  -13  0
-22  13  -73  0
17  -22  10  0
18  -60  77  0
-2  3  -17  0
-30  50  -52  0
-20  52  -18  0
27  -61  -11  0
-37  -43  -58  0
7  -66  20  0
16  -38  -10  0
-17  -57  -21  0
63  66  -14  0
-46  65  -49  0
61  -80  -54  0
-11  21  71  0
30  -65  -79  0
62  -80  -16  0
6  72  -12  0
-69  -74  7  0
17  18  15  0
-29  25  30  0
-68  -78  49  0
-51  68  -15  0
72  -54  -52  0
65  -43  -80  0
16  26  12  0
50  -40  6  0
18  -1  -63  0
-2  -74  -68  0
50  -80  2  0
31  -58  -45  0
-21  15  -31  0
26  36  42  0
70  -58  25  0
-23  -10  -59  0
33  69  63  0
-60  -59  71  0
-63  44  41  0
-37  36  -64  0
-2  24  43  0
4  -14  26  0
-24  -67  71  0
19  -60  72  0
-78  -31  -76  0
23  70  -68  0
58  77  -50  0
29  70  51  0
47  32  -56  0
42  -41  -4  0
73  -59  60  0
4  71  79  0
1  -60  -55  0
-48  -10  17  0
27  -52  -54  0
-64  -70  -75  0
40  -60  -6  0
-15  57  43  0
15  33  -56  0
31  41  75  0
50  -58  77  0
28  71  -7  0
-63  -46  66  0
