c mkcnf random cnf with seed 435575, max clause length 3
c FORCED SATISFIABLE
c 
p cnf 80  344
62  41  -24  0
19  -28  -70  0
-38  27  -77  0
-59  -71  20  0
44  49  -26  0
-8  -27  -20  0
-10  63  -74  0
-76  55  80  0
-35  13  9  0
19  -64  21  0
45  -65  61  0
75  66  50  0
-38  22  -12  0
-32  76  -78  0
16  18  -31  0
-53  45  33  0
-18  21  -56  0
6  -51  -1  0
-44  -40  -4  0
-56  50  -49  0
-4  -43  75  0
31  -35  51  0
-25  -57  75  0
45  77  -37  0
-11  -56  -59  0
-11  -2  -17  0
-60  -51  -78  0
-38  7  59  0
25  -18  62  0
39  -74  54  0
34  -71  50  0
-4  -7  38  0
-70  -2  56  0
-34  -47  64  0
79  -60  16  0
66  45  -80  0
-29  -16  -74  0
-66  -31  -21  0
-67  -55  60  0
69  44  18  0
-15  14  73  0
-25  47  -80  0
54  -41  -78  0
69  47  49  0
74  -28  -27  0
-26  76  49  0
-62  35  43  0
64  -4  47  0
-7  -3  -15  0
72  -5  -40  0
61  -30  -54  0
-45  -18  7  0
19  -5  -59  0
17  -21  3  0
52  19  -25  0
68  -53  22  0
28  -19  26  0
-59  -71  -37  0
-42  45  -30  0
40  71  5  0
-3  16  -75  0
-80  62  -20  0
-74  54  1  0
-46  69  1  0
-3  13  63  0
47  -3  -6  0
10  40  64  0
20  48  1  0
-80  44  -40  0
-35  10  14  0
27  -41  62  0
21  -60  -23  0
-35  20  -7  0
-24  66  -16  0
7  51  68  0
36  -38  43  0
38  -15  -73  0
-58  67  30  0
-20  -11  -3  0
-48  71  31  0
24  37  31  0
71  -73  -57  0
16  -50  29  0
42  34  -4  0
-74  -2  59  0
-28  -50  45  0
20  50  26  0
15  64  -43  0
51  -30  12  0
-47  -41  -3  0
-70  -74  -52  0
15  41  1  0
12  77  -63  0
-69  21  30  0
-5  -59  21  0
43  -66  -4  0
26  -80  28  0
-29  -63  70  0
-50  52  23  0
-54  -3  30  0
-4  -7  55  0
66  64  42  0
-45  -8  50  0
-62  40  -42  0
27  -48  -53  0
-47  -5  -44  0
16  -68  -59  0
-23  1  9  0
-24  -10  -7  0
-20  27  53  0
-28  -17  -8  0
7  -62  -21  0
-42  -28  -12  0
36  -6  13  0
-53  51  -28  0
-10  -3  -1  0
2  50  -62  0
46  -62  -7  0
60  -70  4  0
-25  -3  -30  0
4  11  -5  0
61  60  -75  0
18  79  -65  0
30  -4  -20  0
13  30  51  0
40  49  31  0
-20  -54  -47  0
21  -27  -73  0
-14  21  72  0
-3  41  70  0
-55  -66  -29  0
57  -61  -27  0
36  39  51  0
42  29  -70  0
29  10  42  0
-50  -55  21  0
-37  6  -1  0
53  -13  76  0
-27  56  28  0
-39  -1  -2  0
-48  42  11  0
-51  -78  62  0
37  70  -34  0
-31  -62  -57  0
68  -29  -74  0
28  26  42  0
-75  58  67  0
-66  52  53  0
61  -54  79  0
-34  63  3  0
-40  19  51  0
61  74  -42  0
-27  74  -34  0
-2  15  1  0
-22  -72  -18  0
4  73  -33  0
-5  43  -8  0
-62  -39  -42  0
-15  54  -43  0
19  -68  22  0
-69  -36  -6  0
77  -57  29  0
29  74  22  0
-51  -10  -42  0
-5  -22  24  0
-30  4  -34  0
-50  77  3  0
-62  28  -46  0
6  33  -75  0
-16  -44  43  0
-26  -75  -66  0
-69  60  7  0
38  68  23  0
60  62  10  0
62  17  69  0
29  -77  57  0
-52  -12  22  0
-13  -26  57  0
61  11  -38  0
-5  4  75  0
15  -56  26  0
-6  73  -28  0
14  15  -48  0
-29  7  38  0
-15  73  4  0
-43  -67  60  0
-11  71  51  0
75  -27  -5  0
-50  -63  3  0
-17  -79  28  0
7  -47  -21  0
48  -53  -26  0
60  -7  -57  0
3  32  12  0
17  -5  41  0
43  50  38  0
-23  -51  73  0
-35  -29  -79  0
80  72  -12  0
49  8  -1  0
-77  -21  -14  0
4  33  59  0
-58  5  -50  0
-17  79  73  0
12  -15  -27  0
-14  54  17  0
47  37  23  0
-54  -36  19  0
-10  3  -51  0
-20  -50  -51  0
47  -57  8  0
-10  5  70  0
-33  -74  -51  0
4  66  11  0
80  32  -3  0
-41  -9  12  0
-16  6  23  0
41  36  32  0
-51  -63  60  0
-65  -73  64  0
-65  39  -18  0
3  -19  65  0
-63  -19  -76  0
-60  44  -51  0
23  -77  3  0
-66  -24  -39  0
-11  21  32  0
-51  48  29  0
7  -63  15  0
-21  27  -54  0
-21  -60  67  0
65  -70  -19  0
-80  55  -70  0
11  -67  -29  0
79  28  17  0
56  25  -15  0
21  72  -16  0
42  78  -34  0
17  -30  26  0
-39  -42  63  0
50  -34  57  0
53  15  -32  0
51  -32  -6  0
-71  -44  29  0
50  46  65  0
61  -58  -52  0
-51  12  -57  0
60  -7  66  0
-6  39  -62  0
66  7  -34  0
28  60  57  0
-34  -39  -33  0
-48  -34  28  0
58  -36  12  0
-30  49  -73  0
-8  -11  5  0
36  37  61  0
25  -39  -37  0
-49  -7  -60  0
-52  14  -36  0
68  76  -10  0
80  -45  61  0
-53  29  -58  0
-72  -54  -53  0
40  17  60  0
-51  -7  27  0
-73  -13  39  0
-35  -32  -58  0
15  -48  50  0
26  -65  36  0
45  -69  34  0
-38  5  -36  0
49  18  45  0
46  -54  -19  0
50  47  35  0
71  -79  19  0
-60  -27  -3  0
-55  -58  -23  0
71  46  13  0
68  -26  -72  0
-13  -2  67  0
19  -67  4  0
-77  25  -69  0
78  -14  17  0
-50  -69  8  0
9  40  57  0
-21  69  3  0
18  8  -72  0
56  43  -32  0
-65  56  31  0
-69  26  10  0
68  55  47  0
22  70  -41  0
53  -37  -55  0
6  -66  -9  0
-42  34  -22  0
-66  2  -41  0
-49  -22  -30  0
2  15  -66  0
-10  67  47  0
-70  62  69  0
12  -54  -35  0
49  73  28  0
66  -22  36  0
51  54  35  0
69  60  -6  0
51  -38  -33  0
69  -43  -67  0
73  46  38  0
4  -57  -54  0
-51  -50  -45  0
-35  -37  -6  0
32  -43  27  0
75  59  -66  0
33  -5  50  0
72  -13  -1  0
-3  -23  24  0
-18  59  -28  0
17  -36  -67  0
4  74  78  0
-25  74  48  0
14  -50  80  0
-29  -11  -43  0
-3  30  33  0
-55  61  29  0
29  -72  -34  0
-51  -67  -61  0
-22  -78  -57  0
59  -27  7  0
52  45  62  0
-74  39  79  0
-61  73  -31  0
-67  50  -5  0
45  74  43  0
56  43  70  0
1  -10  46  0
57  -33  -15  0
72  -58  29  0
36  -18  70  0
-26  -21  67  0
-79  34  -10  0
-7  -21  14  0
-11  12  16  0
13  32  -24  0
