c mkcnf random cnf with seed 435520, max clause length 3
c FORCED SATISFIABLE
c 
p cnf 80  344
48  11  -54  0
51  -35  19  0
-17  -65  4  0
-21  30  59  0
-19  5  12  0
-61  -9  -62  0
24  41  43  0
-64  67  -27  0
48  -71  -13  0
-28  51  54  0
80  -24  47  0
-62  -24  28  0
-22  57  1  0
35  -30  -58  0
-3  -80  -24  0
76  -26  59  0
-74  -48  11  0
20  6  9  0
50  -56  69  0
75  -55  27  0
71  23  -43  0
11  -26  -72  0
-35  72  -4  0
-45  53  -6  0
58  2  73  0
-45  75  -30  0
28  68  48  0
52  -39  72  0
-22  26  10  0
-70  47  4  0
54  -5  -69  0
73  -15  -52  0
75  76  -3  0
17  23  20  0
-73  39  77  0
44  -18  -52  0
43  55  80  0
24  28  51  0
-18  25  -80  0
64  54  -62  0
-67  72  45  0
14  1  -59  0
-36  31  -11  0
-62  -77  -72  0
26  -44  20  0
7  -70  28  0
1  -60  39  0
-55  42  -18  0
16  -72  -37  0
34  21  -74  0
-73  70  24  0
69  43  14  0
-14  72  -25  0
-11  -65  -23  0
-30  -73  77  0
-66  6  -77  0
15  -67  -53  0
-49  -23  25  0
-28  35  12  0
-64  11  37  0
-24  5  -72  0
-45  -75  -70  0
24  -21  65  0
58  -73  46  0
-17  40  43  0
-53  -13  65  0
32  77  -42  0
41  39  2  0
44  79  62  0
-26  -37  69  0
-11  -73  -20  0
28  3  -29  0
-39  -59  -49  0
-35  -51  -11  0
44  -28  49  0
-79  65  69  0
66  -43  -1  0
-24  55  -40  0
-26  -23  16  0
-46  -78  -69  0
65  -28  55  0
-7  34  -28  0
28  -41  80  0
37  27  -42  0
-72  -75  -20  0
16  77  65  0
54  -67  21  0
2  26  43  0
30  78  45  0
-3  -32  59  0
-74  -24  -60  0
44  9  72  0
31  67  -1  0
1  43  -49  0
-2  -36  -45  0
49  73  64  0
32  26  31  0
-19  61  71  0
59  -4  -62  0
77  30  53  0
-25  -36  33  0
73  -25  -70  0
12  31  52  0
-70  -60  -10  0
39  51  61  0
-23  -62  -16  0
-43  34  55  0
-60  -19  38  0
64  -31  63  0
-20  -21  -6  0
-62  -74  -35  0
34  73  -37  0
45  -1  -7  0
-37  30  53  0
70  73  -19  0
-61  57  -73  0
-63  27  -2  0
-68  -30  9  0
-27  36  42  0
-25  -80  74  0
73  45  -49  0
-58  80  -11  0
31  -25  56  0
52  20  -5  0
43  -7  54  0
-47  -22  8  0
-42  30  13  0
-46  -54  -53  0
19  -74  79  0
-41  -2  26  0
6  -8  80  0
-1  78  -9  0
32  59  -25  0
26  4  15  0
-29  37  -68  0
-79  -71  45  0
-38  57  -49  0
37  27  48  0
-10  -39  -36  0
44  79  14  0
67  -53  69  0
79  -17  9  0
-6  43  -15  0
-37  -47  78  0
52  56  -57  0
5  -51  33  0
-78  23  70  0
-70  23  35  0
47  41  43  0
61  41  -9  0
-23  33  -39  0
-9  11  40  0
-44  34  -29  0
52  -33  -6  0
49  -8  18  0
69  70  -50  0
5  -39  -68  0
-41  58  -80  0
-32  65  -73  0
-41  40  -25  0
-26  -38  -25  0
-76  -16  -29  0
-34  73  78  0
-19  -58  -41  0
-59  67  -61  0
60  -17  -67  0
66  77  -18  0
-64  -14  -52  0
51  11  -55  0
-68  64  36  0
-12  36  47  0
-25  -44  48  0
-71  2  65  0
-25  -19  -74  0
72  -8  -12  0
-51  -43  -8  0
78  -69  32  0
3  -28  -64  0
69  -52  -45  0
34  -65  42  0
-30  39  62  0
50  46  -79  0
-73  24  78  0
2  -40  -4  0
-55  68  30  0
-69  74  21  0
-45  29  -32  0
15  -49  -26  0
-10  26  -73  0
12  -5  -22  0
55  27  -54  0
-72  -48  -74  0
54  17  -16  0
-20  -8  46  0
80  61  -22  0
-61  -19  58  0
39  73  -65  0
-44  47  -8  0
-40  -77  70  0
24  -11  45  0
-23  -55  32  0
24  -40  74  0
-73  -16  -80  0
-59  35  -27  0
73  -34  58  0
13  9  -57  0
28  -3  70  0
4  56  -74  0
67  21  -70  0
-32  73  40  0
-79  54  61  0
-72  -22  -70  0
72  -20  -17  0
36  79  24  0
-48  45  64  0
2  -17  28  0
41  -46  29  0
-53  -72  -63  0
70  63  79  0
-45  61  8  0
-48  58  -52  0
16  -58  -78  0
15  1  -20  0
65  72  35  0
41  -46  -30  0
-35  66  72  0
-35  14  -58  0
23  43  -59  0
-57  75  -30  0
-79  71  -56  0
-28  74  -19  0
-31  9  -66  0
20  -65  -39  0
28  -77  -14  0
13  22  -69  0
19  -36  -39  0
24  -30  54  0
29  17  45  0
-26  -77  -19  0
24  61  22  0
-58  -16  -53  0
-13  -6  -77  0
2  -57  21  0
-30  -68  -60  0
39  24  15  0
-11  75  -72  0
-57  68  62  0
45  -31  -3  0
-71  3  -59  0
-28  -79  -34  0
-11  29  -10  0
-25  36  61  0
38  -79  -34  0
-44  16  47  0
-56  13  -60  0
-80  72  -13  0
40  -20  27  0
19  -35  14  0
17  56  31  0
-57  -20  65  0
67  30  36  0
21  8  -80  0
-71  -20  15  0
78  64  -53  0
3  22  15  0
34  -24  39  0
6  73  -9  0
-76  -53  30  0
43  -53  -48  0
42  13  -11  0
-52  -34  75  0
-52  50  -6  0
-53  -71  -15  0
18  -64  57  0
18  -38  12  0
-51  21  -27  0
49  -51  58  0
22  73  29  0
-55  -71  66  0
73  -4  -28  0
-5  -51  -74  0
-49  -16  -8  0
1  -64  -6  0
73  8  39  0
-66  -23  76  0
-28  -13  48  0
-5  36  -63  0
6  25  3  0
46  -80  -27  0
-75  -67  12  0
-7  -66  80  0
-78  68  64  0
-18  -58  72  0
-63  50  52  0
-62  -33  -27  0
-69  -40  20  0
73  65  43  0
-8  -12  75  0
-61  72  44  0
-75  -29  16  0
-43  58  -42  0
17  32  -21  0
-34  -25  -12  0
25  24  67  0
-74  70  -20  0
-76  52  14  0
-4  -62  -27  0
-59  -32  -54  0
-39  4  -23  0
-28  51  55  0
20  63  72  0
-76  40  -67  0
23  -72  -28  0
42  23  49  0
-51  -30  64  0
35  -60  22  0
67  72  28  0
-12  -71  -45  0
69  -2  49  0
-41  25  -2  0
-28  17  79  0
-44  40  -48  0
37  -30  4  0
13  53  65  0
-4  80  59  0
63  -76  -13  0
-50  -71  -5  0
-66  44  -71  0
-2  37  54  0
35  -78  25  0
15  28  58  0
-75  -3  -68  0
17  -70  71  0
-59  -38  -32  0
75  74  1  0
20  68  72  0
17  4  -80  0
58  -20  -34  0
68  -38  -44  0
-37  21  -59  0
79  11  -63  0
17  -66  -25  0
48  45  -4  0
-79  -35  -52  0
